1520325815837380609 13490.197525
1520318968485056512 9303.5845
1520316961724510208 1295542.748794
1520315954722394114 338222.510913
1520314969937653760 49960.248765
1520314576742629376 233966.543006
1520066045611962370 94822.133224
1520049337212063745 27408.359937
1519647139550355457 156802.613163
1519453853967601664 110173.047649
1519447794788048896 26868.752036
1519405579004960768 17583.774705
1519361586829348867 21770.38773
1519340217773314054 17341.881508
1519261695369170944 138567.587543
1518984276603072513 25119.67815
1518953790287888387 16858.095114
1518953426834665472 53421.182199
1518945578822119424 49122.92616
1518941772617076737 16039.379678
1518679330196439041 21398.24435
1518663119899348996 18216.418451
1518570010356105216 23649.711799
1517877477951127552 292765.197046
1517511383922970624 23593.890292
1516852181172903941 41791.701574
1516809006291079174 19109.562563
1516693377659584512 24505.641573
1516498048326815748 15388.128763
1515979718444650497 31669.401638
1515082489844449281 24487.034404
1514629443561693186 21454.065857
1514583540448604170 19314.241422
1514279689593962496 27408.359937
1513773142266712068 21714.566223
1513770522953367558 23221.746912
1513603921637527558 27222.288247
1513447367500079106 26440.787149
1513290401406410755 23389.211433
1513118424188268546 73405.281705
1513066400264306691 626205.665526
1512435527852736515 24505.641573
1511021232803647492 53253.717678
1510342327130365958 31315.865427
1510124839981490177 1144582.786697
1509926684446928896 30143.61378
1509624281050882057 319894.449448
1509592415593766912 26868.752036
1509484521120579586 1091459.319202
1508083034574274564 48136.746203
1507917288971943944 147126.885283
1507689651959746561 496588.126272
1507479094308577281 29213.25533
1507327453101846528 41419.558194
1506716034530791440 28041.003683
1506650647629860871 21565.708871
1506638240706670593 18495.525986
1506319095255470088 53086.253157
1506310554566201349 15127.628397
1505951623633412106 22979.853715
1505687009179934727 37977.231929
1505582029257134082 21937.852251
1505257074338549760 26031.429431
1505197845049131013 26384.965642
1504744096249823235 946174.54365
1504267529702809608 36935.230465
1503880778836549643 23277.568419
1503215817516851201 33232.403834
1502850575045517313 25138.285319
1502534301090426880 30850.686202
1502342440354676736 284224.506475
1502306058420715520 175577.246684
1501636404950233088 21770.38773
1501627657842085888 24896.392122
1501627290337230849 8726.762261
1501621949235019776 24654.498925
1501578463286726656 32302.045384
1501291682767130625 18793.24069
1500950014646013952 20393.457224
1500936292242186242 24468.427235
1500873063570690048 102748.787218
1500745765844623364 24133.498193
1500167645173358596 22570.495997
1500153682603622401 24617.284587
1500141903244771331 25380.178516
1499975410179784705 25249.928333
1499814962125946881 13787.912229
1499814769854857216 170590.525392
1499785487313113093 39726.305815
1499441241448140807 16597.594748
1499426887164215300 20077.135351
1498470416192622592 20802.814942
1498442992004255756 22775.174856
1498436456682950660 24375.39139
1498142594290917379 27464.181444
1497764054965891076 37456.231197
1497750031125794820 198538.49323
1497738940916371462 19537.52745
1497661330123337732 19984.099506
1497303779787649027 19277.027084
1497249491342086147 21919.245082
1497128322861436928 20672.564759
1497127953808822272 10922.408203
1497124914821619718 15146.235566
1497124720071766017 25994.215093
1497085769453903873 20058.528182
1497071829688762368 18774.633521
1497027434863947780 597904.161477
1497026165005029380 17769.846395
1496983949519859714 22737.960518
1496949028944289794 17416.310184
1496928789884030985 22123.923941
1496213252166066193 23296.175588
1495771081277386755 21007.493801
1495770513117007872 23910.212165
1495750477790826496 31055.365061
1495647300500262912 26757.109022
1495507136247484418 17732.632057
1495507017305411586 14067.019764
1495506599733084166 84885.904978
1495443707230920707 30534.364329
1495439437861433352 39261.12659
1494724201932066822 20635.350421
1494719550352416773 17788.453564
1494060564766617602 23091.496729
1494019373190692865 40712.485772
1494013711828361222 17434.917353
1493976264260001793 152857.893335
1493975056795504648 18997.919549
1493817060647784448 31464.722779
1493764649598078982 30069.185104
1493733014186119169 16913.916621
1493701397526851585 21602.923209
1493678856942718977 17490.73886
1493430110258610183 23724.140475
1493429090195496962 24077.676686
1493336993593442306 20300.421379
1493308652643573764 37753.945901
1493058432882016258 37921.410422
1493056124999766017 17918.703747
1493054454064553986 149322.531225
1493035511807574017 126621.785045
1493024547779465217 24635.891756
1493018527808114689 23072.88956
1493010843465703426 16020.772509
1493005079829352449 173530.458094
1492580245832183808 19500.313112
1492567931129008131 25398.785685
1492529436159209472 106116.684807
1492502972932100102 47783.209992
1492381212739964928 89184.161017
1492334568161959942 24468.427235
1492230064922103808 16057.986847
1491983450684882946 18849.062197
1491983270128480262 14271.698623
1491983153216450563 15778.879312
1491411714046414851 24468.427235
1491223730441187329 22179.745448
1490851690140028928 70614.206355
1490809946002313220 20821.422111
1490732994704785412 23891.604996
1490203895553052672 57124.00883
1490176991408144391 26980.39505
1490172928469585923 20393.457224
1490053044729376768 364495.833541
1490049623259373568 19053.741056
1489833916034957312 34572.120002
1489441172590190596 18737.419183
1489075164591632385 38963.411886
1488995513626152963 17006.952466
1488564740012060672 23203.139743
1488341158443069442 21193.565491
1488266841315233797 23724.140475
1488004361041100801 28822.504781
1487900505271459851 29231.862499
1487863387430309890 28096.82519
1487522648418623489 67023.022738
1487470899041386502 20225.992703
1487234911018889216 33437.082693
1487100919875391493 117541.486573
1486774856582639616 30273.863963
1486743007001026560 28431.754232
1486473420917424131 22086.709603
1486149321925939200 21230.779829
1485801902730264579 21379.637181
1485800658884124674 25789.536234
1485666428489449478 22142.53111
1485503007882108929 25584.857375
1485480341406113795 32264.831046
1485462202177839104 100236.819403
1484466807226310660 22961.246546
1483930922374234115 22719.353349
1483926755610144769 32022.937849
1483904318646460421 19425.884436
1483853478086778884 21212.17266
1483497042710130689 21156.351153
1482922533200572419 41847.523081
1482106919020019714 25045.249474
1482086843931836421 26366.358473
1481704817806483456 23240.354081
1481685983666094082 18904.883704
1481672837198921735 19742.206309
1481035641517453312 25640.678882
1481003991810990080 52639.681101
1480744520102957060 29157.433823
1479603101162221568 59691.798152
1479212096013352962 53849.147086
1479178485621051398 22663.531842
1479115608750915588 41456.772532
1478420363805704195 53477.003706
1478138940129349632 49476.462371
1477853230461710338 57030.972985
1477763358497681408 30292.471132
1476037848381984770 33344.046848
1475973537672445956 23724.140475
1475943016611422215 36228.158043
1475917792146857984 25677.89322
1475877919545348098 16374.30872
1475622656204541963 25082.463812
1475606538408529920 19909.67083
1475467207765155845 100813.641642
1475466664846131200 14234.484285
1475466516220952576 17490.73886
1475465783891296256 21454.065857
1475465463203196933 13508.804694
1475465250002505728 13322.733004
1475465127285510147 20840.02928
1475236680168660992 46834.244373
1475155481341698050 22421.638645
1474821512620347405 49588.105385
1474551724379553792 25789.536234
1474511789111255040 19611.956126
1474459662435164160 23054.282391
1473875669343891457 52956.002974
1473861201427894273 14420.555975
1473849837124734978 18700.204845
1473849635986980869 23407.818602
1473849490134208514 12578.446244
1473849343987826693 11313.158752
1473849197820616705 10047.87126
1473849094573600769 11443.408935
1473424799716290564 32097.366525
1473404506906013701 15834.700819
1473378947274625030 35669.942973
1473377124044222466 12522.624737
1472419455296757761 27687.467472
1472419367212179464 17360.488677
1472418665761058821 18569.954662
1472395009739698178 25696.500389
1471497393807843334 47318.030767
1471497159811813388 16151.022692
1470508821265190923 29566.791541
1470305672424083457 46276.029303
1470059139191562242 21454.065857
1470034707270098947 37028.26631
1470034524960542721 25212.713995
1469772702919528451 55840.114169
1469754398431612929 25584.857375
1469751995623874561 21267.994167
1469751887863844864 13434.376018
1469751630723571712 403310.388075
1469581729593765888 22105.316772
1469384296653901825 32525.331412
1468890765833113603 49532.283878
1468656220412256262 27966.575007
1468592925084901376 20933.065125
1468573060412280833 166645.805564
1468418624541102080 73889.068099
1468395031698444292 148299.13693
1468378214280019972 23798.569151
1468339651035471879 16913.916621
1468274236745666566 58556.760843
1468105144931737605 44415.312403
1467922772106129411 25677.89322
1467894490174214144 17379.095846
1467738295908155397 24728.927601
1467671839639887884 28692.254598
1467671710975479808 19090.955394
1467364747268038658 37121.302155
1467364671418077185 31129.793737
1466903653499867136 113950.302956
1466797971429724167 17825.667902
1466797846661775363 18793.24069
1466788344629653505 19481.705943
1466788190166024195 14122.841271
1466788049040203778 14234.484285
1466580520112848902 27240.895416
1466563871766982665 16206.844199
1466562553312690179 13397.16168
1466527866447745025 16895.309452
1466481083432665092 69553.597722
1465873033676083205 76252.178562
1465818388010348549 23538.068785
1465551200003125252 48732.175611
1465549287501320192 18923.490873
1465403609168760840 141470.305907
1465376570768564227 20170.171196
1465363617751224322 21695.959054
1465349838925668355 28282.89688
1465152541382041600 93445.202718
1465120343123640321 41233.486504
1464811962894848002 98059.78063
1464726234844131328 37586.48138
1464696492468449287 35521.085621
1464656281529057283 22682.139011
1464656132668940298 31092.579399
1464655986052853766 19351.45576
1464655873884581888 11871.373822
1464620694172438532 55430.756451
1464620301359075332 15592.807622
1464620110845415430 286048.009037
1464427496892362756 66911.379724
1464427306978406400 13527.411863
1464427022034214917 20058.528182
1464426918514606085 11908.58816
1464375024173805569 21342.422843
1464354032911204357 18569.954662
1464353920113803264 14197.269947
1464351874740412416 15574.200453
1464351749725032453 9936.228246
1464351657555234816 34776.798861
1464331570311942146 329607.391666
1464303867701731335 22961.246546
1464278175580516356 20505.100238
1464276316908261376 248666.206516
1464253113703927814 21695.959054
1464252780722360320 14736.877848
1464251431943163905 26831.537698
1464251357045538816 10606.08633
1464251229345697799 12187.695695
1464117119180689412 19816.634985
1464116484146270208 20319.028548
1464115900273991680 17248.845663
1464005794060513282 20263.207041
1463984458516742152 18402.490141
1463984390652903455 21212.17266
1463928795908513801 45922.493092
1463904514293964807 19128.169732
1463904418215051268 19016.526718
1463896266895769602 17658.203381
1463887529979965454 16485.951734
1463886752683229197 11592.266287
1463886658512687109 9917.621077
1463886543152562179 8410.440388
1463886485082415108 8187.15436
1463886415813496833 11648.087794
1463880184797405186 198017.492498
1463760248326418434 12894.768117
1463743449950130178 24021.855179
1463743358367535109 25789.536234
1463730594169307140 14550.806158
1463729059364364289 12262.124371
1463694438354591748 17751.239226
1463678151893135363 50109.106117
1463654019952300035 12578.446244
1463653877161492493 9080.298472
1463653740934623234 10550.264823
1463653511934070786 10643.300668
1463645822634106888 50202.141962
1463588499949383686 11722.51647
1463588339307614209 8149.940022
1463588145442680837 9378.013176
1463588017356951553 10606.08633
1463587909299175427 8391.833219
1463587795272753153 9545.477697
1463564588864000000 13378.554511
1463559533851144194 12764.517934
1463559387008540678 14662.449172
1463559219978792962 11313.158752
1463559141075554307 8577.904909
1463558800275767302 11052.658386
1463529657408442370 15611.414791
1463529573098745858 67339.344611
1463529408451338244 9601.299204
1463510518782562308 18141.989775
1463509848817950727 152746.250321
1463499698791063552 14271.698623
1463499399435223042 10717.729344
1463499275933868035 18923.490873
1463498927173369862 11164.3014
1463495869773139974 11815.552315
1463495178371538944 18011.739592
1463422265777790980 248387.098981
1463306355217944577 32283.438215
1463299682126364672 13769.30506
1463245841435545600 23128.711067
1463212584191279105 17602.381874
1463159561557270535 21919.245082
1463140432460726276 23482.247278
1462791374647046150 25975.607924
1462769020910940169 28729.468936
1462537120048984072 35037.299227
1462481860156665861 41047.414814
1462216012426878976 36302.586719
1462194713927188484 40470.592575
1462180863995695105 15871.915157
1461782998735593481 22812.389194
1461753904073428994 29138.826654
1461694715594776581 19537.52745
1461693670772682754 20021.313844
1461431268571332619 24877.784953
1461371619226669059 19277.027084
1461158500545953796 16727.844931
1461027139839475718 17509.346029
1460732899033075716 15816.09365
1460723978314694663 29976.149259
1460677242531594242 22756.567687
1460609202754244608 81127.25684
1460360978349109248 20840.02928
1460271400053260295 22309.995631
1460262995657854978 212959.049205
1460095784792117254 31427.508441
1460029841546297352 25529.035868
1459999933755502603 29194.648161
1459656191056007170 43298.882263
1459634189427425293 19928.277999
1459622101246111746 71209.635763
1459608432252579840 43391.918108
1458114492047532040 29101.612316
1458050826270879748 30329.68547
1457758626572013572 20746.993435
1457744474587664385 28357.325556
1457545099638939648 28543.397246
1457503582509416453 34069.726439
1457135239898279938 33883.654749
1456678051069059072 27371.145599
1456371347983044611 35911.83617
1456343161056501768 30646.007343
1456307933268955140 31408.901272
1456032321933565952 30720.436019
1455964044259729409 49160.140498
1455890536024494081 31073.97223
1455222539718995975 24468.427235
1455196335548870659 22868.210701
1455072459061878784 30069.185104
1455048613009055745 36544.479916
1454982491677159432 173456.029418
1454852449789952010 25901.179248
1454656560777551877 39056.447731
1454221852608401412 26943.180712
1454118577586507781 66464.807668
1454117758036320267 188192.907266
1454113153789440007 27724.68181
1453849252124413953 26329.144135
1453768246948208640 37046.873479
1453495653959491584 346298.022259
1453495103637622784 25194.106826
1452685364213157888 31594.972962
1452620447800037383 28115.432359
1451653588208467970 41921.951757
1451646250625998849 23426.425771
1451328621684084737 46834.244373
1450580523865153537 34590.727171
1450247287108739074 32711.403102
1450155265819557908 47038.923232
1449799037453049857 30292.471132
1449772716735750145 24803.356277
1449624673294106626 30776.257526
1449566864087023616 25119.67815
1449484178320343040 24821.963446
1449477067016482820 22328.6028
1448769363801096213 81294.721361
1448768500814598144 16374.30872
1447720195422818314 35167.54941
1447560128077746184 38833.161703
1446535122405060610 31594.972962
1445829700702457862 30590.185836
1445512266925834242 23798.569151
1443691591202336810 32395.081229
1443399239237734405 99083.174925
1442954763302158343 42498.773996
1442643500630167560 33083.546482
1442625187896307717 23817.17632
1441555296141332480 32525.331412
1440807132190838786 31073.97223
1440704874274967562 45196.813501
1440682569758953477 60752.406785
1440486826796482567 25249.928333
1440448679953920005 24021.855179
1440063241598615552 32395.081229
1439672231211290627 38554.054168
1439618288451993603 27222.288247
1439473151499325448 37102.694986
1439392813767135232 36451.444071
1439269031253524482 29864.506245
1439075600275161089 35223.370917
1438916554083667972 28227.075373
1438851054049714182 146215.134002
1438850681612300289 45885.278754
1438559529348870150 35037.299227
1438333379468947456 37288.766676
1437811953586642952 27650.253134
1437764100763779075 150643.640224
1437763466303967240 150978.569266
1437762845844787204 108368.152256
1437178171531698176 31111.186568
1436764274811019268 37679.517225
1436710278046130177 51318.572102
1436494683786645524 37121.302155
1436366421920034821 25380.178516
1436106883912421381 30646.007343
1436080332634304513 27259.502585
1435457422441734146 38088.874943
1435420284568227841 40805.521617
1435383702964641796 35409.442607
1435309434167775239 25231.321164
1435013647177158658 70949.135397
1434956823203876864 34832.620368
1434683047425679363 38628.482844
1434617574239600642 41326.522349
1434604810947399680 27929.360669
1434582020290711556 43094.203404
1434271175866265603 49495.06954
1433973826019368960 34237.19096
1433901984357179393 30459.935653
1433787998857056291 48601.925428
1433516698712297479 45866.671585
1433183719372861441 25175.499657
1432918352528175107 36470.05124
1432893111513100289 23519.461616
1432517618930536455 59431.297786
1432452198978445321 32618.367257
1432433195937681415 19444.491605
1432378953180712964 37828.374577
1432327141799124997 28245.682542
1431668675837321225 320089.375416
1431398030771556352 32687.926248
1431366344885223425 49940.917968
1431364239713660928 106857.23904
1431072035015315457 29441.395548
1431006263186534407 32242.687752
1430919658882883596 32001.5169
1430664147398766596 30276.217728
1430544293647749122 34413.22542
1429547315640012805 46879.903308
1429173857710067713 69011.96688
1429153975811682309 29849.530836
1429085201360211972 26027.900412
1429085064424472582 24469.565676
1428902366024278020 42557.379576
1428811205624348672 28829.192616
1428727195967631362 216942.457176
1428701244973981702 31463.520384
1428459484570169348 32966.200308
1428171355481165829 56155.705308
1427816706739564547 37826.720556
1427780982204112896 49792.505136
1427777840972451841 28012.92204
1427637577683808268 32854.890684
1427634405519069188 30888.42066
1427374209055920128 22688.611692
1426962722969763845 39997.258224
1426580432762523649 927394.68396
1426333637016920073 40999.04484
1426311309512089602 25693.97154
1426300558957187074 356784.448128
1426271151999778817 23783.156328
1426200914612916227 33893.780508
1426011172084592642 33040.406724
1425914905010466819 127468.071084
1425858518804885508 298161.379488
