1520925266528321537 14833.9682945
1520915287364845569 3102.779682
1520905162340114439 6291.7476885
1520903705750609920 8053.8201005
1520897640606613505 29131.653681
1520887803726417933 4826.546172
1520878231519477761 11032.105536
1520868580786679809 9873.3513955
1520858859639869441 11788.6474955
1520850561771487238 1714.1900095
1520849556187066368 1723.76649
1520849312204443649 1465.2015165
1520849305917079556 8072.9730615
1520842972706873345 3236.850409
1520840320275079168 2786.7558255
1520840318869925889 2489.88493
1520840317381009408 6023.6062345
1520836279516205056 10514.975589
1520831169738256385 10696.9287185
1520829427764060165 6962.1013235
1520825664336707585 4251.957342
1520819862045659139 6454.547857
1520819853652860929 8130.4319445
1520813991634821122 51042.641065
1520807491159965697 3409.227058
1520800951606685696 31937.5624675
1520793474253135874 2978.2854355
1520786316790743044 6933.371882
1520780355179065346 7460.0783095
1520777090576048128 58282.460323
1520773800526286852 6837.607077
1520768293665185795 28317.6528385
1520760850172329987 3840.1686805
1520754444425732096 47834.5200975
1520747583135703041 10179.7987715
1520737813385383938 4730.781367
1520733029886566400 2748.4499035
1520724223626461184 5726.735339
1520721268210913281 35136.1069545
1520711365291356162 10055.304525
1520702446045122562 5209.605392
1520693015882440705 3610.3331485
1520689553438298112 2834.638228
1520681688539537408 3715.674434
1520676666368012288 5209.605392
1520659310665207808 3390.074097
1520654394555052033 39627.476309
1520649403756859393 49644.474912
1520640377656651776 5324.523158
1520630612813656065 3935.9334855
1520614004728684544 2690.9910205
1520613505094885377 5602.2410925
1520608472676638721 62065.1701205
1520600404236582914 7632.4549585
1520591706453913601 25310.6379615
1520582902328737792 2145.131632
1520573023744577536 8925.279826
1520563763124092928 16270.4403695
1520553645523320835 2652.6850985
1520538882898640897 32866.481076
1520531086803193858 21077.8335805
1520529127572447232 41676.843136
1520518952669134848 5506.4762875
1520508883848114176 55486.128017
1520499567552303105 2193.0140345
1520496435787186178 19277.4552465
1520489831977132038 14460.485555
1520480018849312768 22724.9882265
1520469563736997889 1857.837217
1520468114336530433 3026.167838
1520458790482632706 2528.190852
1520447975394357249 13273.001973
1520441212024635393 2892.097111
1520440370940809216 40594.7008395
1520433551711346689 8245.3497105
1520432814142935045 3543.297785
1520425271098286082 13177.237168
1520417757778653185 41083.101345
1520417730943401987 56156.481652
1520415732433145856 569187.694998
1520410168227418115 38037.780546
1520404931085316097 2384.5436445
1520395316247285762 8925.279826
1520387565781762049 6004.4532735
1520382228152430592 4395.6045495
1520379969876156416 25827.7679085
1520372463795851265 4635.016562
1520367119745138689 32004.597831
1520364894318698497 3782.7097975
1520358312985964545 3083.626721
1520342294620213248 3935.9334855
1520331513035960320 5085.1111455
1520321858171588609 2892.097111
1520311798573973504 4558.404718
1520302303701614592 7689.9138415
1520291963513233408 9528.5980975
1520282048367321088 26708.8041145
1520271617372434434 8063.396581
1520261758857920512 4031.6982905
1520251646957207554 2355.814203
1520239030377529345 4797.8167305
1520234507256934400 3715.674434
1520229225336389632 10333.0224595
1520220805564702720 3188.9680065
1520210359675764736 4778.6637695
1520205226413801478 14355.1442695
1520197187648507906 6377.936013
1520189202528444422 19200.8434025
1520181348551610368 10495.822628
1520173492553101312 842.730284
1520165824820043777 16845.0291995
1520158429582696450 909.7656475
1520151354055999488 1543575.432912
1520144403347779587 2365.3906835
1520136728346042369 2748.4499035
1520129348270964738 22945.247278
1520122908814811136 3773.133317
1520120390256898049 2844.2147085
1520115403015479298 8695.444294
1520114288861630466 6492.853779
1520108071950897165 7929.325854
1520103237474566147 11549.235483
1520097670941102082 14096.579296
1520095189167230978 15255.3334365
1520094608658735105 169187.6809935
1520092289795858433 2528.190852
1520086721123205120 19785.008713
1520081286303469568 14757.3564505
1520076221555646464 3380.4976165
1520071361577857024 14690.321087
1520071342560788481 2260.049398
1520070210484674562 1848.2607365
1520066842706030594 3323.0387335
1520062475714105347 3045.320799
1520062205282111488 4414.7575105
1520062067104960513 7287.7016605
1520061409324847104 10170.222291
1520058690216378369 8791.209099
1520056353640824836 6195.9828835
1520051119526924288 9346.644968
1520046746516209664 4702.0519255
1520042459132219392 16548.158304
1520038202828111872 78287.7280875
1520034858801799168 17343.0061855
1520031220662427650 8216.620269
1520027372191461380 5678.8529365
1520027134898622465 1637.5781655
1520027134290542593 1110.871738
1520025143195705349 7373.889985
1520025002120200193 1628.001685
1520020242159878146 7105.748531
1520019177578414081 73154.7345395
1520019080929067013 6933.371882
1520018207691657217 5247.911314
1520017915591933953 10352.1754205
1520016141317509120 4194.498459
1520012321095102464 35040.3421495
1520008423148068866 5851.2295855
1520004734073155585 1244.942465
1520002483304767488 22188.7053185
1519998712772280320 25061.6494685
1519994972564602884 4922.310977
1519992667953934337 1522.6603995
1519991147715776512 23941.20125
1519988374131650560 16777.993836
1519987430480355329 3131.5091235
1519986370466521093 8207.0437885
1519979914056933376 14766.932931
1519977568383946758 2978.2854355
1519972515455684609 18597.525131
1519971770366840833 8274.079152
1519964753845760006 3054.8972795
1519960198890336257 4998.922821
1519956271352496128 2815.485267
1519947431147884544 1541.8133605
1519938793293467648 2566.496774
1519938315969048576 4912.7344965
1519935790394265601 9595.633461
1519931248273203200 1723.76649
1519926967658766337 2068.519788
1519912542629515266 2968.708955
1519904064401813504 7804.8316075
1519894837729931264 3083.626721
1519886138298843137 2949.555994
1519876401494700033 7747.3727245
1519869088545263618 2939.9795135
1519867074398543877 6559.8891425
1519861280907141121 2537.7673325
1519851719554912267 28901.818149
1519851224673226754 17754.794847
1519850984654131203 26431.08618
1519848201284632578 6081.0651175
1519841179554271233 6330.0536105
1519836404485955584 45268.0233235
1519834343006515201 1541.8133605
1519831597318615042 995.953972
1519830587737001986 5247.911314
1519829914635182080 13435.8021415
1519825047581597699 1072.565816
1519823547509661698 1110.871738
1519820503602679813 1388.5896725
1519815792476491776 39368.9113355
1519810956464996352 20646.891958
1519806103210668034 164504.782029
1519800591836459009 2872.94415
1519795518297280512 3179.391526
1519790240868798464 1762.072412
1519785358459867136 5602.2410925
1519784729188474880 17304.7002635
1519784267546611714 9442.409773
1519784265701023744 57621.6831685
1519779308721553410 4146.6160565
1519773743454867456 28739.0179805
1519769325686730754 8015.5141785
1519764882807300097 4970.1933795
1519760565907902466 3476.2624215
1519756528638640129 16078.9107595
1519755364945776641 7096.1720505
1519750821122084866 32291.892246
1519746202924953603 2690.9910205
1519741650989424641 5650.123495
1519737145778446348 2212.1669955
1519733960359747585 2892.097111
1519729674791833603 7919.7493735
1519725359968792576 2949.555994
1519722941411434499 8829.515021
1519722230007095296 23960.354211
1519718243665076225 21077.8335805
1519714440446414849 14230.650023
1519710562955022339 19028.4667535
1519706617574567944 1091.718777
1519702707371716608 19047.6197145
1519699006548496385 16347.0522135
1519695043069714433 2509.037891
1519692802698973186 1493.930958
1519691081784471552 22610.0704605
1519687316045975552 3533.7213045
1519683680754618370 6971.677804
1519679488694624257 2796.332306
1519676215224946689 6176.8299225
1519672845391081475 18252.771833
1519669038322003970 3313.462253
1519667158032297984 22485.576214
1519662784488878080 2566.496774
1519660714004262914 6789.7246745
1519657714531680258 4280.6867835
1519656464503222273 6444.9713765
1519655215791759360 6847.1835575
1519651403416973312 3974.2394075
1519651172294012929 2499.4614105
1519647691499786241 7565.419595
1519643860011556864 24142.3073405
1519640138392997898 8456.0322815
1519640091487965184 5496.899807
1519636820786569218 4548.8282375
1519636820782428162 7268.5486995
1519635665549467648 12612.2248185
1519633289174212609 12976.1310775
1519632603002851330 121420.1962595
1519627763677900801 4711.628406
1519626019241615361 5353.2525995
1519625008405962753 3945.509966
1519624475863662594 4251.957342
1519617474056101890 13952.9320885
1519612651151757312 5209.605392
1519602009812480001 9394.5273705
1519593368061419524 4290.263264
1519584271052288000 2212.1669955
1519574879250657283 10151.06933
1519565630541901824 2710.1439815
1519556962316439553 3485.838902
1519548202516729857 6473.700818
1519539408176918530 10543.7050305
1519529947534139393 4204.0749395
1519521293682581504 30702.196483
1519511620036268033 5113.840587
1519502681777352705 4998.922821
1519502429523435522 70013.6489355
1519502000290938889 3045.320799
1519491858363305986 6128.94752
1519485259737444357 12401.5422475
1519475481615159303 6856.760038
1519470007176110080 18951.8549095
1519464438260248576 8705.0207745
1519459849247105025 4232.804381
1519455191803826176 3639.06259
1519450413690408960 9021.044631
1519445836542980096 31803.4917405
1519441156651819010 7431.348868
1519436886212845569 74926.383432
1519435889226694656 55265.8689655
1519435282751307778 44176.3045465
1519432488287887369 415743.7479465
1519429115916468230 5678.8529365
1519424456686555136 10582.0109525
1519419814493708291 10878.881848
1519415189753507843 6138.5240005
1519410689974145042 8216.620269
1519406305882087424 5305.370197
1519402126325301250 1886.5666585
1519397800563429377 3763.5568365
1519393738963009537 2805.9087865
1519389499494735873 8992.3151895
1519385352351408128 3045.320799
1519380790630567936 5018.075782
1519379259072159744 4769.087289
1519376213957087238 5621.3940535
1519371561416994823 6808.8776355
1519367658273181698 4989.3463405
1519364924711047175 4232.804381
1519363782753112066 9126.3859165
1519361362132099073 15197.8745535
1519359886060097541 5171.29947
1519356094333734912 109200.6071415
1519352397080023041 4826.546172
1519347706182963200 6263.018247
1519344023248457728 11223.635146
1519340469628637189 25301.061481
1519335910323728385 2748.4499035
1519331706351898624 5334.0996385
1519330996688199680 2470.731969
1519330373523623937 1829.1077755
1519327693459927042 4290.263264
1519323463663632385 33393.1875035
1519319669148114944 24046.5425355
1519316662788501506 8580.526528
1519315335974899715 35404.2484085
1519311293513191424 6780.148194
1519309608774516736 4108.3101345
1519309502511820801 2499.4614105
1519308636111126536 18386.84256
1519307181425889281 15571.357293
1519303105262854144 8752.903177
1519299363071266816 187325.5350605
1519295758792601602 2097.2492295
1519292322638401541 11961.0241445
1519290917781446662 6167.253442
1519289274163683329 7852.71401
1519288257200238592 7057.8661285
1519286107992727553 2614.3791765
1519282991394086912 11616.2708465
1519281487945863172 5688.429417
1519280214190309376 4702.0519255
1519279877081505793 30003.1134065
1519275186792632323 9586.0569805
1519270204261421058 33603.8700745
1519269892238807042 8254.926191
1519268141477642242 5870.3825465
1519264100253147137 18310.230716
1519262637317664769 2758.026384
1519255110609743872 2011.060905
1519254539790135302 12535.6129745
1519251769242656769 91646.918385
1519250780229931008 1752.4959315
1519249505773883392 1264.095426
1519240958981910531 3399.6505775
1519240384550907905 2767.6028645
1519239962104942597 5946.9943905
1519225736242073601 14929.7330995
1519219754363506688 2039.7903465
1519210500139241472 7009.983726
1519203719740637184 3418.8035385
1519197306851110913 11817.376937
1519188943354400768 3878.4746025
1519179400998236160 1924.8725805
1519170052637048834 16471.54646
1519161426434265093 8724.1737355
1519159213683097600 2518.6143715
1519150023719665665 5688.429417
1519140849292132352 12382.3892865
1519132231645777922 10227.681174
1519127952386109441 28384.688202
1519122936837382145 2662.261579
1519115543973928960 5774.6177415
1519109994347745287 8992.3151895
1519105238573199361 2509.037891
1519100605050073088 3275.156331
1519095829889536000 2547.343813
1519090364665282561 3974.2394075
1519086116711841799 11539.6590025
1519081863071076352 107534.2995345
1519077374528311296 2815.485267
1519072745174282242 5439.440924
1519068129770590208 3782.7097975
1519063494590611457 49433.792341
1519058858928398337 1216.2130235
1519054099848777728 15676.6985785
1519049413666254849 28806.053344
1519048479397535744 2020.6373855
1519046026472087552 8456.0322815
1519043908872937485 3150.6620845
1519043905957908482 8417.7263595
1519041448850694145 3217.697448
1519037009397964800 4654.169523
1519032489037254656 11099.1408995
1519027828301385729 3907.204044
1519023565223481345 9461.562734
1519020335626080256 6148.100481
1519017227160375296 20014.844245
1519016204534521859 2614.3791765
1519014101757927432 3370.921136
1519013666468814850 8235.77323
1519009843906027520 6598.1950645
1519006778146623489 6339.630091
1519002563265413120 11683.30621
1518999193192439809 1302.401348
1518997436315971584 30290.4078215
1518992769695592450 8580.526528
1518992037676298241 3600.756668
1518991857841283072 2240.896437
1518991112555442180 6253.4417665
1518989140750180354 5018.075782
1518985885680816134 1685.460568
1518985297240940545 2173.8610735
1518981487911215104 7134.4779725
1518977032251711488 5439.440924
1518973637348450304 5889.5355075
1518969302879293441 9672.245305
1518968546306535425 17410.041549
1518968077068775429 1953.602022
1518966158149525507 5870.3825465
1518963090234265601 8925.279826
1518959137673129984 11501.3530805
1518958102841896961 4453.0634325
1518958067634872320 15207.451034
1518955580764954624 9480.715695
1518951798681264130 40364.8653075
1518948421037694977 15935.263552
1518941455460581378 5410.7114825
1518937065345499137 29323.183291
1518933083373936642 2422.8495665
1518930305884868609 3361.3446555
1518929598951612422 12171.7067155
1518929302229770242 4328.569186
1518925875512815617 7038.7131675
1518925396556853249 14613.709243
1518924612301733889 6837.607077
1518923117137211394 21920.5638645
1518922917685473280 43103.7387305
1518921348755918848 3658.215551
1518918329620176896 4836.1226525
1518915347532951552 5152.146509
1518912558165630980 7421.7723875
1518911774891909122 10888.4583285
1518911025973714945 55859.6107565
1518907807139086336 14958.462541
1518900254422315009 18540.066248
1518900216551854080 16289.5933305
1518899210367770626 6799.301155
1518895434676244482 6243.865286
1518894670465671168 5956.570871
1518894431499395072 6837.607077
1518892717841035264 2461.1554885
1518886860134748160 12152.5537545
1518886858222194688 10457.516706
1518885125446119426 2949.555994
1518883343948996608 5554.35869
1518878426874191872 17898.4420545
1518877574373556224 3926.357005
1518867240619237376 3428.380019
1518858427954565120 4079.580693
1518854387367661569 1838.684256
1518845605686259714 3188.9680065
1518843242023895041 22159.975877
1518834032183816193 5372.4055605
1518833754495721472 8331.538035
1518824862843912192 12918.6721945
1518816180575911938 23625.1773935
1518806752300572672 2327.0847615
1518797959592386561 3792.286278
1518789220432756736 8216.620269
1518788008601964544 2939.9795135
1518782926175055875 3734.827395
1518780922866376704 3399.6505775
1518779929919381510 4682.8989645
1518779154795319298 5257.4877945
1518773879153602560 7268.5486995
1518771123051188226 4462.639913
1518765309297057794 63942.1602985
1518765309259403275 12114.2478325
1518765081118617602 9681.8217855
1518762548065153024 6454.547857
1518762548018958336 6081.0651175
1518756620989259784 39474.252621
1518753439668441089 14201.9205815
1518750462547304449 1800.378334
1518748380268269568 5104.2641065
1518743432696586241 13483.684544
1518742352793419778 2815.485267
1518736636351332353 7823.9845685
1518734764550860805 8647.5618915
1518731211136450562 9164.6918385
1518731172737691648 8369.843957
1518725564005335048 21901.4109035
1518720291643568129 3160.238565
1518717166622855169 4108.3101345
1518717164815069186 38660.2517785
1518716393436422155 19650.937986
1518710556055715840 4290.263264
1518704772257304577 3150.6620845
1518703907295404033 13751.825998
1518703466885099521 16921.6410435
1518699331573977097 31717.303416
1518693910104748306 6330.0536105
1518688620965732354 3677.368512
1518683340622241792 4711.628406
1518677827951935489 3782.7097975
1518672583566233609 3744.4038755
1518667258721099780 9451.9862535
1518666147457126401 44760.469857
1518662292086403073 8159.161386
1518661244613496835 5774.6177415
1518660182020083714 12660.107221
1518656351211245578 4357.2986275
1518650490027974656 5535.205729
1518645393822818304 5257.4877945
1518641311187980288 295415.270464
1518640270954401792 25080.8024295
1518638852830863362 16375.781655
1518634431292051463 4223.2279005
1518629168266764289 29102.9242395
1518627902417481730 14422.179633
1518624980220760065 4376.4515885
1518620811405541380 2212.1669955
1518620270268928003 3658.215551
1518615579720048641 2116.4021905
1518611310392578051 26268.2860115
1518608217689010178 6330.0536105
1518603993840332808 13589.0258295
1518599812924461059 6942.9483625
1518596207966310401 5851.2295855
1518593991205347333 7239.819258
1518589703074820097 5420.287963
1518585605453754368 2106.82571
1518581660735918081 22859.0589535
1518578452789616642 33872.0115285
1518574393059856386 31353.397157
1518570404717244427 9768.01011
1518566784349216771 22303.6230845
1518566516668743682 36946.061769
1518564766163349506 3074.0502405
1518561534770917378 4730.781367
1518558259145281537 7919.7493735
1518555389838700545 4261.5338225
1518555388148334592 18702.8664165
1518555130030919681 5956.570871
1518553751963017220 6387.5124935
1518545122522284032 9241.3036825
1518544857903648768 9691.398266
1518542864883630080 33872.0115285
1518541598778433536 9930.8102785
1518538515730268161 13885.896725
1518530018909036544 1666.307607
1518521221532499968 9270.033124
1518520456286208000 5899.111988
1518518573785915392 5190.452431
1518509944743632897 2355.814203
1518501090341359619 2528.190852
1518492851201527808 17448.347471
1518487499626135552 6665.230428
1518484222616518657 6263.018247
1518475992087547904 2346.2377225
1518467088024842241 11214.0586655
1518458567908544512 15877.804669
1518456469687095296 2767.6028645
1518447313399787520 3610.3331485
1518438641848262658 28968.8535125
1518430099271528448 5994.876793
1518429628267962371 8877.3974235
1518420672086790145 7450.501829
1518411825167151104 4769.087289
1518402941639659525 4778.6637695
1518402445466083331 3868.898122
1518393353443987457 6406.6654545
1518388340894183424 2652.6850985
1518380929609310208 4414.7575105
1518371705105928201 34015.658736
1518362774350532608 7737.796244
1518353800913858560 13732.673037
1518344317793878019 55581.892822
1518335496983822338 6195.9828835
1518330461847699458 3428.380019
1518325171345633284 6368.3595325
1518322037403619333 3983.815888
1518314929115348996 8312.385074
1518307300016115712 6320.47713
1518303534453768196 6550.312662
1518297947607384065 4826.546172
1518290257153769475 6090.641598
1518290101398392835 84512.4404125
1518281931653320705 3026.167838
1518274160493015041 5784.194222
1518272550643589122 5975.723832
1518272547485331456 7297.278141
1518272544868024322 23720.9421985
1518265890525097984 5381.982041
1518258321094021123 9710.551227
1518250651460980739 63760.207169
1518242289369423872 4108.3101345
1518234838184206338 27072.7103735
1518227273723305984 21010.798217
1518221063381000192 7364.3135045
1518213655715889153 20704.350841
1518212715940044801 18319.8071965
1518207248341872642 4022.12181
1518199574355193858 12363.2363255
1518190580697817088 3504.991863
1518175597750534144 18913.5489875
1518167593412186113 4137.039576
1518158813676949504 3543.297785
1518150668393058309 5362.82908
1518141468459864065 20723.503802
1518136436318482432 7737.796244
1518130897349926912 3035.7443185
1518130888793628673 16864.1821605
1518123001677586433 2058.9433075
1518114575966736385 7747.3727245
1518106853770764289 2173.8610735
1518098389879214080 2681.41454
1518090668865904644 16682.229031
1518082070274322433 6799.301155
1518077029597556738 110627.502736
1518067476604624897 9030.6211115
1518061431421382662 3725.2509145
1518054633809268738 12238.742079
1518047146590756864 8561.373567
1518044321697648643 5401.135002
1518036613653315590 11233.2116265
1518033282318884864 11501.3530805
1518025355709358081 12985.707558
1518016962407944199 6310.9006495
1518011603144384512 8839.0915015
1518006360478265346 12171.7067155
1518001124468527104 2662.261579
1517992486869913602 9624.3629025
1517990970104627201 28624.1002145
1517987361824686086 3064.47376
1517984161201631232 13014.4369995
1517974889478639617 3466.685941
1517967995724869632 12602.648338
1517967116686798849 19928.6559205
1517966579098599427 2154.7081125
1517958759955546113 14546.6738795
1517957512737308675 2164.284593
1517948519008587779 31573.6562085
1517939352063688704 3888.051083
1517930082794418177 79063.423008
1517923643610783746 5343.676119
1517920373706313730 6406.6654545
1517920197457420291 13608.1787905
1517915166951804928 6167.253442
1517905940116344832 11290.6705095
1517896187243896832 22801.6000705
1517886311587368962 5152.146509
1517877067190177792 22121.669955
1517868154562699264 2221.743476
1517865893111504896 4749.934328
1517859799668609024 3026.167838
1517850893877719040 2662.261579
1517847038477713409 12669.6837015
1517843254838013953 6617.3480255
1517843252375953415 9107.2329555
1517839458321801216 5563.9351705
1517837707451510786 3179.391526
1517835735092576256 6148.100481
1517820648206348291 12794.177948
1517813070126592003 41121.407267
1517808012764798978 8063.396581
1517806494217125888 23194.235771
1517797978815279106 2834.638228
1517782715348795392 10610.740394
1517773521342144512 14182.7676205
1517773311031263232 50525.511118
1517764295110672387 3217.697448
1517755059295211520 7862.2904905
1517746555868098562 37175.897301
1517737285789581318 7996.3612175
1517728611809247232 29505.1364205
1517718878360588288 8082.549542
1517710192309383170 6071.488637
1517700312164933633 9700.9747465
1517695771835080705 5602.2410925
1517691740542676993 3275.156331
1517683190932062208 12190.8596765
1517677161972477952 2556.9202935
1517675880901971971 6052.335676
1517674639694172160 5113.840587
1517670369506869256 26823.7218805
1517669252194516992 68845.3183145
1517659363741208576 13311.307895
1517650229713068033 1944.0255415
1517645516028403712 8388.996918
1517639935007801345 3313.462253
1517635237496430592 50439.3227935
1517630606963843078 2556.9202935
1517625899927093250 17026.982329
1517621232388218884 12047.212469
1517615530051620866 3466.685941
1517611217925328902 6760.995233
1517606952351801347 4079.580693
1517602808224268295 2087.672749
1517597786472132609 15944.8400325
1517595091485048834 4577.557679
1517592608679280641 13531.5669465
1517592261466505216 17170.6295365
1517590648995692546 118863.275966
1517586595880349697 6665.230428
1517583463699910656 2911.250072
1517579101120475137 9461.562734
1517575645571817472 6387.5124935
1517572211804102656 34293.3766705
1517568673904480268 76496.926234
1517565299138174977 15609.663215
1517561972543438854 6014.029754
1517558473462013952 5516.052768
1517554301639532544 2212.1669955
1517550596630458368 3888.051083
1517546365538258946 5927.8414295
1517542364847484928 4299.8397445
1517538385203806210 4443.486952
1517535251127492608 10342.59894
1517530948765683712 24649.860807
1517529668064317441 4290.263264
1517526105401565185 25952.262155
1517525887939497984 3054.8972795
1517521381646286848 11319.399951
1517518297033588736 1666.307607
1517514018084343808 13924.202647
1517509750778482689 5085.1111455
1517505557279780864 3572.0272265
1517502040372662273 29553.018823
1517497974535987200 52450.3836985
1517494781668216833 3629.4861095
1517491650767077381 15236.1804755
1517488417436839936 3284.7328115
1517488261828128769 2930.403033
1517488203053285376 2221.743476
1517484626452922368 3715.674434
1517480882445168641 3974.2394075
1517477416490442752 5152.146509
1517473698202148864 2652.6850985
1517470062319484928 105389.1679025
1517469200171900928 12286.6244815
1517466670280945666 7431.348868
1517465795374292999 28758.1709415
1517461452671655937 5630.970534
1517458224437506055 3552.8742655
1517451402905329664 2001.4844245
1517450692880961537 10256.4106155
1517448137874546693 8302.8085935
1517444624620695552 5602.2410925
1517443150893260800 23232.541693
1517443142349373440 8666.7148525
1517435587342577664 2011.060905
1517428516928827392 2260.049398
1517428051889561601 3083.626721
1517427014701096961 12746.2955455
1517417688783589376 5487.3233265
1517417175652474880 3246.4268895
1517417175308505088 4127.4630955
1517414174388887552 8532.6441255
1517408477932670977 2748.4499035
1517399807312203779 9040.197592
1517394155135193090 2834.638228
1517384886704869377 11520.5060415
1517376420137385984 8283.6556325
1517374906039783424 4050.8512515
1517366853814956032 3773.133317
1517358383602540545 16212.9814865
1517348995026325510 9480.715695
1517345933243170816 5516.052768
1517337161141469184 36505.543666
1517333383336112128 15762.886903
1517331375560527872 7613.3019975
1517327357505380352 13244.2725315
1517319047553114112 2777.179345
1517309724982657024 4453.0634325
1517309234203049984 19133.808039
1517304357624197121 74217.723875
1517299145991675909 2317.508281
1517293985718484992 4769.087289
1517289397422546944 6990.830765
1517284632148037632 6444.9713765
1517280014953234432 1752.4959315
1517275142321328128 13397.4962195
1517270193113812992 3188.9680065
1517266560871800832 58167.542557
1517262017861668869 13320.8843755
1517260185760321543 2662.261579
1517256308335988741 17007.829368
1517252640182358017 36304.4375755
1517252082104868864 10112.763408
1517250823889178624 10505.3991085
1517249654714474497 9097.656475
1517249091650179072 9193.42128
1517248392518373378 19363.643571
1517244520928268289 12755.872026
1517240178187939842 3552.8742655
1517236861319667715 3217.697448
1517233420522434562 2547.343813
1517229042428219393 2298.35532
1517224051319660544 5161.7229895
1517223719730561026 10706.505199
1517218230221381635 9605.2099415
1517213009839640576 5429.8644435
1517209126304202760 8082.549542
1517207876636487680 1168.330621
1517205036559962112 4060.427732
1509291807095635974 1656.578832
1509288880289239046 24420.25692
1509284398998425602 1628.017128
1509279561787260935 2884.732104
1509274826686488585 9358.718344
1509270087668314124 4198.570488
1509265106856812544 1885.072464
1509261188902830081 980.618504
1509256351016439812 1628.017128
1509251994137018370 2399.183136
1509248848799178757 20983.331872
1509244979734056976 2589.594496
1509240723362795531 8225.770752
1509236779148357636 9006.457328
1509234266772754440 10777.282976
1509230255923474449 18869.765776
1509226365882613763 11719.819208
1509223236583759877 6597.753624
1509220012455772175 13452.562584
1509215514236788748 2799.046992
1509213571477090319 9720.499928
1509210513464508432 4598.434344
1509207301919498245 4665.07832
1509203281377173504 3198.910848
1509199496101740547 5026.859904
1509195562104541190 5217.271264
1509191726002540544 9492.006296
1509187998751105028 11653.175232
1509185932867551239 233034.942936
1509184401179041804 5074.462744
1509183631603879936 2294.456888
1509182298322784262 3989.117992
1509182115732246533 5788.505344
1509181527183265797 19431.479288
1509181030175059968 5369.600352
1509177811440918529 11396.119896
1509174767462592517 10815.365248
1509170334678884361 5883.711024
1509167872941117454 33274.38516
1509163798892093443 6959.535208
1509161209026727948 4036.720832
1509157543540629504 21383.195728
1509154494042497033 4236.65276
1509151209071988744 21316.551752
1509149682467024902 13833.385304
1509145981434138624 5093.50388
1509142092068569095 1932.675304
1509138564789018625 11015.297176
1509138563459428358 14157.084616
1509138561853018120 147007.090488
1509138457549017089 6959.535208
1509132848363675648 4055.761968
1509130899161505793 7940.153712
1509125292908072962 6464.465672
1509123335032037377 5141.10672
1509118275698974721 11738.860344
1509117759858348038 61731.362912
1509114732132945931 4817.407408
1509110454966263808 5331.51808
1509108710420983812 7073.782024
1509102953424113666 4074.803104
1509102574674268164 3770.144928
1509093108478361602 1723.222808
1509093105819164678 1561.373152
1509084532280070145 22849.3632
1509074477354827776 60893.552928
1509065069627326465 11453.243304
1509054576556711936 4646.037184
1509045513911422976 5007.818768
1509036216498409472 12138.7242
1509035442276028418 3436.925048
1509025579902844928 3655.898112
1509015951332855811 3170.349144
1509005760725852163 3484.527888
1509000499932114949 3693.980384
1508990655414030343 10501.186504
1508989656184074246 43261.460992
1508988398366867460 3960.556288
1508982857036926988 6512.068512
1508982856818872325 2808.56756
1508973368254599170 5655.217392
1508962699035742215 9939.472992
1508957277126107143 5645.696824
1508951750618886153 5836.108184
1508945517329502214 10748.721272
1508939998611050502 3674.939248
1508934355871281153 2351.580296
1508928852688621569 1951.71644
1508924775707680773 60893.552928
1508920984056778754 3322.678232
1508915858793508865 7464.125312
1508910725447790594 5579.052848
1508905567267532805 6997.61748
1508901504626966530 13404.959744
1508897581337923598 93968.00616
1508892989355171861 8330.497
1508888864412381187 2456.306544
1508884928792076295 4998.2982
1508881512376123393 4303.296736
1508880805623443458 3960.556288
1508877654224785422 3065.622896
1508873556603592705 9206.389256
1508869613811077136 6131.245792
1508865458056925195 73203.647352
1508862375797182464 7407.001904
1508859309702230034 20669.153128
1508855457447923713 3627.336408
1508851605445255175 4369.940712
1508847945151664140 4569.87264
1508844363652153345 40186.317528
1508843812960944133 2189.73064
1508841117344837640 4388.981848
1508838419673276423 13890.508712
1508834145077714945 5921.793296
1508830363027750928 6816.726688
1508826408440717314 7207.069976
1508823165312585732 5369.600352
1508819279709360144 6359.739424
1508816061612933134 6940.494072
1508815824936652811 21944.90924
1508812673433145355 36549.460552
1508808722902138884 20478.741768
1508807492859531284 5626.655688
1508805764449718286 11957.833408
1508801349491826706 10605.912752
1508796953907318800 9558.650272
1508792751785226242 10872.488656
1508790957440999427 36444.734304
1508787422091489288 21354.634024
1508787027386507270 6397.821696
1508783388194390018 14385.578248
1508779279764672527 4731.722296
1508776067133317124 5388.641488
1508772974140305411 4379.46128
1508771686505664523 2751.444152
1508768483592527887 3598.774704
1508768457369833479 4312.817304
1508768193078345732 8520.90836
1508765945673785348 17898.66784
1508763011548340229 36968.365544
1508761248745365506 273992.426472
1508760929374281736 4112.885376
1508756362590834691 4303.296736
1508756360086831114 17479.762848
1508753602743046153 4046.2414
1508753379962589185 8359.058704
1508753377676906498 1894.593032
1508753350271062023 54448.128392
1508752589332099076 1513.770312
1508746052945518595 6293.095448
1508745851090448388 2313.498024
1508745301271752712 12452.902944
1508734970273091587 35549.800912
1508727439060574212 4065.282536
1508722645742804995 13014.616456
1508717355173568519 14052.358368
1508713887058776065 3141.78744
1508707054625898507 4617.47548
1508701497822957568 6626.315328
1508695113274429444 9472.96516
1508688115417980929 54743.266
1508681007343583236 1608.975992
1508673075012853762 12576.670328
1508672654697451527 9253.992096
1508665369287962629 2075.483824
1508658479057227778 10234.6106
1508654952557776902 8635.155176
1508649669060091910 38072.751432
1508643678499360771 4122.405944
1508639086852063236 14604.551312
1508637343267360770 23306.350464
1508634802345365514 19802.78144
1508628267292631046 8416.182112
1508621917942689796 3113.225736
1508613417007042560 16375.37696
1508610920334995460 9653.855952
1508608809903792137 6797.685552
1508606933544185865 27019.371984
1508603860021096453 6483.506808
1508603604831195142 4427.06412
1508602031078051843 8121.044504
1508596559675641864 21992.51208
1508593354094874625 17917.708976
1508592845787209729 17251.269216
1508587317203808256 3484.527888
1508582461822971904 2056.442688
1508579403659370507 1751.784512
1508574553672454153 20973.811304
1508568608514916363 6007.478408
1508562803820539914 4722.201728
1508556998635401221 2123.086664
1508551194410725385 4170.008784
1508546392326815748 2875.211536
1508540897666940932 42756.870888
1508536272998051846 3703.500952
1508531785965178885 9206.389256
1508527358894129153 6635.835896
1508523091634397194 12148.244768
1508519767879163912 1999.31928
1508516582351413253 4388.981848
1508513448916836362 10939.132632
1508509544699379721 11634.134096
1508505654876594181 2932.334944
1508501001275420674 12243.450448
1508497176997109761 5302.956376
1508494109878759430 5531.450008
1508491043662180356 4122.405944
1508489046695321603 4398.502416
1508487889621037060 3379.80164
1508483895611830274 20821.482216
1508479179800600578 24839.161912
1508475111623565320 18793.601232
1508471757392519170 2970.417216
1508468505817063440 43585.160304
1508467613181091844 8406.661544
1508463794531586055 3475.00732
1508459548381753352 21373.67516
1508458755624628232 29961.227496
1508456477752713226 8777.963696
1508453327226482698 6045.56068
1508449528411734026 3598.774704
1508445788795543562 2570.55336
1508441482402971656 6864.329528
1508437273662181381 8082.962232
1508437027364167686 4341.379008
1508435908122628096 13700.097352
1508431909101228037 11262.831944
1508428472691138562 3979.597424
1508424357705662466 47060.167624
1508423316524175362 2237.33348
1508423314779291650 8539.949496
1508420397640921094 2456.306544
1508416411990958092 14604.551312
1508413077963816960 18869.765776
1508406043843440644 10882.009224
1508403006584274948 9596.732544
1508395492291624960 3170.349144
1508387427030872068 21449.839704
1508387029285019650 28123.757872
1508379936196804608 162268.560992
1508371586956632070 8549.470064
1508369829379596291 3693.980384
1508368895924711424 4693.640024
1508361505691123715 7359.399064
1508354624000073728 12786.122824
1508349687480393729 14852.08608
1508349177654304776 3989.117992
1508344885862146050 13081.260432
1508343893749866496 5588.573416
1508336778691977218 5778.984776
1508329648014434306 2941.855512
1508321859619725312 3722.542088
1508314576475111425 3732.062656
1508307393737859074 2884.732104
1508299436610437120 5617.13512
1508292298270031874 15109.141416
1508288904901840901 22259.087984
1508285001091190788 10082.281512
1508277762276139009 3408.363344
1508274826108190722 10605.912752
1508270486307942406 9825.226176
1508262120303087620 3865.350608
1508259293472174087 10405.980824
1508252082285027335 3836.788904
1508251535901270017 12881.328504
1508251535758741511 18650.792712
1508250640262258690 4084.323672
1508248269834629126 18917.368616
1508240721177944070 3589.254136
1508236606343467017 74593.65028
1508231653856006151 2503.909384
1508229158203236358 31436.915536
1508220847898738694 11862.627728
1508220442863091718 4293.776168
1508218828446216192 6930.973504
1508217080386097153 2256.374616
1508212658733998080 13404.959744
1508203755480748032 79572.907344
1508195682808741898 84437.917592
1508187171873775618 5988.437272
1508187127259058190 4684.119456
1508183313835597831 1818.428488
1508175177510801408 18469.90192
1508169390918971396 4579.393208
1508166504713498631 3065.622896
1508149861945913348 4655.557752
1508141823499419651 3560.692432
1508133174026637314 37863.298936
1508125124653953031 97547.739728
1508116650956054530 34578.702976
1508108101211373571 27914.305376
1508106401595510795 65577.672384
1508099292648595456 7806.86576
1508092606047309831 43642.283712
1508085710905090048 6864.329528
1508080419752878090 28856.841608
1508071494412349453 13957.152688
1508061941763293187 156537.179056
1508051510688686083 5664.73796
1508041879522320384 30389.653056
1508031200685969409 4084.323672
1508021862823075842 2656.238472
1508011169906311168 3798.706632
1508001378177798144 5369.600352
1507990937867374601 2180.210072
1507981469821673473 7311.796224
1507970920102739973 25600.807352
1507961290467205122 2408.703704
1507951003018174468 3332.1988
1507941346874728448 7454.604744
1507931034565894147 46555.57752
1507921619771142148 19726.616896
1507911018122465282 13814.344168
1507901929220939777 5969.396136
1507891275206434818 38186.998248
1507881765045735436 18555.587032
1507871126147510273 5331.51808
1507861129653104652 4027.200264
1507850403374903297 16641.952864
1507841041797365769 4198.570488
1507830046878314504 4769.804568
1507822279471898629 13662.01508
1507819952195178510 2294.456888
1507814825786810369 124662.317392
1507811593370976264 260692.192976
1507809985635438608 76354.95536
1507799870626840580 13652.494512
1507790510106320899 62845.269368
1507784276233920530 25876.903824
1507779940430798854 14642.633584
1507777983532122112 4141.44708
1507768889379373056 4027.200264
1507768657589510146 6864.329528
1507758338670477316 6016.998976
1507749255099912203 1961.237008
1507748686222221314 2265.895184
1507739696914386947 2513.429952
1507730223973941250 69833.36628
1507723063986634757 9996.5964
1507714633431490568 33141.097208
1507703953672359937 16832.364224
1507688847802519555 10006.116968
1507681462933499908 6369.259992
1507677812546801665 7892.550872
1507673766943469570 39053.369936
1507670440784936964 5607.614552
1507666790515724289 10234.6106
1507663072487477250 2427.74484
1507658670263476224 8425.70268
1507651504861241345 4503.228664
1507647139861647360 2665.75904
1507643584392085508 18527.025328
1507638283198738434 5341.038648
1507633935131586568 5988.437272
1507629805285609475 4303.296736
1507626396113330185 4503.228664
1507622882138103813 4531.790368
1507619349787467777 10320.295712
1507615790736056324 6369.259992
1507612251087376386 6854.80896
1507607953800675341 14318.934272
1507603597298651148 65587.192952
1507599274590232579 7711.66008
1507595061038665728 3313.157664
1507591670287769601 3598.774704
1507587542601850881 5940.834432
1507584362925199363 11310.434784
1507580812438478849 8292.414728
1507577262908088324 8777.963696
1507573830885285891 5978.916704
1507569835210944512 3589.254136
1507565760956321794 4855.48968
1507561671665070081 52401.206272
1507558321821204482 27476.359248
1507553670073888769 92273.345056
1507548993177456643 11557.969552
1507544374414090240 6816.726688
1507539764597166089 14090.44064
1507535428945076228 13852.42644
1507531239275773954 3208.431416
1507527165826457610 9054.060168
1507523016439308293 15889.827992
1507519304077647872 34683.429224
1507517915528155139 1285.27668
1507514894249340929 154366.489552
1507510888286326784 121234.912912
1507506719240474632 41366.86796
1507503565576851456 9396.800616
1507500038485856270 9253.992096
1507496494965919752 3541.651296
1507492901034602503 2294.456888
1507489171446898689 16175.445032
1507485467771551744 2837.129264
1507481014066630659 15052.018008
1507477774235275269 9035.019032
1507474453529300994 12919.410776
1507471043190935552 140932.968104
1507466841433993218 4398.502416
1507463692379582464 3560.692432
1507460634434486277 2656.238472
1507457527335718912 7740.221784
1507454330349096965 2418.224272
1507452027525337116 4712.68116
1507448793511436292 4198.570488
1507445650488807438 15965.992536
1507442728476585985 7740.221784
1507439796624531465 5207.750696
1507436898322685953 8625.634608
1507433951216177153 10672.556728
1507431145448878080 12805.16396
1507428205161943040 7654.536672
1507425862261563399 7473.64588
1507424238327808001 22954.089448
1507421434892726273 5436.244328
1507418706661593095 4769.804568
1507417775823892485 2094.52496
1507415825346699266 7026.179184
1507412212792664065 15965.992536
1507409432929611777 47764.689656
1507405770291400704 8701.799152
1507402948636295196 13690.576784
1507399570115993633 5645.696824
1507396688507510833 3541.651296
1507393780059717634 14937.771192
1507390908144267265 4417.543552
1507387269132529666 46993.523648
1507383622768148490 2094.52496
1507379105410523158 17822.503296
1507377942762037275 2979.937784
1507374068760256530 8568.5112
1507370223082614787 4607.954912
1507365709831155726 2094.52496
1507362657384476689 2637.197336
1507358421720391683 61540.951552
1507356570929172482 5293.435808
1507354840162316319 7397.481336
1507350452085612548 24848.68248
1507346239922311170 1980.278144
1507342678475911170 26686.152104
1507341525545635854 1685.140536
1507339166337708033 3141.78744
1507335882394816542 7188.02884
1507332534417477639 2656.238472
1507328724936626180 4674.598888
1507326500118450188 35168.978192
1507325200643330052 9320.636072
1507322209697685505 44775.231304
1507318936383234050 8444.743816
1507314981750165512 3360.760504
1507311382479450113 39139.055048
1507306080296226816 87751.075256
1507297763373035525 9872.829016
1507296295375052802 17222.707512
1507293226566311942 9987.075832
1507282406021251101 5283.91524
1507281644927041542 8130.565072
1507281193422581764 2275.415752
1507266060180938753 6950.01464
1507251452124745734 4550.831504
1507244620111044609 42642.624072
1507235151620845570 4017.679696
1507226346417795087 22059.156056
1507216998018822145 56790.18812
1507215213082423301 15727.978336
1507213328963317779 4446.105256
1507204395313901571 1961.237008
1507195580828856320 3503.569024
1507193320304529414 68928.91232
1507186020231663620 21240.387208
1507184013680726021 9292.074368
1507179790347943936 16946.61104
1507170889229643776 65549.11068
1507160530384998406 17117.981264
1507153915871121408 34274.0448
1507146070136139783 1732.743376
1507138724383109127 3560.692432
1507130480507957259 12281.53272
1507124629718065152 19707.57576
1507119692187639815 16432.500368
1507114739847118860 7978.235984
1507111078639153152 46031.94628
1507110010865790979 15823.184016
1507108729455534089 37063.571224
1507107973298065413 85447.0978
1507105622600388611 400082.829064
1507105422846664704 4436.584688
1507100542216060940 15556.608112
1507095827877175300 25324.71088
1507095686956953600 10872.488656
1507095684826161163 64663.697856
1507091594545086470 53296.139664
1507087234406748163 17137.0224
1507083617947770880 6378.78056
1507082998373666823 3056.102328
1507082995047575562 7092.82316
1507078998777643015 10034.678672
1507074679831511045 4598.434344
1507070262369558530 4388.981848
1507065860334227464 1780.346216
1507062752371748881 3836.788904
1507059544408612869 10053.719808
1507058351355613191 3132.266872
1507056358297935875 5712.3408
1507055359294427140 22573.266728
1507052461630136334 4017.679696
1507047816358772741 6712.00044
1507044778474618882 1751.784512
1507041718042087428 11272.352512
1507038460355436552 1866.031328
1507035029666467849 4979.257064
1507032568146845707 33455.275952
1507028990741131268 4227.132192
1507026881488601094 9263.512664
1507023707134476293 14147.564048
1507019444836392972 32903.083008
1507016842887401475 6255.013176
1507016151087267850 8578.031768
1507013997735788548 12681.396576
1507010041307574299 177434.825816
1507006822367916036 86656.209936
1507002816056934401 2113.566096
1506999659738406914 1656.578832
1506996505990807555 19174.423952
1506994203066314764 2408.703704
1506992888206729218 7768.783488
1506989187177799680 3532.130728
1506984929615355908 9301.594936
1506980657179893764 70661.655696
1506977807955595269 19821.822576
1506975862817804290 34750.0732
1506974625883897860 7825.906896
1506971627287941125 29885.062952
1506968472898658310 50554.21608
1506964102509387779 3732.062656
1506959039661498375 7806.86576
1506957256147021828 19307.711904
1506956566230192128 2503.909384
1506956497804222476 1846.990192
1506952737757540353 2027.880984
1506948714446917634 8863.648808
1506947201989234693 13395.439176
1506941907569713158 14595.030744
1506941452718419968 9111.183576
1506941098853285892 6588.233056
1506937891540271106 15337.635048
1506935962919747584 6673.918168
1506933885841649672 7016.658616
1506926329786245125 4093.84424
1506913030042488832 2494.388816
1506906203426861057 17403.598304
1506903682901757963 2780.005856
1506891622763700226 6969.055776
1506884283050377216 8454.264384
1506877456300523522 13424.00088
1506869872147447811 145217.223704
1506862852162097156 55819.090184
1506855603922165761 2646.717904
1506847707847180293 7854.4686
1506840424635322369 2951.37608
1506832947999084544 25105.737816
1506832191015333898 21687.853904
1506828402048839681 4636.516616
1506827653873127428 26219.644272
1506827653579526148 2208.771776
1506826153402716163 6845.288392
1506824646397734916 69500.1464
1506822880331509767 25048.614408
1506822878255370241 3332.1988
1506822617373757446 3056.102328
1506820115882459138 1704.181672
1506817850647982086 29608.96648
1506817850090172421 6902.4118
1506811048740986883 2856.1704
1506808781900025857 9073.101304
1506806092046733313 11767.422048
1506797582793781266 12100.641928
1506794154218635266 7292.755088
1506790955109826561 42595.021232
1506790632253186060 21049.975848
1506787417432469504 1675.619968
1506786220143259651 2227.812912
1506785854827732996 15394.758456
1506784885624688646 1770.825648
1506783714801500168 2056.442688
1506782314361233418 9311.115504
1506782185734475782 3084.664032
1506781957967040515 8130.565072
1506778641593683978 4055.761968
1506777216025255938 4893.571952
1506774756065959937 10815.365248
1506769708690857990 3351.239936
1506764677157736454 57961.217984
1506760651183644675 10777.282976
1506757094434906119 2522.95052
1506753740212166662 61693.28064
1506749360658432012 5798.025912
1506746127563083779 10729.680136
1506742609020080128 5598.093984
1506739247818194949 29561.36364
1506735789325045760 70071.38048
1506731357854183425 5598.093984
1506726600129318919 7606.933832
1506721970230112258 2684.800176
1506718734404235266 3703.500952
1506715491225808901 3970.076856
1506711105611182086 4160.488216
1506706509169930241 12795.643392
1506704917381136385 53943.538288
1506704027354083331 20297.850976
1506702361175154694 6950.01464
1506699190583369732 7521.24872
1506695943307112449 1923.154736
1506692244140486661 2046.92212
1506691964317622275 3970.076856
1506688028537929729 4731.722296
1506683996767457280 23991.83136
1506680077181984775 3503.569024
1506675792322867201 16727.637976
1506671831557853197 6845.288392
1506669465005666321 3703.500952
1506667853797367822 16127.842192
1506666348067401738 5607.614552
1506665855366615040 5512.408872
1506664838457610247 14176.125752
1506663274963685380 2665.75904
1506661932543193098 9025.498464
1506658488264667148 4960.215928
1506653906738233346 7235.63168
1506649642011922433 3827.268336
1506646214724435973 4950.69536
1506642670709522438 35530.759776
1506638344171794433 6816.726688
1506636762558439425 4684.119456
1506636760578670604 7597.413264
1506636758754209794 26505.261312
1506634415207817216 5255.353536
1506630426785460231 10577.351048
1506630052544487432 3446.445616
1506626416644964360 15232.9088
1506621941247008768 5921.793296
1506618183431639041 11776.942616
1506614501499674639 14042.8378
1506610205655769089 4484.187528
1506606212279939080 3389.322208
1506603441728147460 31589.244624
1506602635914366977 7540.289856
1506601160232386563 2856.1704
1506600661173026817 3160.828576
1506600227624656897 4122.405944
1506599176016211977 8806.5254
1506597992438145025 28533.142296
1506594630007246854 5502.888304
1506594160169598986 5398.162056
1506592423761305605 11681.736936
1506589583957540868 7902.07144
1506586623756193803 2475.34768
1506584814928994312 8787.484264
1506583813186592773 6007.478408
1506582039000145926 7521.24872
1506581552448299008 6159.807496
1506572490226679814 12624.273168
1506571522630197256 10872.488656
1506569959073361925 4388.981848
1506567297074405379 9625.294248
1506563961550000131 2361.100864
1506561903472033794 8435.223248
1506558131794554881 12471.94408
1506556429158785026 18517.50476
1506541335309869056 4693.640024
1506539753029652480 12176.806472
1506526171323846657 53600.79784
1506518673971888131 7721.180648
1506518589590978567 1694.661104
1506510325792874501 14785.442104
1506501936908021765 2494.388816
1506493696321142785 4027.200264
1506485045946732544 2237.33348
1506476383886839811 17489.283416
1506467534417149954 5655.217392
1506464029191118851 13376.39804
1506462995496460288 2494.388816
1506458236274331659 10815.365248
1506455135580524547 7511.728152
1506450664859353089 4731.722296
1506444387118628868 9511.047432
1506438547942916114 33398.152544
1506430013419184134 10244.131168
1506422286617874442 55914.295864
1506417337007804424 16527.706048
1506412063240953862 4588.913776
1506403427882086404 144950.6478
1506396192342695947 9177.827552
1506388618411188229 14909.209488
1506382527291965445 9377.75948
1506377338531024897 5626.655688
1506371296518672385 10701.118432
1506366921859555330 10872.488656
1506362220107730946 61931.29484
1506356556153208840 8520.90836
1506352159293681670 3294.116528
1506349009522376705 8073.441664
1506348091439472649 8644.675744
1506345765257596937 9644.335384
1506341685286125579 9453.924024
1506337214178992134 13662.01508
1506335951789998092 4198.570488
1506335950451920904 1999.31928
1506335948572868610 9358.718344
1506333319859949570 1589.934856
1506329757138382851 5464.806032
1506329112570478592 1323.358952
1506327005155016708 4369.940712
1506325262522327052 20926.208464
1506321459735638022 5950.355
1506317551923601416 2123.086664
1506315005414846468 15242.429368
1506313552096808968 5521.92944
1506309718318489600 10929.612064
1506306945342484489 4550.831504
1506306113255444480 4893.571952
1506305898498727937 17927.229544
1506304971360415751 6664.3976
1506304969271648267 27695.332312
1506302181963616260 4531.790368
1506298541144219653 12433.861808
1506295144169017357 5026.859904
1506291532894253059 9977.555264
1506288099982290956 7892.550872
1506283966285983763 4322.337872
1506280732624306181 2875.211536
1506277690445377539 4236.65276
1506273812790267911 25753.13644
1506270005205389317 5502.888304
1506269405172359172 4255.693896
1506269403809296385 3455.966184
1506269402462834694 9377.75948
1506267171042873350 2665.75904
1506263835958824960 7207.069976
1506260221278269441 20669.153128
1506257400197787653 7168.987704
1506253784808312839 6750.082712
1506250956241088516 3722.542088
1506248152575270917 24410.736352
1506245408103682052 5950.355
1506242040547397634 7863.989168
1506239374647828481 9882.349584
1506239373347598341 4569.87264
1506235020851257351 9739.541064
1506235018884128769 74584.129712
1506234700372791309 2837.129264
1506231775504310274 17860.585568
1506229397963034632 7387.960768
1506227992221175814 5445.764896
1506224232342171655 6826.247256
1506223926623576070 43451.872352
1506223690912051210 16375.37696
1506216383239143425 10025.158104
1506209120298360833 2522.95052
1506201549403574274 3674.939248
1506196753195880450 11272.352512
1506195238523752450 3884.391744
1506194028068544513 5141.10672
1506186451523932168 2827.608696
1506181898820857860 87836.760368
1506177121080815617 12643.314304
1506169206907224064 12243.450448
1506161098701119488 6702.479872
1506153455261470720 3008.499488
1506149199972380674 17432.160008
1506141352333127683 4960.215928
1506132840068653060 4941.174792
1506124531144044544 1599.455424
1506118514536505344 5807.54648
1506117716511531011 9530.088568
1506111441623003139 4350.899576
1506107917019320320 5588.573416
1506102130825904141 2008.839848
1506099722221723657 2941.855512
1506090583500247046 11110.502856
1506082016307077122 20545.385744
1506073016450666498 46289.001616
1506068018304065541 10663.03616
1506062673024270343 28180.88128
1506058371761426437 10386.939688
1506055003965906947 3141.78744
1506049439953207303 13300.233496
1506044943319642116 9234.95096
1506040355334111241 5160.147856
1506035539912310787 22297.170256
1506030750163996680 156023.068384
1506025949615251456 12405.300104
1506021184969793539 2294.456888
1506015776553197570 14023.796664
1506011211858472965 4684.119456
1506007787511648257 4170.008784
1506004380390207492 2294.456888
1505999975326617602 11243.790808
1505996603580112909 4493.708096
1505993412448772096 17527.365688
1505993243808440333 18365.175672
1505989046165643265 10148.925488
1505984810946379784 45403.588792
1505981608372936712 2446.785976
1505977407542550535 4769.804568
1505973118585692164 5531.430835
