1509204247145066509 1760221.728288
1509118778411466759 76658.699808
1508821749764341765 106761.322944
1508776467659960327 304947.265536
1508723571190910979 174361.937472
1508590100124422146 277227.042912
1508527923996905484 610068.247776
1508487039464976385 550334.518272
1507633093670318082 1167996.66768
1507280114685558798 325222.48656
1506904915863642114 220099.063968
1506704072908357639 286260.31152
1506594361743654913 62389.113408
1506528342777999360 176570.62128
1506463263801884673 165130.135488
1506257475821092865 167810.336064
1506243533073797126 88421.802336
1505826322261712898 1576479.0888
1504847498476769280 187688.490336
1504769142502666252 173369.270592
1504731851998519298 449901.446688
1504267994595266560 253824.921216
1504189491153678342 492387.589152
1504143436919803904 442779.061824
1504040295951872002 1082255.06592
1502960243139133445 302018.89824
1502568033415577604 226948.46544
1502243430973513732 258465.63888
1501836338659741701 222977.79792
1501593272887783427 872181.93744
1501579328156585993 379968.064992
1501262758385373185 965145.190752
1501234018309873666 271444.758336
1501233315688419332 230745.416256
1501153761649209344 394163.201376
1501143180359737350 166991.385888
1500469406694088705 335918.472192
1499753844359770113 501197.507712
1499462287668699140 338598.672768
1499439305076453387 262734.106464
1499209753741901833 196051.7088
1499091410368221189 559888.936992
1498702569367085066 376121.480832
1498353887698649088 916529.330304
1497983212051648521 1304488.36368
1497978850952847374 673648.56144
1497826214505029632 369420.979392
1497698850840190978 2011887.59904
1497649431277096961 276209.55936
1497516113881673730 1989900.027648
1497489778404700160 187216.973568
1497272840852320261 680820.579648
1497250849554411522 1998436.962816
1497215363469262850 175031.987616
1497214866129567763 340931.439936
1497148344648540163 481691.60352
1497104347574026271 426375.241632
1496681719499472899 1458178.013376
1496640968535298048 426697.858368
1496438886893039626 249457.186944
1496134571368321029 198458.925984
1496104615212982280 454095.464256
1495828007939973120 398109.052224
1495806318812151810 152845.882848
1495804549713563650 179201.188512
1495802162890354695 554379.635808
1495776293241200652 119988.60912
1495522426951815170 1757615.977728
1495365988082143235 2244022.748928
1495299841840357378 113486.641056
1495012534742622212 230646.149568
1494737579618574339 132347.311776
1494700488398356486 134332.645536
1494527388402737153 126962.093952
1494268258488393731 187887.023712
1494257980778647552 107257.656384
1494252049319485441 90332.68608
1493995879652630532 104155.572384
1493921521923936260 312590.800512
1493620814624833538 509858.52624
1493510906667544580 293035.262976
1493467836978802691 1262151.121248
1493343839268093953 474445.135296
1493315527493750791 114057.424512
1492869166226976782 114206.324544
1492255687249911811 313633.100736
1492205328838111240 586492.409376
1492172796050485255 291620.712672
1492035048161296399 179399.721888
1491865032442982400 70280.815104
1491864548999053318 211040.978688
1491849664877969413 668362.610304
1491747623195267073 432306.42624
1491463494125903882 112444.340832
1491439349405212677 289759.462272
1491418726700302337 1233785.665152
1491387487687786500 266952.940704
1491383259938316289 374433.947136
1491051535912083462 140859.430272
1491046151025479680 249109.753536
1490998217575653376 202504.04352
1490183711945641992 217890.38016
1490083210386104324 2369123.59248
1490075974926491652 415480.722624
1490072962350915585 461738.999232
1490064901548777474 268144.14096
1490025081115926530 104651.905824
1489309777943535616 136119.44592
1489278065079463937 50948.627616
1489268757247758340 363589.061472
1489225430397861888 128947.427712
1489195210894684160 277301.492928
1488889812325175301 191584.70784
1488561858999111686 391284.467424
1488178349549797381 181906.20576
1488166230536114190 140884.246944
1488161014822715395 141653.563776
1488156507665539072 137682.896256
1488110355796660227 333660.15504
1487546201264295940 305245.0656
1487496431220965379 57574.67904
1487158144304394243 238488.21792
1486978986207072258 350585.125344
1486653423424573441 82763.60112
1486648558703058944 443076.861888
1486390252449288199 79587.067104
1485920619115909122 431437.84272
1485653104183939079 198012.225888
1485608379066236929 127458.427392
1485514436999843840 110508.640416
1484462103335477251 312739.700544
1484442352144064514 1364941.776672
1484125259280363520 250325.770464
1483904866829352963 102393.588672
1483783683647627266 271643.291712
1483769680619872263 170267.186592
1483698406925254659 403221.286656
1483512093785612294 49980.777408
1483461377180282889 65094.130656
1483448583009488900 134555.995584
1483428767024431110 762790.047264
1483401688195162117 297849.697344
1483401132022153222 94427.43696
1482771999567060998 160886.484576
1482608054482964480 1396061.88336
1482479997457735691 99738.204768
1482290758250110980 518246.561376
1482024761337200644 219528.280512
1481964623628836865 1056396.093696
1481901409729757185 186844.723488
1481884209430028290 1676862.52704
1481678446614958082 2409847.751232
1481603801710796800 163790.0352
1481561718828449795 105346.77264
1481556068266356737 148627.048608
1481272885729705988 1293444.94464
1481236766615089153 309687.249888
1480910719797403649 133042.178592
1480531920203177990 196672.1256
1480511582253821957 145450.514592
1480427142307528706 1029718.171296
1480276889193390083 109143.723456
1479848238060609544 310679.916768
1479548962008875013 807087.806784
1479522924377825282 195729.092064
1479492275373809669 135896.095872
1479481748291473417 214118.246016
1479478975286104065 899008.759872
1479453320033062912 142000.997184
1479376384707473408 231068.032992
1479104903783993351 232011.066528
1479007167835369476 133985.212128
1478841011111702536 3088112.213664
1478759594017140741 215086.096224
1478711868692832263 218485.980288
1478532252967784453 125224.926912
1478414312872067082 397190.83536
1478165837316083713 456055.981344
1478057917580554240 225782.081856
1477044439415922689 487176.088032
1477002914568753152 750059.094528
1476325994336247809 1624375.26576
1475509168362737664 297353.363904
1474999265684594690 1700314.28208
1474717424264134658 551773.885248
1474186700133908487 94650.787008
1474103948130856970 377610.481152
1474063581251620864 1236143.248992
1473687449964531718 350535.492
1473664831442067457 124803.043488
1473630588095680515 175528.321056
1473338337310162957 182576.255904
1473303939701477390 162549.2016
1473278662472605701 117953.642016
1472979755272187910 143688.53088
1472673072079683592 228015.582336
1472314930254823424 332394.504768
1472308921268330501 243674.902368
1472268187005767683 419947.723584
1471934836302614535 1056396.093696
1471785607491985415 89935.619328
1471696608714756099 324229.81968
1471617739966103554 74276.299296
1471603180291112961 173890.420704
1471452205244948481 190418.324256
1471443744704675841 174287.487456
1471318863631593473 76584.249792
1471149598488072203 635232.353184
1471136319560732675 126167.960448
1471131960529629193 130486.061376
1470911492157546502 135052.329024
1470833947319975943 201908.443392
1470765988824113154 183990.806208
1470723535761031172 77204.666592
1470717244250460162 217542.946752
1470447074776961026 332245.604736
1470377899400257544 89340.0192
1470360497367228421 547654.317696
1470122092058365959 291174.012576
1470077709283962890 182601.072576
1469706781593112597 172178.070336
1469641343752413191 168678.919584
1469628139223621639 145450.514592
1469368557184167947 464989.983264
1469349930942832647 425332.941408
1469251992337932289 210991.345344
1469216978539851778 84078.884736
1468887271244025859 677271.795552
1468645246644989953 282165.56064
1468609288100888590 527106.11328
1468569246460489738 67575.797856
1468567858359771139 140239.013472
1468553892401229824 155377.183392
1468553410173620226 170316.819936
1468246170233356314 238637.117952
1467929764484812800 387413.066592
1467736872147423234 211115.428704
1467438817728679937 179548.62192
1467196061970317330 299388.331008
1467105323622318087 164261.551968
1466825476077461508 122222.1096
1466766342909009925 400665.16944
1466412965138157572 2810314.387296
1466350389519921153 309439.083168
1466133013289385986 549937.45152
1465603252419018755 116439.825024
1465345687630102529 144681.19776
1465337600936493058 264099.023424
1465232177382273029 298048.23072
1464988262217490443 270849.158208
1464982044849676290 74921.532768
1464975585977978896 265116.506976
1464653975651766278 336762.23904
1464597582634795014 932114.20032
1464514030568198145 166246.885728
1464357130669023238 131875.795008
1464323993008287744 110459.007072
1464297892542394372 343512.373824
1464296221355524104 487771.68816
1464241910839754755 188333.723808
1464135105237114898 283034.14416
1463976468363595776 327331.90368
1463970338254041101 102070.971936
1463819198853955589 60602.313024
1463581924593737742 408953.937888
1463573785731375117 123189.959808
1463569700898672652 121328.709408
1463561300382998541 493305.806016
1463537004159844353 200940.593184
1463435765350866949 151977.299328
1462829642768056320 82192.817664
1462765241079640070 177042.138048
1462666544593477633 151257.61584
1462411875665289220 203819.327136
1461761358513508361 695114.98272
1461721710001012736 1038577.7232
1461709273663168522 80356.383936
1461632051803791361 236626.96752
1461549792253947907 110508.640416
1460991820033363977 161978.418144
1460919690268663812 79388.533728
1460867922348359683 317752.668288
1460415909936439303 89836.35264
1460392993622564867 63108.796896
1460327870216159240 184238.972928
1460256698149523461 166370.969088
1460209444986490885 215954.679744
1460180839585751044 248017.819968
1459960280767737862 563636.254464
1459935476207525888 70429.715136
1459932937923801091 106066.456128
1459842141165916160 403246.103328
1459812853473550339 833567.195808
1459609738941972482 222481.46448
1459518152249913345 161184.28464
1459287346713706498 946085.986656
1459221242658107398 56631.645504
1459032925454938112 91275.719616
1458849695200129028 161407.634688
1458839783153848322 42163.525728
1458746885712367619 242185.902048
1458516871100215299 129567.844512
1458339300219686912 99490.038048
1458080857378500611 146914.69824
1457967690811858950 218659.696992
1456904036712656896 243401.918976
1456830879146328065 347929.74144
1456666430032711682 335074.705344
1456588789913198594 312466.717152
1456534916775223316 55490.078592
1456361493763608579 292042.596096
1456323848148750337 118003.27536
1456270670958977041 302515.23168
1456219530682933248 564877.088064
1455927864512110596 315122.101056
1455651930886262788 681813.246528
1455562631167762433 232209.599904
1455532190817792021 132744.378528
1455479778010669056 166519.86912
1455305453928337413 917968.69728
1455257613424336900 209899.411776
1455220760985866240 170515.353312
1455169139945975815 133017.36192
1455148970561482759 77229.483264
1454912112103460864 152845.882848
1454763252966215682 76484.983104
1454129591350607875 352620.092448
1453790384405073928 1099105.586208
1453674777630101505 77775.450048
1453671271045152780 130237.894656
1453652927395123200 103113.27216
1453343543091765254 97926.587712
1453331589962899456 79487.800416
1453098787971510276 112518.790848
1453045448575422468 296286.247008
1452927779989823495 60205.246272
1452739623881515013 86907.985344
1452603830579994629 284523.14448
1451579410264567809 170937.236736
1451386255451861029 479557.369728
1451308948624224258 174585.28752
1451301145914265605 369594.696096
1451151176863526915 141504.663744
1450901398829379588 60378.962976
1450839017138921479 95593.820544
1450418031696429056 137533.996224
1450113749117984768 120534.575904
1450112539489185792 284374.244448
1450082992047726592 357558.610176
1450073386647003139 452457.563904
1449794751474057220 135945.729216
1449471969099984896 208236.694752
1449155686227714050 217791.113472
1449047830862180359 215830.596384
1449025939397042184 82788.417792
1449015781807820813 888039.790848
1449009870863208454 71819.448768
1449005870344454154 331600.371264
1449004611327627265 89513.735904
1448996427489755143 229628.666016
1448943164962770977 133712.228736
1448923044219703300 378007.547904
1448660704412585988 454318.814304
1448569584613793792 200667.609792
1448368244314853376 470970.801216
1448302084009472001 568723.672224
1447836888375648257 397364.552064
1446902955354038275 161283.551328
1446676956393705480 112791.77424
1446424880535293959 126465.760512
1446402507140390917 239952.401568
1446151620283224076 187043.256864
1446150908530790401 108026.973216
1445780449326821395 621980.250336
1445767318869463053 129816.011232
1445353541783232520 95916.43728
1445297258849841162 649080.05616
1445264608198111236 139072.629888
1445158077142024194 353662.392672
1445067329524670467 1794121.30224
1444894227473784833 459902.565504
1444887467602194433 102244.68864
1444706846128889860 1151989.91424
1444702311998177284 1135064.943936
1444666573051023368 130634.961408
1443807234937565211 357161.543424
1443534476118745088 681887.696544
1443157880597852164 653025.907008
1442815765896482821 69933.381696
1442582992900091912 320358.418848
1442574762090237955 250698.020544
1442573618622382081 1208770.459776
1442030451472748547 175503.504384
1441877863498719237 916529.330304
1441575501437579264 101127.9384
1441556377311199248 79289.26704
1441482474362703872 90878.652864
1441120481839501329 247124.419776
1441091468047777801 82614.701088
1441071171638804484 87702.118848
1440576480468107269 63456.230304
1440427710002589697 228536.732448
1440317972824739852 139047.813216
1440256440854200328 98919.254592
1440238714211368963 454418.080992
1440190136105385986 64920.413952
1440056646672138246 102989.1888
1439967563023257611 316089.951264
1439957482332381185 179052.28848
1439579551143714819 612549.914976
1438954392347103234 467024.950368
1438939475120361487 361181.844288
1438894496008351747 218709.330336
1438631097416527873 110533.457088
1438155758999416833 122420.642976
1438126667382337538 213721.179264
1438000685329653763 192924.808128
1437727029521272833 110930.52384
1437521791807787014 194711.608512
1437402877564268548 411435.605088
1437183496527695876 153888.183072
1436975974046908420 790584.719904
1436814835287830534 1828492.39296
1436671967239839755 210569.46192
1436418995889004544 701765.850816
1436244221355339785 118325.892096
1436238143087337473 70404.898464
1436189659109990401 975741.909696
1435672643357773828 182228.822496
1435658954491768832 305989.56576
1435255529165705218 257051.088576
1435208009437831170 234145.30032
1434506379771981827 2188929.737088
1433800984069824512 324105.73632
1433670663378808847 77601.733344
1433665762498162697 217418.863392
1433475418254888965 885980.007072
1433271904526295040 131726.894976
1433015355878825985 291149.195904
1433001435499728897 300728.431296
1432688487648665601 139494.513312
1432449278958612482 182253.639168
1432151146500657154 175205.70432
1432002916991315971 193123.341504
1431445683236638722 255189.838176
1431285973929840640 759117.179808
1431281770197135366 167264.36928
1431144223391240192 174759.004224
1430961197025828873 117705.475296
1430959085789265921 728443.773216
1430946105790013443 173369.270592
1430924319706730498 177439.2048
1430910281526308882 163467.418464
1430893253801386001 583861.842144
1430214687090778116 291819.246048
1430207421469929477 1518408.07632
1430201362747432964 130486.061376
1430165188276375563 374036.880384
1430164124672135182 638458.520544
1429736808909312001 225707.63184
1427935182556966914 3677260.006944
1427745822691704832 732240.724032
1427654238499483657 172575.137088
1427649080000401423 287252.9784
1426951178315829251 369569.879424
1426909500951384069 754674.99552
1426819854183641088 1137546.611136
1426742371908210690 574977.473568
1426633266778492928 455460.381216
1426603862652293120 162400.301568
1426223882923610112 148974.482016
1426136337359556611 110508.640416
1426078244672053250 234194.933664
1425964289169534978 209030.828256
1425918053653663755 393046.451136
1425894102386855944 264967.606944
1425825746774237186 2440421.891136
1425381645721477121 182774.78928
1425129473796714498 136963.212768
1425128820550643724 338474.589408
1425092114908598274 412130.471904
1425013441069211668 148006.631808
1424767775663329285 864786.569184
1424655228272619521 123338.85984
1424643513808003074 836247.396384
1423640630312546310 144284.131008
1423026807360655368 239505.701472
1422929268934332421 292414.846176
1422662333101445126 115695.324864
1422603334721155076 122122.842912
1422581651574493184 162028.051488
1422547027163029517 121080.542688
1422216931344621570 123735.926592
1421818451904057347 188557.073856
1421484774535966724 529562.963808
1421458943587536902 156816.550368
1421123107230785542 177910.721568
1421112281329512453 99688.571424
1420746911590412289 338151.972672
1420357628795002881 570113.405856
1420355749100855300 282140.743968
1419977283553697797 167711.069376
1419246578930528257 205357.9608
1418527160436932611 192329.208
1418316994441584645 97380.620928
1418251921404608513 286260.31152
1418205621850017796 143316.2808
1417894291607805958 485587.821024
1417843421956481027 143341.097472
1417826758729027586 81423.500832
1417785214080851972 245461.702752
1417515722054459395 276333.64272
1417515644749336576 198086.675904
1417473340055379968 244196.05248
1417228446963544064 336960.772416
1417227982247272452 506508.27552
1417155940676165632 226303.231968
1417150218395693067 100060.821504
1416700141919158274 467422.01712
1416379402506670083 377982.731232
1415917953145577475 339492.07296
1415665943758389249 165378.302208
1415649478166593536 238190.417856
1415355396282363904 129418.94448
1415299725805375490 143812.61424
1415283413620252672 61669.42992
1414965018874073091 456055.981344
1414936471388229641 190641.674304
1414895566291718154 187390.690272
1414605832134799360 142249.163904
1414600188019322891 142348.430592
1414343693407035399 551500.901856
1414249588802916359 599446.71216
1413522273575874562 259532.755776
1413434327178694661 283406.39424
1413127740069400576 305617.31568
1413088700548980743 135325.312416
1413085447287345156 933578.383968
1413065860600709123 404338.036896
1412800765404581891 454045.830912
1412721112539140099 1600749.794016
1412712874036936705 83458.467936
1412699529321893888 135523.845792
1412383018258505733 94452.253632
1412379289371152386 211189.87872
1412082830788681738 869228.753472
1410900738092326912 224764.598304
1410828414827773954 121949.126208
1410603052126466073 312342.633792
1410320625453965316 331178.48784
1410283196890103810 201511.37664
1409861260565532674 212331.445632
1409811756021657600 215036.46288
1409528789982486533 345051.007488
1409044749508657154 558945.903456
1408861731741392897 172128.436992
1408842471505813505 345373.624224
1408837952889933827 3132856.67328
1408514959072501765 542542.083264
1408462211396276231 574654.856832
1408410740051042305 75268.966176
1408407971030310913 274770.192384
1408387558065807361 608579.247456
1408146917691899904 118524.425472
1408134704554037263 126391.310496
1408086405541150734 251516.97072
1407989462328619010 398084.235552
1407821946830610433 278219.709792
1407788080157843463 887890.890816
1407677351543164929 140313.463488
1407666530616332290 517973.577984
1407601619013931008 474594.035328
1407338309731377154 78222.150144
1406896917649440768 119963.792448
1405622818390355979 98075.487744
1405513183528472579 95866.803936
1405128378894663681 350609.942016
1404934987858731011 636299.47008
1404766060381933573 150165.682272
1404561725748301825 117606.208608
1404488521985953792 204687.910656
1404487897349345282 174138.587424
1404136184994009088 549763.734816
1404065408538365953 135548.662464
1403427482771001351 98844.804576
1402566822956777483 650842.039872
1402269896440942593 182129.555808
1402256751139999756 496308.623328
1402212822340222981 542517.266592
1402192688796012546 284150.8944
1401921424168738829 493678.056096
1401864865548058624 187216.973568
1401858129550323712 214118.246016
1401570735735422986 4408235.080704
1401136708041777156 458115.76512
1400759312490901505 415331.822592
1400420831830974470 176372.087904
1400190166648688647 559467.053568
1399743328397185026 1835093.627712
1399269525921710082 502562.424672
1399056726310199302 199699.759584
1398916911329689602 378032.364576
1398286540464328704 253328.587776
1398256271967625222 82887.68448
1398243152968966145 557705.069856
1397588619188125702 132545.845152
1397539057014611972 120509.759232
1397490052368896001 104775.989184
1397471078776287232 93782.203488
1396835133483802626 127954.760832
1396799266853695489 132421.761792
1396441011866460164 167289.185952
1396100238105092103 126143.143776
1396077756715356162 111923.19072
1395485018483568643 334900.98864
1395464671155654661 1308682.381248
1395370302507528200 171011.686752
1395367772499193861 548820.70128
1395296637359173634 84401.501472
1393370792717701123 394560.268128
1393246665826574336 389621.7504
1392487665891688449 205755.027552
1392444110884179973 108448.85664
1392443121594687493 316338.117984
1392362173595275269 106860.589632
1392215350230540288 305567.682336
1392101533131722759 159769.734336
1392048165088600066 88446.619008
1392025438826946562 300629.164608
1391872110587428868 151282.432512
1391780360929824776 1768733.846784
1391153055647866888 1268603.455968
1391055841365737473 99490.038048
1391018119666278405 81944.650944
1390990295798632453 130138.627968
1390936714252795905 167512.536
1390707064641568770 251318.437344
1390702369839763462 217940.013504
1390622077753954305 74499.649344
1390616681291071489 357384.893472
1390550296124919810 213646.729248
1390338691529330692 160390.151136
1390027489246916609 552816.185472
1389967263961333765 319663.552032
1389958637339168770 88148.818944
1389938126219530242 568723.672224
1389933997086674944 267225.924096
1389498396566859778 102021.338592
1389321998770315267 602970.679584
1388899407240777732 372349.346688
1388174391067004935 127383.977376
1388139098687295489 200146.45968
1388098488639098883 218734.147008
1387921805898305548 125224.926912
1387446608548204546 462433.866048
1387439621072633865 186447.656736
1387423370342502404 260500.605984
1387351367254224896 58914.779328
1387348995056484359 404884.00368
1387288261446541318 194959.775232
1387085063809032202 354009.82608
1386644389250822149 709657.552512
1385634570641584128 222109.2144
1385616832296542209 322889.719392
1385614727599038471 110384.557056
1385557705968992257 46382.359968
1385546307004243970 735094.641312
1385263459156234249 543261.766752
1385181378053124097 267895.97424
1384876719308525568 199823.842944
1384817851219988480 170887.603392
1384618090638544899 1881252.637632
1384615278932381697 2894294.005344
1384599166391885824 244965.369312
1384465461274980355 387015.99984
1384159329566089218 287600.411808
1384101448082853893 179697.521952
1384100765875150849 628507.035072
1383433707936108544 541053.082944
1383419387755913225 383938.732512
1383416192199577605 220793.930784
1383369204619898885 202007.71008
1383143415655903234 281644.410528
1383087153253646339 2794382.083872
1382980170890481666 223250.781312
1382769867191955467 108473.673312
1382725921300418562 261964.789632
1382711186760855552 93782.203488
1382370995298783238 252857.071008
1382314248773251074 377536.031136
1382007704370225153 341874.473472
1381722758711758850 167264.36928
1381673756708458496 147038.7816
1381671567738933257 142447.69728
1381604479179624450 444739.578912
1381596099463483393 259433.489088
1381572195592376323 68096.947968
1381570638146629632 281892.577248
1381301958582136841 121849.85952
1381232534063874055 1189909.789056
1381223610870857735 295690.64688
1380930084027138048 1176409.519488
1380921201221107715 450521.863488
1380915717155983361 226377.681984
1380913736068763649 405628.50384
1380840117284315143 674591.594976
1380500457555165195 1416634.904448
1380493501541011461 694668.282624
1380489002495717378 2433969.556416
1380484570542436353 2114951.237856
1380482227180556298 1029618.904608
1380478516219744257 11133975.076128
1379881057076531206 742266.65952
1379801649951113218 583365.508704
1379801234522181637 148279.6152
1379491163011481602 240622.451712
1379145321217978371 348153.091488
1378451085900320775 409326.187968
1378061431061549060 132297.678432
1378039991033593857 250251.320448
1377325386871230468 289809.095616
1376573092546367488 244593.119232
1376529027880660998 526485.69648
1376391210391195648 725093.522496
1375828241127243778 456378.59808
1375755318995599360 252112.570848
1374887669759680523 180466.838784
1374039168901320711 363291.261408
1373739266610769920 506607.542208
1373265162740830208 264446.456832
1373242072145260547 169001.53632
1372643883423776779 275465.0592
1372582079310004227 631112.785632
1372294788008017924 94576.336992
1372293411726839812 437369.027328
1372230949983944707 123735.926592
1372173338328633351 64821.147264
1371774259408859136 531349.764192
1370802246892539906 496507.156704
1370490907389259776 160191.61776
1370485689045942274 1346552.62272
1370374172766044163 133935.578784
1370372558747471879 1179586.053504
1370077769930047496 86560.551936
1370063073139159040 163467.418464
1369980514644463619 313682.73408
1369978590008385537 686702.130912
1369748806745677832 318794.968512
1369746524020772864 380538.848448
1369729868641017857 166792.852512
1369668945632968715 394783.618176
1369356415056412746 3614548.2768
1369341790176878592 419823.640224
1368549453649567751 87429.135456
1368538275619672068 274075.325568
1368207302491246599 76708.333152
1367408984974643201 365847.378624
1366970677463506944 75790.116288
1366872630939238407 369495.429408
1366682836451868673 120782.742624
1366442190315094020 696256.549632
1366380141518143490 532689.86448
1366368288171843588 290851.39584
1366034286504214649 259483.122432
1365981465675259904 254544.604704
