1482451802016595968 14217992.840691
1482077703259914240 35823466.537785
1481782071353741312 8891017.3485585
1481768613413490690 7505497.8933795
1481768609684738048 19215845.2818
1460782926459719683 36787332.88998
1459294347506028546 51708062.271474
1445152005874348037 9928997.1703395
1445152001814269966 38707883.4067065
1445145154826866692 7132722.791265
1437896257129750528 17697944.4143175
1415467116581380100 9574806.3281325
1415467114505195521 23442409.0173645
1391883876360929281 5571952.3678455
1387200154982256642 910740.5204895
1387200154034266116 887628.967191
1387200152054624257 3517846.6960845
1384313005706399744 8509131.767151
1382380950839980036 1629574.1044605
1380653919152525313 375933.028986
1380653917944619008 365732.6457285
1380653912336830469 172875.536523
1380283288506531844 11465929.4378175
1379921830035693569 4399606.9496205
1374817526866092037 2628988.0936515
1374817523183460353 4042956.8369295
1367542571497639940 6843199.584285
1365115843667918854 4526902.143423
1364364506298675202 6028482.3976935
1362564805064683520 3864575.888073
1359284030735192064 5967615.4532145
1359284028977815554 8576705.81295
1346623290853318656 6881821.309386
1341863830289203200 1685522.5079715
1339706561246027776 939776.679954
1337260826219212800 5823524.5598565
1334635056925724672 2369032.0249905
1329157260740763648 2051422.831233
1328796687909806086 3619347.4960605
1307095072706527233 1721936.478888
1276604569229733888 1671493.4877105
1276365526873149440 3108378.1604985
1275554414829252608 12211787.050857
1275229793093476352 6179140.661094
1267619326384721920 891289.9266615
1267619325579390976 1080737.592696
1267619323515822083 3618872.409717
1266221294346891264 4607052.004197
1262846251252342785 3908619.186741
1261714511716913152 9047516.3793585
1261700905772044288 7622844.220224
1260717292012204037 33815779.5964095
1258923123795087360 8670772.908963
1257482571379699712 2777690.119167
1257089254980644864 6799491.640683
1247643096596111362 11613876.9144345
1243706495793074182 12819422.4841935
1243668424674459648 6262001.3086515
1233490031702093826 5098626.638442
1223417791426039809 1144343.270214
1190678187950379008 1100886.8429115
1190364370540384257 1204902.8058825
1164720241777111040 2513570.0584365
1124474687461806080 4265101.621899
1084152409255866368 14138513.690049
1081236197597372416 2980663.7728635
1081236196968128512 1892380.6911825
1079074867096342528 802029.5865945
1078014522072264705 723835.9637055
1077622384213913600 3399410.4652755
1076172089344839680 2950817.1719895
1075811826838003712 1247940.0393525
1075570304519467009 1440964.826091
1075569986314403841 1717297.400475
1075510639488131072 847358.4130155
1075457262922158081 4743625.3548255
1075198529923092480 1673309.994318
1075127120014254081 1237040.9997075
1075126728329175040 2365231.3342425
1075088729633632256 1830340.0039725
1074729327747653634 2320908.5730195
1073018565006147584 979432.4165085
1072978568752361472 5190737.49657
1072647146539749376 3054777.2424495
1070013650788855808 1804713.287679
1069756640147243009 1215466.4904615
1069709757261496327 2667917.227563
1068248215219302400 4256354.4439275
1067149954857209862 3617279.4731535
1066065437824376833 1471957.2234405
1065329271487500293 534667.760226
1065010036479598592 1142191.4085405
1064659355285499905 2893862.7032805
1063174491432542209 1668251.7220725
1063130499323961345 1034598.3248655
1062497977653182469 798731.9284455
1062052164359598081 1818546.6841515
1061787331336650753 552385.686213
1061008189431386113 1226561.153895
1060591988553277446 1619541.398736
1060251129609703425 3517259.824719
1059605489254887424 2563985.1033585
1059604678269419520 1468547.7802695
1059508125659774976 1878742.9184985
1058087493084557312 1533131.57673
1055869521347731456 1394043.0631065
1054823645246357505 1187324.611173
1054823579328659456 14151145.397535
1054419333462536193 473633.138214
1053721486811451396 2008637.1140625
1053375472694788096 1565661.018132
1053342307271892992 802756.1892375
1053330987159977985 640472.283549
1053153121260584960 776961.795411
1053118787971559424 1676803.2762555
1053097671500562433 752341.1443155
1053015493848662018 1194590.637603
1052972300335607808 678171.7822185
1052666962147299328 1256631.324813
1052259064972013568 834279.5654415
1052014839068020736 3976360.910073
1051596122001682432 1720678.8973905
1050903865313386496 1663528.804893
1050881489842384902 296258.2545555
1050778391245402112 2871282.1288365
1050142049855528960 1389515.7697155
1049771914980409344 413241.2800785
1047596321216114689 2648159.2249245
1047293201122512896 3144680.346393
1045720066925506560 2410336.5906195
1045372317608611841 3156333.9349365
1042873805792796677 1784927.338785
1040647405056733185 485873.598123
1040361416463671297 1480564.6701345
1040316521090871301 1682364.5811
1039992735183319042 2053798.2629505
1039577129040658432 1634101.3978515
1039242564698689536 3399522.2502975
1038115729017593856 719476.3478475
1037757302802141187 902384.590095
1037437132971888640 1030546.117818
1035921048225701891 1036330.9927065
1035286287316647936 793505.978667
1035286086405238786 1285527.753
1035251490032680962 606349.9055835
1035251256145653760 1124473.4825535
1034874088928555013 1914765.641838
1034850431195860993 1028282.4711225
1032986228923224065 1414164.3670665
1032705535450259456 427186.461573
1032609170137251840 656094.2403735
1031948598794244097 444121.892406
1031889581451489281 1118269.4138325
1031261794898243585 719308.6703145
1030211562949234689 1110668.0323365
1030182412024725505 1476484.5168315
1030119377524477954 2183804.2435365
1029881344401260544 3523631.570973
1029881293268500480 2109075.9563295
1029864206793945088 2240199.7871355
1029490244456988674 1596178.329138
1029458716456824834 1345612.202325
1029065307153936386 2024119.3396095
1027940199278497792 597742.4588895
1027601491270492160 3119193.361377
1027276713846161408 1162759.8525885
1027249294011719681 851326.7812965
1026890548362313728 2149402.403016
1026608380700442625 743174.7725115
1026534564100026368 754688.6297775
1026453913585811457 2303526.0020985
1025878910372851718 2836153.685673
1025372446373937152 870190.503759
1024430058126106624 1868542.535241
1023993550508384259 1161390.486069
1023942266812018688 1094347.4191245
1023295001105715200 1601879.36526
1022979704347869184 1777521.5810775
1022975045738684416 1621581.4753875
1021742490561470464 2122043.0188815
1020718975787896832 1114692.2931285
1020066942227365888 715815.388377
1019960017972326400 2239109.883171
1019346841421385729 960540.7477905
1018994287739105281 1251097.966224
1018936314853515269 3051759.0468555
1018869684693848065 2321188.0355745
1018624582868234245 2390550.6417255
1018586447350325251 1376464.868397
1018277927186780163 3798790.402626
1017981561868697600 1801527.414552
1017078000632909827 601654.9346595
1016834188971053056 2093146.5906945
1016804533383647237 556912.979604
1016487029088153602 2680604.82756
1016449587840733184 1466284.133574
1015748478176243712 3084456.1657905
1015322876633845760 883828.276443
1015280499949015040 1784228.6823975
1014557149496856577 1132354.3266045
1014276979187646467 989465.122233
1014196818513719296 3545960.6291175
1011660002732527616 1997654.235651
1011414269869674496 1025683.469361
1011322382953467907 1983820.8391785
1009150596438511617 1455245.3626515
1006649903836291073 3129589.368423
1006237406440325120 1932259.997781
1005984879018901504 3577344.274044
1005857407623483393 2344215.7501065
1005260812074745857 2038707.2849805
1004828101757546498 850767.8561865
1004783269819371520 2630413.352682
1004499751390281729 1895063.5317105
1003784141668798464 1195205.455224
1003758398880526337 697454.6985135
1003682333092925440 2959256.9411505
1002731417338568704 2464161.0787125
1002670485069619202 3257806.788657
1002597225267171329 1822515.0524325
1001627252793147392 1803315.974904
1001554081033408516 2009419.6092165
1001514735559434240 2719617.800238
1000075409122320389 1761704.0004645
996542259683192832 1837745.76168
996479458403143681 742001.0297805
996434213351108608 3082136.626584
992810679924084737 1370791.7785305
992571348559024128 1778080.5061875
992525526073073665 1755695.555532
992514975167139841 1248471.018207
992138912138256384 5191128.744147
991050046920646658 4488867.2896875
990033455743488000 2602103.7958605
989678210051923968 1940057.0030655
988915203277557760 1016377.3662795
988823777080471552 2715956.8407675
988600923437006849 1598609.6533665
987745339196272640 2562140.6504955
986782535760871429 2164241.8646865
986718745006673926 4963003.4605005
986047294717022209 1016125.84998
986023282972471296 2194843.014459
985243629726916608 2553030.1712025
985186755560333314 2190567.2373675
984889711905923074 7994948.6122065
984858628850057216 1570048.5802455
984638029880086528 3393988.8917085
979898687584423936 1530336.95118
979539582344744960 3235841.031834
978316297145548801 721460.531988
977373084683522049 2708271.620505
977341039429087235 2637232.239024
977315411321552896 2160525.012705
976912584732499969 560015.0139645
976889407033704450 1783641.811032
976172180844306432 1697762.9678805
976113646119026688 2327727.4593615
975801540656205824 1024845.081696
974710566458724352 861247.701999
974453006434521088 2582345.793222
974376187819634690 2543276.928033
974339193785724928 2169607.5457425
971935889646637056 1601907.3115155
971899141457661952 1528799.9071275
971869399446642688 1820139.620715
971846315075342336 903921.6341475
970729735453073408 2079145.516689
970086314971422721 1051366.0781655
970041718438580225 2011934.7722115
969994725649518592 1694772.718542
969762194643652609 3215356.4265525
968305565356216321 1855910.827755
968276701997346816 1254954.549483
968276107991683077 1354024.0252305
967912123639783424 1616131.955565
966875680657965057 875584.1310705
964953250691731457 3023281.812501
964923241050583040 1799235.821601
964644742431690752 3265352.277642
964576755112710144 2785207.6618965
963942213658075136 1446721.754724
963916209526800384 857167.548696
963451350049804288 1864378.5431715
962046653740941312 955789.8843555
961784192223928320 1135037.1671325
961746462685220864 4329601.579593
961355032921886720 697370.859747
960965197950267393 1871784.300879
960628564960993281 7773306.859836
959099393571020801 1460499.2586855
958474908924809216 1292793.77943
958413493136486406 2275356.1765545
958144744634318848 1757819.47095
958097025584779265 2336754.099888
957302181291466752 2230698.0602655
956754490400546816 800660.220075
956425898105880576 297459.943542
956422186742398976 548892.4042755
956279534428372997 2547943.9527015
955710725246279680 3094600.656537
954096574908522499 1429618.646358
954051921345642497 1162871.6376105
952957629625749504 15537056.100291
952356376877109248 1213929.446409
951565767501385728 3240675.7340355
951186344973389824 1598833.2234105
950096360975618048 2599672.471632
949820503019188225 1410615.192618
949787830703845376 1868654.320263
948690664388222982 2964678.5147175
948344870518820864 2933797.90239
947919142027440129 1929130.017165
947681772199993344 2410727.8381965
947538872627589120 1579270.8445605
946552346510839814 1286477.925687
944758932672835584 1273427.0243685
944411886510137345 6572595.9922785
944237536943263744 1270604.452563
943918721130745856 4373141.845662
943882882153664513 1536373.342368
942949734192427008 1639830.380229
940354367399571456 588240.7320195
938208007497895942 3679320.1603635
937873325396766721 3228491.1666375
937442769139912704 1571613.5705535
937094665869975552 1336669.400565
937054609838870528 3852726.675741
936809684836614144 1179304.0358445
936708445071400960 2708299.5667605
936045272974659585 5852728.396854
935648883157491713 941621.132817
933846602745286656 1625661.6286905
933768945609428992 1101892.9081095
933489567247884289 2299306.117518
933437820613603328 600984.2245275
933152270442749953 2441887.913079
933106787590574080 1056592.027944
931221215385092096 1053881.2411605
930919274272690177 420954.4465965
930527557824499713 3300676.344594
929925472754036736 1178325.916902
929875761170874369 1571166.4304655
929110568811794432 1960485.715836
928730558561218560 1274405.143311
928689091910225924 629042.2650495
927661324078866433 1433000.1432735
927623069316927489 1055362.392702
927296364421271552 1767936.015441
927014330159296513 1192885.9160175
927000382752133120 1608279.0577695
926244062918832130 644384.759319
925925927464222722 1364531.8172985
925909059282272257 932846.00859
925790901053554688 1129196.399733
925509910200274944 1617026.235741
925444758989955072 3252497.000112
925173605771677696 965962.3213575
925058276923977728 4070483.898597
923312323355344897 1699970.722065
923263574880944129 1095772.678155
921502447587250177 866389.813011
921454948973457413 2811533.0345775
921172680711081984 1236845.375919
920835162664992768 1712853.9458505
920467734089097217 1350726.3670815
920048891126583303 1448594.1538425
918913739788836864 5308530.9635025
918666340726116352 1472599.987317
918636701811134464 1063662.4305855
918611252158566401 1011374.986545
917554285155700736 1603220.785524
917457222627680257 1227064.186494
916118215704629248 2186878.3316415
916068509758705665 775508.590125
914873160989908995 3405474.802719
913861571197235201 1607636.293893
912780549835689986 2741192.309484
912490745147400192 2637902.949156
912361069619941376 556968.872115
911310462494629888 1277199.768861
910602459109785600 3626753.253768
910278015363448832 7076187.5163885
910189698001379328 3154182.073263
909854548168241153 5492585.0022255
908529905729712129 1728559.7414415
908529826595827712 912109.887009
908529675584114688 1146355.40061
907300884501147651 1870135.4718045
906567746057535490 1945255.0065885
905883269702586368 833832.4253535
905569608266067969 2145098.679669
903383030500392962 1346674.160034
903029755229941760 2328370.223238
902596765022658563 996954.718707
901638171255083008 2095829.4312225
901518489634168832 2267866.5800805
901171238609063937 2718108.702441
900841434437349380 2978064.771102
900496485367898112 3661965.535698
900103676936818692 2704442.9835015
899814423409430528 1564179.8665905
899708007281545221 1745187.763464
895403836680134656 1439595.4595715
894700338921525248 1909483.7995485
893676510774689792 2924575.638075
893653722420654081 3725878.6220265
892793522809647105 2257274.949246
890993346084208645 2332701.8928405
890754404885901312 1235084.7618225
890369771010707456 2867621.169366
882360080376754179 1684404.6577515
881000979390443521 1824834.591639
880277810107035649 1318420.4957235
879413660527067136 1714586.6136915
878502026769948674 1674288.1132605
878329351002923008 2020318.6488615
878135240367026176 699047.635077
878123221559590912 989968.154832
877745306028396545 2623929.821406
875950320718942208 2235812.225022
875950029059612673 1451249.048115
875906544248004608 1553979.483333
875553002177925120 2567394.5465295
875369218908332032 861219.7557435
875194810424057857 4175394.141744
874452025572028417 1412236.075437
874168979614343169 876115.109925
873435570701090816 780818.37867
873292612668506112 1232960.8464045
872953083784871936 1640221.627806
872669552932306945 1539056.182896
871895820702027785 1922506.7546115
871603714284437504 1138195.094004
870765014289981442 3586147.3445265
869964382800891905 1782971.1009
869769913375895553 2826484.28127
868922284643205120 947042.706384
867475942393995264 2697512.3121375
867475865822785536 2265491.148363
867475787917791234 2068470.047088
867205145930731520 3769893.974439
866036694977466368 2043094.847094
865812040824139776 1942516.2735495
865409472935600128 670151.20689
865398005288976388 1229719.0807665
864643761091096579 1234386.105435
864341569221959680 1140374.901933
863590007797403648 643825.834209
863244509756436480 535310.5241025
862880906742288386 948160.556604
862798146493063170 2687451.6601575
862155469191876608 761172.1610535
861029982738542594 796775.6905605
860691668324036608 751894.0042275
860597217094230016 782299.5302115
859925502659883012 800464.5962865
858828301413920769 4124587.849245
858461004769787904 1638097.712388
858442698260217856 1440545.6322585
857998578077147136 1462036.302738
857756346124353537 1513653.0366465
857017002845589504 1292234.85432
856962860177530880 3612332.98593
856327397930668033 679652.93376
855918052218687489 1148255.745984
855091807872483328 1785346.5326175
853656918950199296 1649779.247187
853408734768488448 1534556.8357605
852930404948606976 570830.214843
852616056585592832 1031887.538082
851842334304206848 346282.0519005
851677131809603584 1181539.7362845
851436291082158082 1137133.136295
850051131803709445 1009167.2323605
849463429307957249 1651372.1837505
849441841950937090 980466.427962
847644837214011396 1625466.004902
846723502262636544 1647627.3855135
845879200208728066 1454630.5450305
845411164347543553 742392.2773575
845027552435449856 1301121.763569
844698308756975617 2199314.415339
844611519149031424 554369.8703535
843642346193506304 862365.552219
842897632406122496 2506359.9245175
842790022818488325 1625186.542347
841798256153714688 690076.8870615
841696826507972608 899673.8033115
841465284410015744 1446023.0983365
840678039524691972 1724591.3731605
840634663685218304 1037784.1979925
840340140111278083 741581.835948
840308785193222144 2641144.714794
840078213711712257 862002.2508975
839945283551166465 1429339.183803
839704102644805632 848727.779535
839592364444274688 1311210.3618045
839572285921062912 4761063.8182575
839322250255880192 784535.2306515
838940356213411840 1816059.467412
838921501659250688 747422.6033475
838892119704092672 1413856.958256
838817912261492737 623005.8738615
838578137206304768 763491.70026
838523358408953857 4498983.8341785
838302566559539200 688735.4667975
838242928480911361 683174.161953
838188790304935936 568063.5355485
838123789804322818 485035.210458
837841069165391872 1436186.0164005
837792788901150720 445379.4739035
837762870389665793 495850.4113365
837552580817387520 4475257.463259
837421697271681026 645726.179583
837114251315556353 942683.090526
837084515482873859 826734.0764565
837062875629912066 1809911.291202
836759823370768385 476064.4624425
836759742559076354 486935.555832
836729943736229888 1735490.4128055
836693387759632384 2009084.2541505
835604262436532224 616550.288841
835312804202631168 1996424.600409
835264408917987328 827181.2165445
835226654825828352 1323283.1441805
834633381900021760 381075.139998
834502517966925825 470028.0712545
834450605263437824 789593.502897
834266124069920768 370399.670397
834238223366893568 1123998.39621
834209196505780225 931672.265859
834142817886801920 842635.495836
833756965922746369 1388481.758262
833434203106615296 2864547.081261
832778434891939840 715004.9469675
832700579050823681 900316.567188
832392648413573127 897829.3504485
832331534602555393 944834.9521995
832282099952427008 1401756.2296245
832088646597488640 1586145.6234135
831977932511920129 1199229.716016
831672472068038657 1310567.597928
831550675263832065 898360.329303
831238699111297024 2718975.0363615
831208999030751232 1298243.2992525
830959852247728128 1131236.4763845
830853897929490433 1314927.213786
830588405503258624 3215719.727874
830549228447363072 1544841.0577845
830213792483127297 558953.0562555
830141377291886595 1694940.396075
829452486876426240 2126486.473506
828728453524398080 5633825.3775225
828343513435688960 1053965.079927
827981540600606721 780874.271181
827639098856738816 2263926.158055
827273683282468864 570494.859777
827001519794843648 422407.6518825
826970723713380352 858201.5601495
826627471898406913 615488.331132
826221498541056000 856999.871163
826190697837457408 738060.607755
825868676695875589 526423.6148535
825830382406754305 1089121.469346
824814463068954625 978146.8887555
824798149017534464 1450326.8216835
824772007057256448 1360451.6639955
824361644906016768 739094.6192085
824348554160328704 3457901.978037
824109570230321152 978957.330165
824063692861935616 1463880.755601
823963370558660608 409943.6219295
823781125847797761 1368695.809368
823771250975612929 857502.903762
823748362394431489 359053.490664
823318073994137601 1109969.375949
823282588169039872 515636.3602305
823261083603333120 427074.676551
823240939900530688 541766.109123
823027286672744448 835620.9857055
822986690478292992 1574464.0886145
822857294786347008 1342845.5230305
822643189999931393 764665.442991
822621041512091648 1190063.344212
822498126569144321 1264428.3300975
822134265135722497 1019982.433239
821916215086108673 1430512.926534
821827314803539969 921611.613879
821559811066052610 857866.2050835
821538156356829184 663527.9443365
821447896520265728 976134.7583595
821440609986617344 731185.828902
821403641328214016 1410922.6014285
820035102126129152 2511977.121873
819606041285525505 804712.4271225
819334480997548032 979432.4165085
818956391587180546 1214097.123942
817793181248983040 1211442.2296695
817588353860182016 1727581.622499
817549670880681986 2441468.7192465
816389365454684161 1340525.983824
816010370380926976 2098512.2717505
815749372587577344 815164.3266795
815681829722329088 407344.620168
815654950361595904 1901770.6330305
813563547624079360 928961.4790755
813495417090560000 1736608.2630255
812317020092035072 441131.6430675
810977578613927936 809575.0755795
810950712158920704 790487.783073
810897558914465792 2664228.321837
809500818944557056 455551.9109055
807391234427736064 896627.661462
807086251719290880 466031.756718
807043972551974914 1074337.9001865
806598677699522560 557751.367269
804985789792686081 961435.0279665
804842265273208832 924490.0781955
804826289832017920 463069.453635
804823405329453056 465388.9928415
804821676705792001 245731.4246115
804753536034611201 1021966.6173795
804433483565174784 597882.190167
803664202707574784 369197.9814105
803387376647081985 349635.6025605
803052122602229760 433306.6915275
801575964945874944 395579.2466025
800522312298565634 562697.8544925
800474292211183616 1048683.2376375
800074483537055744 1166057.5107375
799812952152887296 494844.3461385
799700762645307392 1628679.8242845
799667022925701120 670766.024511
799531294648651776 1058855.6746395
799524246351384576 3007799.586954
799479635339669504 540536.473881
799445052585979904 406478.2862475
799358539055538176 1943885.640069
798745153653485568 1253585.1829635
798704268203044864 3011404.6539135
797622482983206912 2059527.245328
795442864247291904 792192.5046585
794985342579245056 672638.4236295
793198681562374145 508761.5813775
792438756858933248 1042646.8464495
792252656429338625 332923.7417715
791762712749412352 628231.82364
791739582966403072 695833.8156945
791711024785166336 294721.210503
791135152974028802 841182.29055
791123047868542976 939776.679954
791046510737698818 301791.6131445
791020253601894400 2491492.5165915
790247380486545408 671883.874731
789893024583004160 1237879.3873725
789161208993591297 785261.8332945
788841364129656832 532068.7584645
788777520447401984 1039125.6182565
787381076465332224 578263.918806
786649920602202112 908197.411239
786299099494559744 884722.556619
786269899471458304 9954344.424078
785918575210958848 829892.003328
785676255886573569 1568064.396105
784838694754582529 534555.975204
784438491207741440 930777.985683
783733214204399616 462063.388437
783707111108648960 318922.667766
783706795315298305 291647.122398
783083840696946689 660733.3187865
783042711888592896 659615.4685665
782704171686342656 396110.225457
782639270053851136 977308.5010905
782318890068111360 868457.835918
782255581511888897 587430.29061
781621057249746944 462957.668613
781611815264333825 740463.985728
781575966753644544 977420.2861125
781544855948242944 1124557.32132
781236613959385088 2167148.2752585
781178661772808192 581896.932021
781175406405619712 668949.5179035
780905608874594304 1218121.384734
780852632499871744 559204.572555
780825929539022852 728782.450929
780149649810165760 1149066.1873935
779911123185180672 1421402.447241
779735906836094976 784227.821841
779428524885176321 311796.3726135
779428426147127296 452477.8228005
779410275283775488 604337.7751875
778990246998315008 514294.9399665
778959494797594624 363077.751456
778958530103476224 284884.128567
778823177883398144 3653721.3903255
778257062719467520 1185675.7820985
778006498106486785 424643.3523225
