1508127179091193864 76723.59513
1496275709270327297 28860.52395
1491202563185987585 36059.44116
1491042960045408259 11933.34024
1491042958786764801 19996.99225
1491042957679480835 4561.47607
1491042954575704065 75729.15011
1489425834381250562 458006.78682
1484325281057828866 562423.51392
1483591643257208832 48446.76717
1483582932962856960 124067.82543
1480645018629165057 180816.04668
1479499738336616453 904274.79873
1478879898680926212 365847.67551
1477096743531683843 2041444.29747
1475173619244441606 1188534.74586
1466861844740644883 98536.53046
1466241693188034560 264090.00792
1461716615867813894 170179.80864
1461716611526803458 866356.17775
1461511970407043078 22375.01295
1461511252321226762 44512.22383
1461511140018696195 9425.60932
1461453789567885312 11241.5524
1461453785000288259 175908.67669
1460790447295631364 186523.29636
1460115966579429381 338803.09464
1460110035334406146 379791.52416
1460100162932592642 3539273.06292
1460090713576771588 124132.68054
1459925502337114120 164018.57319
1459925501137629185 142897.4257
1459925498113503235 863178.27736
1459540131791130625 672633.96418
1456696333880995854 29249.65461
1456696090640756749 177292.25237
1455153639085969410 88981.21092
1455153637651517442 49895.19796
1455153634895962114 147631.84873
1452344253187719168 44620.31568
1452344250008440832 67989.77365
1442832135484739588 13619.5731
1442832134431969280 27714.75034
1442832131856678917 74864.41531
1442563857726255104 28320.0647
1442308055128055810 124932.56023
1441800451989647361 21531.89652
1441800449577861127 42955.70119
1441800442271485953 72853.9069
1441493689591746563 21985.88229
1441493686299217922 44274.42176
1440105955161788416 53700.03108
1439246738049703945 16148.92239
1439246736661352455 20126.70247
1439246734979473409 12798.07504
1439246732488024069 159954.31963
1438632107144777731 12581.89134
1438632105328660480 15327.42433
1438632100945661953 7350.2458
1438632092284370945 55602.44764
1436844426274369536 208984.78279
1436748479108354052 257669.35203
1436102307607875587 37875.38424
1436102304332230656 68314.0492
1436102298288205831 176168.09713
1435395712632586240 167066.76336
1435311951266123781 155803.59259
1430150124785881122 14722.10997
1430150123582115841 26806.7788
1430150121006813207 155868.4477
1419737624340803584 37421.39847
1419737622793138179 85630.36357
1417651723049394177 146183.41794
1417643823803498497 65265.85903
1417589763586945025 73415.98452
1417589017499996162 149382.9367
1415876211436187652 87511.16176
1413343942305886213 456904.24995
1407352380056813572 59753.17468
1406256627599167492 34243.49808
1406256626382917636 42372.0052
1406256624357023748 15262.56922
1406256621962018823 208011.95614
1405007006621077509 57612.95605
1404997226527612933 43301.59511
1404976623561150469 45204.01167
1404974777085960192 33919.22253
1404968397167730694 41939.6378
1404896262114185217 24320.66625
1404896259517845504 28687.57699
1404896253553557509 105086.89657
1404782679585869827 18894.45538
1404782678600192002 18894.45538
1404782676326944770 69092.31052
1404579046869114880 48511.62228
1404579013927047173 231230.08552
1403008474661937152 30546.75681
1402789690571472897 69243.63911
1402786169818058756 159478.71549
1402091681797873667 69330.11259
1402091680245944322 314244.62632
1399732548528480258 36967.4127
1399732547639201803 51905.70637
1399732546745868288 29725.25875
1399732541943422976 287329.75567
1398639885221871620 50392.42047
1398639883774799873 191927.88886
1397724870595776514 49030.46316
1397724869203222531 36664.75552
1397724866611122176 31216.92628
1397724811950964738 15003.14878
1397724810835369989 13770.90169
1397724809811922945 14549.16301
1397724808062844930 104049.21481
1397363647433908224 47927.92629
1397363646322388993 45290.48515
1397363645106032641 15716.55499
1397363643898019840 14289.74257
1397363641796677634 28103.881
1397363582535413761 129277.8526
1397221246945972227 68162.72061
1397187616446062595 475474.42978
1396996813907968002 31714.14879
1396996812565893121 37443.01684
1396996810342813699 9685.02976
1396996809105489928 6182.85382
1396996806639341570 17727.0634
1396996753665241096 82582.1734
1396985511101730816 80485.19151
1396868130157248516 112523.61585
1396868129029033997 163975.33645
1396868128127213579 99898.48777
1396868125551960072 226819.93804
1396868080584859648 714724.93057
1396143786581966854 89110.92114
1396143785646694400 75837.24196
1396143784694517762 41464.03366
1396143783780175872 42436.86031
1396143782257696768 81155.36098
1396143723424239618 308926.5073
1395726298098581507 84830.48388
1395726296257384453 184274.98588
1395726294231420928 273775.03768
1394287980634902529 100071.43473
1394287979569586178 106513.70899
1394287978365820936 414834.90193
1393299337606746115 20040.22899
1393299335765442561 40815.48256
1392651039799717888 20559.06987
1392651038356824064 52424.54725
1392598198896807937 99120.22645
1391740048232615939 1015241.89194
1391023262919020547 55840.24971
1390109769093033984 60834.09318
1390109767188815873 82387.60807
1390109762910572546 48273.82021
1390109758640754692 833604.3472
1389941190326358023 37161.97803
1388884039633932291 78085.55244
1388635256257929226 103768.176
1388147195736690690 381434.52028
1388146835223683072 27044.58087
1388146833172619269 88548.84352
1388146782165688322 317098.25116
1387557007360761858 34827.19407
1387556651675394048 74086.15399
1387556645442662401 189528.24979
1387417371825033217 22634.43339
1387417370151555080 46717.29757
1387417365386776577 22526.34154
1387417360244617224 204704.34553
1387144097647968258 41961.25617
1387144095978639369 93088.70122
1387144092480675843 59234.3338
1387144087917187074 414186.35083
1386860325102833664 43085.41141
1386516822934134786 727025.7831
1386358961226539013 74777.94183
1385954204288700416 102017.08803
1385384503452053505 27693.13197
1384760437841956864 217415.94709
1384636469453676553 1279202.18964
1382690087515881485 36902.55759
1382686823412039681 43452.9237
1382686282514587648 71491.94959
1382686191573688321 224290.58875
1382479516409417730 48706.18761
1376193073789607942 127440.29115
1376037730946179072 398664.36117
1375831472523763721 191063.15406
1375252204072759299 77501.85645
1375251989739663363 228289.9872
1375247947852435461 76139.89914
1375247778574557187 33400.38165
1375246700332257282 91056.57444
1375246456769060865 167131.61847
1375245987246010369 98255.49165
1374502608073674752 107162.26009
1373448762199187457 265646.53056
1371992380140830725 233500.01437
1371944515351764999 57785.90301
1371867217973903365 18029.72058
1371866827563933702 97044.86293
1371112411609104386 47992.7814
1371112018657353730 151847.43088
1370858982714249216 2466569.54352
1369721009348153350 197570.28343
1368593267932139525 3565798.80291
1361858015910006784 531228.20601
1361856965601681409 318135.93292
1357332538931490817 57072.4968
1357332095031476224 342456.59917
1354976225119383553 1787212.26627
1354551465021419522 117258.03888
1354551327926456323 463800.50998
1353044063575007232 1213374.25299
1351961690049548295 4295029.65975
1351946952808816641 19079335.68024
1351944754548924422 4187110.75671
1351291689219084288 1176493.31377
1351291433005838338 1049874.52068
1349789706557550596 248849.05707
1341890738293006341 67600.64299
1341890680814264320 179216.2873
1340489753767120897 167196.47358
1340135841751031808 507318.28879
1340098324809076742 54283.72707
1340098235722022912 125516.25622
1340097807009628161 815898.90217
1340029479972958208 32751.83055
1339385756431880193 21921.02718
1339385524889522184 134682.4451
1339077466317578242 124284.00913
1338660080494006273 721599.57223
1338281249304145920 378386.33011
1337596596465307649 1149059.60224
1337095724614430723 503405.36382
1336328229246836737 2051237.41908
1335055444528738310 573902.86839
1329245548495433728 210519.68706
1329245292152188929 5001777.41179
1328760815814578176 60985.42177
1328759229927350276 287005.48012
1328413530501111809 136520.00655
1328412817972719616 563093.68339
1326172826307530754 47863.07118
1326172698553278464 88094.85775
1326172619679346694 145426.77499
1325264071168585728 7013237.03007
1320719164894547968 55840.24971
1320719103603204102 289859.10496
1320533377758470147 159024.72972
1318567012696817664 45074.30145
1318566450202857472 79598.83834
1316537642150846464 65763.08154
1316455368025874435 275418.0338
1309662169911484418 193981.63401
1309661796366774273 95012.73615
1309661541407621122 41766.69084
1309661364366041088 47214.52008
1309661221445079040 131850.43863
1309660968205594625 169336.69221
1309660659173515265 577859.0301
1309311663414407171 82690.26525
1309311522531938304 67838.44506
1309311167257554945 186847.57191
1308912805639344130 1088982.15201
1308814461214568448 696673.59162
1308814326187405315 114166.61197
1308814099934072836 910133.377
1308545904396427267 60963.8034
1308545816941002752 365609.87344
1308215240505675776 123765.16825
1308214211504418819 67708.73484
1307872133629071360 484727.09214
1307163415798923264 1230949.9878
1305301112036233219 174330.53568
1303838757385314304 372225.09466
1303517113332772870 177767.85651
1299550934805118976 6466703.0181
1298795405342314496 458785.04814
1298111578995331074 156689.94576
1298042552306802694 177054.4503
1295884538216886273 81587.72838
1295884437964705797 142313.72971
1295884300949258241 499795.09603
1294091209749729280 45787.70766
1294091121749102592 158592.36232
1293371253378646022 125300.07252
1293370743292649472 128888.72194
1293370297773707264 340705.5112
1292962228233281538 1164862.63071
1290887656977530881 934410.80651
1290834713217826816 165639.95094
1290833599713947648 67903.30017
1290833545523593216 67903.30017
1290833010271694848 137946.81897
1290634524594929664 3138533.33823
1289353929789018113 98385.20187
1289248037953400832 234343.1308
1288981837856071681 210411.59521
1288833564113547265 3492058.54284
1287818691934126081 604276.67824
1284518920846811137 239445.06612
1284518838361628672 217351.09198
1284518772838146048 204185.50465
1284518533448245253 1694253.27527
1284298498901454848 379445.63024
1283434231734112257 144367.47486
1283193976548466688 285794.8514
1281450804470337536 1134272.63716
1280907228803936257 417926.32884
1278157293562015744 150896.2226
1278154777533259776 186825.95354
1278150419739561984 114339.55893
1278149125645709313 210649.39728
1278086613743079425 47517.17726
1278086430439464960 355514.09465
1275627980253995008 137903.58223
1275627150343761920 150636.80216
1275511253138538497 118749.70641
1272916036069851136 59299.18891
1272915793982914560 246687.22007
1271628635527667719 56142.90689
1271628309269544961 126856.59516
1270902925406220288 276412.47882
1270899129619709953 136282.20448
1270898985990074373 58088.56019
1270898755085139972 125256.83578
1270897136859779072 166893.8164
1270896292122763265 297014.78543
1270895719726137346 140908.53566
1270894261085581314 118166.01042
1270889004339277827 163910.48134
1270886640806957056 85003.43084
1270886242893299713 119355.02077
1270885067225739269 649221.26947
1270852500426559488 27217.52783
1270852472643387392 43171.88489
1270852306762977282 239812.57841
1270539179361832961 113042.45673
1270537044184440832 81912.00393
1270536778903179266 85284.46965
1270536655406071816 105670.59256
1270534180758343685 1777483.99977
1270531924751192067 130899.23035
1270530944534032386 167218.09195
1270529325687808000 163283.54861
1270528509396557825 68746.4166
1270526080286445568 116652.72452
1270525364817797124 326588.71559
1270524269160775681 127353.81767
1270523496003784705 170179.80864
1270465750877208576 79728.54856
1270465695566966785 128521.20965
1270465645633769473 615193.95509
1269034585423261705 1801307.44351
1268339270776840192 550727.97575
1266824129191251970 69805.71673
1266823691977056256 695095.45061
1266459344943620102 3116979.82334
1263832384270671873 44922.97286
1263652088753635328 115939.31831
1263651807034818561 845732.25277
1261770946756648966 151501.53696
1261097465589248001 37529.49032
1261097353152532482 235078.15538
1260323546561200131 254383.35979
1260194691083010049 71989.1721
1260194254741295105 234580.93287
1258127656203272193 74410.42954
1257422129496236037 278985.06485
1251656625947136001 156495.38043
1251656521882140672 3280047.18825
1250276194907381760 261560.65863
1250274404577079297 54391.81892
1250274169004032000 176276.18898
1250269587599319043 121603.33125
1250269478304100352 40361.49679
1250268740605919232 313206.94456
1250266899801346048 20688.78009
1250266527074594817 136930.75558
1250264189148545024 20234.79432
1250264075965267968 54651.23936
1250263915776409600 115658.2795
1250262424910991360 24428.7581
1250261965278269440 297944.37534
1250261605327216640 17618.97155
1250260555056713728 84700.77366
1250192685786423304 20559.06987
1250192563623034881 28817.28721
1250191240307576833 184966.77372
1249813653177733128 84181.93278
1249813492602994688 97477.23033
1249699624102830081 490974.80107
1249360137371947009 210411.59521
1249151235548217345 46047.1281
1249150745246674944 184858.68187
1248765366043578370 40188.54983
1248765313300287490 425989.98085
1248045948816760832 41658.59899
1248045697829609473 286983.86175
1248042559030657024 32795.06729
1248042472292450312 34870.43081
1248042320068575240 165531.85909
1247505717873053698 31065.59769
1247505534284152833 53505.46575
1247505399026266112 280606.4426
1246956507566137344 38437.46186
1246956364200583168 327604.77898
1245725826936602625 67384.45929
1245725704760758274 331409.6121
1245725359406022657 41874.78269
1245725309577633792 22720.90687
1245725229378404352 386493.21886
1245696378623479810 47776.5977
1245696239804571651 22958.70894
1245504933060849664 57634.57442
1245504809102381061 62866.21996
1245504735962071047 374862.5358
1244783264478498816 27606.65849
1244783195327008770 395464.84241
1244428770796331008 41896.40106
1244420627488026624 483235.42461
1243925763470045186 690425.88269
1242995257748287488 487904.99253
1242932616350830596 29422.60157
1242932426747326466 230322.11398
1242812657352261633 145534.86684
1242811947378229250 632985.8736
1242641837954744321 88613.69863
1241835138000044032 292647.87469
1241569317264609281 786065.55157
1241551557931474949 109799.70123
1241551382391533568 422876.93557
1241550834812571648 1317618.03313
1240150930840051712 22621246.1843
1237934393525768193 423979.47244
1236574271356403719 603649.74551
1235467416324489216 393778.60955
1233945405928329216 943014.91777
1233479748988362758 222496.26404
1232856534981341185 128953.57705
1232510200474587136 280541.58749
1232503573742678016 50500.51232
1232503074360418304 45225.63004
1231450051550969856 497200.89163
1230313906163343361 159003.11135
1228891445215539200 182740.08161
1228890514189094913 624338.5256
1228469016194437122 230581.53442
1228369983299870720 42199.05824
1228367170620530690 161662.17086
1227780667045400576 373392.48664
1227771470815719424 56964.40495
1227441462771671043 42415.24194
1227434787637317632 75988.57055
1227430029048467456 61590.73613
1227341893350100995 106211.05181
1226289672105664512 884602.08203
1224111101358563329 94212.85646
1224110885767127041 367555.52674
1223728800258764802 509890.87482
1223091211789119491 223512.32743
1221286759792889862 219664.25757
1221286647117029376 2056447.44625
1220888505724866560 1017576.6759
1220511852540710912 199710.50206
1220191949010980865 119981.9535
1219618257411493890 65352.33251
1219618182417260546 230754.48138
1219039993001390081 42804.3726
1219039749014507520 386125.70657
1218927057268281344 245887.34038
1218662574318915584 115485.33254
1218662053742772225 366085.47758
1218532226708709376 77631.56667
1218274740697214977 651512.81669
1217874053299605505 84960.1941
1217873744376496129 207557.97037
1217628312945688576 99898.48777
1216446687398584320 122900.43345
1216419533587668992 698035.54893
1216143086633484290 238407.38436
1215754359906217986 1077156.90362
1215273839145443329 143113.6094
1215107872297832449 299133.38569
1214358263665438720 160451.54214
1213867468562796544 129083.28727
1213857314178060288 1393563.36694
1213123852001333248 493871.66265
1212790087513255938 370776.66387
1203888524107436032 5489876.96965
1203346725697736704 956007.55814
1197153768674152448 402663.75962
1195464695349727232 238169.58229
1193206372554465281 413581.03647
1192962520694349830 175411.45418
1192883810909741056 180081.0221
1192661644435963904 103616.84741
1192660863376936960 137709.0169
1192660207517732865 348985.34691
1192564087772864514 474198.94595
1192439599882264577 25639.38682
1192437784239325184 125083.88882
1192148748945829889 171476.91084
1192148316919881730 483559.70016
1191929074530152448 201591.30025
1191916398517207040 60185.54208
1191916076696662016 158095.13981
1190322443187113984 80658.13847
1190262326588559365 34438.06341
1190262251225329664 152366.27176
1189949097790361606 295025.89539
1189664323611709440 443349.53196
1187894288673312770 1349937.49628
1187874410948124672 294615.14636
1187436887771942912 70367.79435
1184652260397051904 160732.58095
1183130770090725380 490520.8153
1181952786587619328 295523.1179
1181565464717205504 247660.04672
1181565069890424837 368312.16969
1181564468981047296 3012908.99016
1181283240683933709 259701.47881
1181282914585268224 2206284.36872
1180506341376512006 206390.57839
1180198445044420608 1376074.10561
1178065220561977344 61201.60547
1178065000746901504 481484.33664
1177950583749271552 66541.34286
1177950478711308289 446203.1568
1177360427325566976 51775.99615
1177360220722536450 260825.63405
1176662578510082050 547658.16721
1176661134419648512 1001579.0821
1176630827947573248 222561.11915
1176484836653117440 156149.48651
1176224114689925128 302808.50859
1176116533006934016 402598.90451
1175945677978906635 925871.55036
1175772019742400514 154117.35973
1175182362377932800 179389.23426
1174165558599639041 93910.19928
1172893053553729536 34913.66755
1172892748132884480 329074.82814
1172512107956490241 266922.01439
1171968295878254593 222755.68448
1171946350763827202 98255.49165
1169231966295797760 1161641.49358
1169032688776429569 111140.04017
1164311532265623552 810515.92804
1164306180610510848 284843.64312
1164209846268203008 141924.59905
1163220880136130560 1462007.12636
1162130850915504128 214086.71811
1161844226327535616 93866.96254
1161834032612511744 95747.76073
1161792630558273536 45485.05048
1161764124294098946 77393.7646
1161749478728224768 121970.84354
1161417639731838977 391724.8644
1159849729997623296 195473.30154
1159480411258531840 868972.00052
1159322339995054080 282206.20198
1158798957834690560 1678039.49777
1156645700542840832 466329.85927
1154041200833228809 1002141.15972
1149543001569427461 435718.24735
1148006608208687105 1233609.04731
1144780715449442305 9482227.83103
1141185342357348352 114685.45285
1141179686950715393 143762.1605
1141173145895952385 79058.37909
1141167708882571264 96180.12813
1141166303371304960 49938.4347
1140003199182491648 635061.23712
1139575730826895360 409127.65225
1138989077506666496 313379.89152
1138986653756796929 78388.20962
1138956217936560128 87208.50458
1138928545118507008 402166.53711
1138227131090178049 1080680.69793
1137467211260583936 503448.60056
1137353993808752640 609075.95638
1137058933565272064 68162.72061
1137040594881003522 467951.23702
1135629569007001602 755778.2152
1135625672074960901 1440583.32169
1134948757299179520 138768.31703
1134571647527280640 83446.9082
1134479103522983943 1952636.03351
1134305455638024192 92980.60937
1133565116304089088 184037.18381
1133563317564239872 3217807.90102
1133487559529717765 255226.47622
1129806161019060226 209222.58486
1128878057568313344 1337312.3682
1128509702453846016 275266.70521
1124848915671441408 229025.01178
1124402679357300736 207493.11526
1118498191362678785 1311435.17931
1116359271757828096 1710661.6181
1116169372173840389 1856304.57679
1116135070706929665 1979745.46949
1116078397472555008 556673.0275
