1494698498331136000 66.60408
1494715999916109825 0.16359
1494751033704304643 28.74521
1494750747212361733 0.573401
1494768683406614529 3800.811014
1494779684642566156 0.599868
1494782743926157312 1.709736
1494783697073102854 1.852543
1494787883567394823 3.101503
1494795107886788609 124.1011605
1494794938554646528 3028.28608
1494796183939817481 2.0594175
1494803240076169225 1.0074275
1494803206391492615 2.845656
1494804596576899073 2700.8818515
1494804679754063872 1.368819
1494836631060160512 1.380477
1494838024575893504 13.372008
1494838405947002883 15.8407645
1494839694848413701 6.9136225
1494839678939320321 4381.00228
1494854357531049985 12749.7518565
1494859822193201157 11.829168
1494861142874800139 10.914332
1494867270513967106 77.838912
1494867430690205706 9.44736
1494869870835474435 46.7015285
1494875129062608896 3.0067605
1494881929644154884 1.774899
1494881858902966272 18.768105
1494887220351799297 607.610796
1494890235259412483 1.972311
1494894057545510912 39.729104
1494910717123727360 179.9878875
1494927421912625152 2.7766375
1494935844863750145 728.7102675
1494958958406078464 410.84004
1494977564825333762 0.0609
1495005303666094081 443.163021
1495010352798515203 1604.4699195
1495010563566587908 627.07164
1495017716402561029 9.533568
1495017554821189635 23.019497
1495020366976237572 5.879904
1495022437674721286 8301.2218575
1495064752187318275 11.4052695
1495074350919262210 0.992088
1495077986441256967 0.032688
1495084525902340101 4.307486
1495084501285888000 82.2599305
1495096481543593989 49.49096
1495102137071714314 13.427337
1495108709042765825 0.155004
1495110945932300292 7.580777
1495139891679674370 0.1020965
1495202730788327425 0.229407
1495205337254739968 5.294506
1495214345961181186 0.094977
1495219026401927170 10.544829
1495431273917079553 2.723058
1495438620982972418 13.3459375
1495438972859916293 74.8657
1495473374876872718 4.471177
1495473329318154240 6.3789465
1495475235264606212 2.025907
1495476008442425346 0.8042985
1495477178678784000 94.1906955
1495478364156608514 4.268827
1495481284960960514 0.0863955
1495486919433666570 47.62775
1495486664407400449 22.646232
1495487129677287425 3.201462
1495490468888592384 567.650185
1495491700042747905 0.2355255
1495498163339382789 21.210912
1495499899143606274 14.2064985
1495501250414186497 11.400313
1495503411663577089 38.8021095
1495511326872850432 6.086144
1495514095021281282 1.515045
1495518059443986441 5.3231225
1495937794983829504 8.2329115
1495941175961956354 11.522112
1495944092299235338 4.510635
1495945434988220422 13.153447
1495946669397094400 0.211788
1495954105474371585 0.0518325
1495964123171110914 13.514398
1495968397548560385 2.710176
1495969369184247811 0.3456405
1495969112962609163 0.47244
1495971649207902210 24.833919
1495972697800593408 0.1820595
1495975544479002625 8.210776
1495980192237379584 18.5813925
1495990084847427586 50.346828
1495989523796406274 5.4057735
1495992971920961536 0.228879
1496002381284360195 0.336182
1496006478989172740 0.131066
1496009228863029248 0.409156
1496013309249986560 0.055063
1496021047262515202 87.554432
1496037485243256840 10.399263
1496037993802575877 0.593289
1496047391249735682 7.845396
1496048511925866496 852.587296
1496048622336888836 0.3693105
1496050143560405001 0.3447215
1496068293739823108 12.317401
1496069874753445888 0.11735
1496074344073629697 4.6783605
1496080065054007297 37.257587
1496081495412379649 20.062656
1496086568817278985 120.532687
1496097445897551873 644.4730785
1496096182338211842 1.5153505
1496098331789082625 14.9329965
1496099047568216064 2.505329
1496100539993665541 476.463798
1496112020843864064 1.2242775
1496112435182329856 0.8310345
1496114698315612160 15.1872215
1496116511249166337 0.2141575
1496120006123401218 0.602133
1496122612530958342 16.83612
1496126285264871434 2.1153525
1496129083356373003 16.251354
1496129200792784904 14.8620675
1496130913121579008 0.1551655
1496132203742474243 0.200736
1496132763585585158 11.084101
1496132618559102982 16682.307924
1496132518847959041 865.783136
1496133463723945984 146.338731
1496134512006385674 775.353368
1496133657064583177 1.562712
1496134698053083145 3.135468
1496135310484385799 0.246443
1496135048038395926 46.82563
1496135663036637187 0.1323135
1496139420029837320 0.058351
1496139419451113480 1.40606
1496140364155084808 5.372274
1496143045875617800 3.516084
1496143851773440025 0.126672
1496146625269534720 32.9592675
1496146009164025869 0.1066275
1496148018743103497 789.6532065
1496147814086283268 0.850275
1496148510739157007 0.574896
1496148457643458563 43.4920045
1496149568647540738 0.08096
1496151941939871753 13.296393
1496152100073529344 0.320565
1496151712607911945 0.083607
1496152807543492608 1.256682
1496153485166919684 0.4746
1496154572246724610 146.528739
1496160365142581257 0.464832
1496161331409469447 212.0428805
1496161514264403975 0.1684125
1496162951593697283 4710.0490635
1496162731371733001 0.836468
1496162618360270850 9.483768
1496163656190603276 2.88792
1496164311613517826 8.15275
1496164131271065604 58.184149
1496163611366068224 0.033486
1496164839600934918 9.22792
1496165917000146950 0.539775
1496166417414164490 25.061995
1496167288638418945 20.0001585
1496167080080597002 614.6130015
1496170592768249858 0.090564
1496172134523195398 664.497488
1496172025936859140 40088.562444
1496171726845136900 0.108792
1496205764759011328 1348.695362
1496205751903301636 7.628712
1496206534799466500 7.1331015
1496206915730239489 2.066568
1496207198598348800 2.174328
1496218786357198855 18.3874875
1496218344193933313 0.080058
1496218239520718853 0.0318255
1496220778249043976 7.2273375
1496220733697105927 3.791537
1496220752185487362 0.215388
1496221766326304771 0.410568
1496222422315548674 196.813168
1496225223343022090 19.145945
1496224938369646593 10.5484275
1496227208662290440 0.1241955
1496229242769747975 0.22827
1496231585175470080 0.320382
1496233306765291521 1.776747
1496236552237764608 2.84394
1496237391136403458 0.4386145
1496238754272784384 3.37995
1496241027900112896 4.7095945
1496242898878218249 0.9551375
1496244990569234440 95.233347
1496248207575339009 33.228902
1496249462930481156 6.601728
1496263058573991946 0.155832
1496262896556425216 13004.707833
1496229242769747975 0.22827
1496231585175470080 0.320382
1496233306765291521 1.776747
1496236552237764608 2.84394
1496237391136403458 0.4386145
1496238754272784384 3.37995
1496241027900112896 4.7095945
1496242898878218249 0.9551375
1496244990569234440 95.233347
1496248207575339009 33.228902
1496249462930481156 6.601728
1496263058573991946 0.155832
1496262896556425216 13004.707833
1496266088375533573 67.13326
1496267697591664643 1.062737
1496268579703963648 2.421049
1496270025396834306 19.983744
1496271417440149507 0.253236
1496271387765649409 0.788096
1496271193271410690 0.075969
1496272799568363523 40.0142665
1496272711760314368 1.616715
1496275453715300354 1.215975
1496274862440128517 3.54771
1496278690686279688 3.70884
1496280166552961026 2.168259
1496282586771079169 17.722152
1496283700618838018 5.951925
1496282429639643137 0.381996
1496284484190285826 1.71857
1496286386751688705 1.228539
1496289816601927680 1.092597
1496249462930481156 6.601728
1496263058573991946 0.155832
1496262896556425216 13004.707833
1496266088375533573 67.13326
1496267697591664643 1.062737
1496268579703963648 2.421049
1496270025396834306 19.983744
1496271417440149507 0.253236
1496271387765649409 0.788096
1496271193271410690 0.075969
1496272799568363523 40.0142665
1496272711760314368 1.616715
1496275453715300354 1.215975
1496274862440128517 3.54771
1496278690686279688 3.70884
1496280166552961026 2.168259
1496282586771079169 17.722152
1496283700618838018 5.951925
1496282429639643137 0.381996
1496284484190285826 1.71857
1496286386751688705 1.228539
1496289816601927680 1.092597
1496266088375533573 67.13326
1496267697591664643 1.062737
1496268579703963648 2.421049
1496270025396834306 19.983744
1496271417440149507 0.253236
1496271387765649409 0.788096
1496271193271410690 0.075969
1496272799568363523 40.0142665
1496272711760314368 1.616715
1496275453715300354 1.215975
1496274862440128517 3.54771
1496278690686279688 3.70884
1496280166552961026 2.168259
1496282586771079169 17.722152
1496283700618838018 5.951925
1496282429639643137 0.381996
1496284484190285826 1.71857
1496286386751688705 1.228539
1496289816601927680 1.092597
1496290633979506688 6.676843
1496291388970999810 0.171345
1496292474742276096 0.144438
1496294479518650368 167.35862
1496296744354824196 2.27625
1496300100724920325 0.158661
1496300096681652226 744.267723
1496302543693041664 183.1594545
1496305946574061569 0.078953
1496305876373839880 0.173242
1496306047149277185 0.071505
1496308087342485507 0.131514
1496313274366844940 34.38541
1496316657136017410 1.456728
1496319411824828417 15.629484
1496321822224265219 0.383926
1496322123736166400 0.062172
1496324417273712644 1.3399595
1496324747600269314 2.999328
1496324707683086344 1.354016
1496326448067399684 5659.109612
1496329227578359808 0.3554125
1496328750551773187 0.404172
1496330189764284417 284.2310455
1496333009661923331 3.190928
1496332938308464643 0.986115
1496333998171246592 3.885385
1496334373494403077 3.9696315
1496337551514562561 96.169005
1496340359542149123 0.38399
1496346328749645824 0.10571
1496346971866497027 0.887913
1496346580525322247 0.101292
1496347588324438016 6.27375
1496347594313789440 1.97314
1496349179547111425 5.4014985
1496349096961003527 1.420713
1496348431375564804 0.0536585
1496354655714131968 1.872936
1496352965321535497 8.865064
1496356886240706560 0.061947
1496360464741195782 224.126528
1496363339986788352 0.5186525
1496365946562551808 104.114937
1496374204228411393 0.238989
1496378063122321413 6.1256505
1496386224013127682 0.716711
1496389408391671816 3.791537
1496394259339091971 27.8952905
1496400988911316992 2.236872
1496403127037468673 0.0550665
1496404461899550721 0.322677
1496412380405846018 18.863091
1496412547603636229 0.132957
1496416802045415426 38191.654944
1496427633562865665 69.791995
1496432145245503489 0.460647
1496437303518109696 0.0969825
1496440952776450055 1.856481
1496442918634143746 10.975707
1496447268219719684 18.2697075
1496445806416650245 2.906244
1496453597147672583 5.424977
1496456186547236866 305.7150215
1496457947928530944 0.889461
1496456305497808902 0.15995
1496459980614127623 0.36747
1496466050686361603 55.912516
1496467392364433412 255628.433604
1496468215769272325 16.43005
1496469905117380610 3.539907
1496472630039392256 2.3360505
1496474926357757961 56.947605
1496474913711996934 0.1818525
1496479962693574657 0.208962
1496498963935113220 9.052008
1496500260704862212 0.1586865
1496500000968355846 3.958767
1496527501887250433 110.8063715
1496527254645530627 1.3845325
1496527082096103426 0.1666005
1496529305790291973 55.32184
1496530794856124421 33360.275411
1496530330483892241 119.067165
1496530269402279939 0.165564
1496530044319113217 269.294368
1496531707423596558 1.664832
1496532355439374346 0.998244
1496533458339909637 0.415359
1496535342354157571 14556.655368
1496535079832768520 0.530372
1496538428867059712 1.2018875
1496540233067859980 2486.414573
1496541422291460102 0.0996345
1496541813116653569 4.19588
1496542861751373826 26.4501
1496543323179429894 1.641627
1496637976725630977 0.52365
1496637766335094787 0.39756
1496640814012768259 1.146167
1496641772189097984 24.362291
1496642796488478729 2.16657
1496643538058104837 8.1639565
1496646057559744519 75.714661
1496645839833509891 64.8395585
1496650608660533249 0.0355635
1496651304013340673 4.2001875
1496651092477759489 1.05282
1496653619667554305 38.5509
1496671617254137857 2.0507565
1496673670936219648 0.0
1496666123366023177 5.897752
1496664933563572228 3.4813305
1496661724556107777 9.169368
1496659780798193669 1.556208
1496658638026457092 255.331632
1496657055146516486 5.285169
1496656285806120967 6.89667
1496653778220687362 2.350255
1496647331193798658 9.481497
1496681288744386560 0.88956
1496664755951611907 6.39192
1496636319014998017 2.7615095
1496633257919754241 1.465497
1496633056056201221 3529.786617
1496632212963442697 24.280761
1496632138992599043 7.3290665
1496632001998123009 2.503605
1496631979734933509 1.5724745
1496630954491723778 4.5822425
1496628671574122496 2.387011
1496627440466075648 2.0104395
1496626166987382784 43643.878908
1496625921247395846 3.952311
1496625738396495872 2.986585
1496625128238718977 52.7594
1496624411402776577 20.189676
1496623474487566336 4.9102515
1496623407156322304 125.607559
1496621913619107842 13.791459
1496621156648067081 3.026904
1496621140269273088 1028.196936
1496620384636084229 44.762348
1496618371437273092 7.299952
1496615892557389824 563.7731295
1496615665746251776 18.268272
1496615475802951680 68.222025
1496615292688113675 4.702584
1496613383919001603 1.217768
1496612738944147461 2.604664
1496610420228083722 30.279288
1496609866655227904 1.0231875
1496609641953955842 8.865064
1496608808575119364 3.863282
1496607454653820934 37.41705
1496606199999049745 311.473061
1496605477467271175 5.31111
1496604536663941131 86.4372575
1496604448172515328 7.062776
1496603879693340679 2.5958145
1496601319473360898 199.47824
1496623474487566336 4.9102515
1496623407156322304 125.607559
1496621913619107842 13.791459
1496621156648067081 3.026904
1496621140269273088 1028.196936
1496620384636084229 44.762348
1496618371437273092 7.299952
1496615892557389824 563.7731295
1496615665746251776 18.268272
1496615475802951680 68.222025
1496615292688113675 4.702584
1496613383919001603 1.217768
1496612738944147461 2.604664
1496610420228083722 30.279288
1496609866655227904 1.0231875
1496609641953955842 8.865064
1496608808575119364 3.863282
1496607454653820934 37.41705
1496606199999049745 311.473061
1496605477467271175 5.31111
1496604536663941131 86.4372575
1496604448172515328 7.062776
1496603879693340679 2.5958145
1496601319473360898 199.47824
1496905272119508998 7.307883
1496905258517282818 9.522036
1496903219494244360 5.757571
1496899993403367430 53482.417758
1496898200367677441 1.1892
1496897712121270272 4.072078
1496896869171138575 1.007445
1496890402049298437 84.2968355
1496889782902964224 4.9918625
1496889674282848256 13.251126
1496889562140127233 2.395483
1496885694597320710 5.734185
1496885387607912453 31.8831
1496883502960230402 6.9141
1496880443521748995 6.857136
1496873480717012997 27.3304745
1496872555591966723 2.220336
1496865618989129729 6.9127875
1496863463657951232 4.02978
1496862770737909777 262.23853
1496862617624846338 9.620814
1496862482463346688 4.9518
1496862413366378499 2.93676
1496862216980676609 5.201273
1496861016843591682 1.419865
1496860240452939782 92.899611
1496851439041138693 3.5292895
1496849530351984644 4.378768
1496848174924840966 35.972694
1496849530351984644 4.378768
1496848174924840966 35.972694
1496848174924840966 35.972694
1496849530351984644 4.378768
1496848174924840966 35.972694
1496848174924840966 35.972694
1496849530351984644 4.378768
1496848174924840966 35.972694
1496848174924840966 35.972694
1496849530351984644 4.378768
1496848174924840966 35.972694
1496843685769539589 2.155065
1496848174924840966 35.972694
1496849530351984644 4.378768
1496848174924840966 35.972694
1496848174924840966 35.972694
1496849530351984644 4.378768
1496848174924840966 35.972694
1496848174924840966 35.972694
1496849530351984644 4.378768
1496848174924840966 35.972694
1496848174924840966 35.972694
1496849530351984644 4.378768
1496848174924840966 35.972694
1496843685769539589 2.155065
1496843685769539589 2.155065
1496843685769539589 2.155065
1496843685769539589 2.155065
1496843685769539589 2.155065
1496843685769539589 2.155065
1496843685769539589 2.155065
1496843685769539589 2.155065
1496843685769539589 2.155065
1496843685769539589 2.155065
1496843685769539589 2.155065
1496843685769539589 2.155065
1496843685769539589 2.155065
1496843685769539589 2.155065
1496843685769539589 2.155065
1496843685769539589 2.155065
1496843685769539589 2.155065
1496843685769539589 2.155065
1496843685769539589 2.155065
1496843685769539589 2.155065
1496843685769539589 2.155065
1496843685769539589 2.155065
1496843685769539589 2.155065
1496843685769539589 2.155065
1496843685769539589 2.155065
1496843685769539589 2.155065
1496843685769539589 2.155065
1496843685769539589 2.155065
1496843685769539589 2.155065
1496843685769539589 2.155065
1496843685769539589 2.155065
1496843685769539589 2.155065
1496843438616109058 212.160587
1496841032792637443 5.554107
1496843685769539589 2.155065
1496843685769539589 2.155065
1496843685769539589 2.155065
1496843685769539589 2.155065
1496843685769539589 2.155065
1496843685769539589 2.155065
1496843685769539589 2.155065
1496843438616109058 212.160587
1496841032792637443 5.554107
1496835402904211457 1.465695
1497999354736496641 0.18515
1497999135055618050 0.046575
1497998914879832064 1.354522
1497998282533920773 0.01035
1497997928333336580 0.0009735
1497997747206574080 0.004911
1497996991665692675 4e-06
1497996467910414340 0.0002745
1497995487584137220 0.07376
1497995439177666565 0.001665
1497995416104701955 1e-05
1497994952344621057 0.095355
1497994948502855686 154.832685
1497994817036423171 0.19647
1497992885030981636 0.008019
1497992190596988936 0.002484
1497991950871535618 0.2324595
1497991747053359111 0.00024
1497991432304402437 0.038376
1497991305330184192 9.028415
1497991229555896322 0.00249
1497990733239832579 0.1071
1497990297770291201 0.0014325
1497990148344229888 0.0164325
1497990066492166144 0.00376
1497989944731742222 0.0010395
1497989896958586886 0.238968
1497989368920911875 0.0593075
1497989346896478209 0.00095
1497988353509269508 0.005555
1497986489052971022 0.0257805
1497985015434694662 0.003156
1497983935300706314 0.0091205
1497983525601132546 0.007238
1497982624756764675 0.569592
1497982233000525829 0.166661
1497982087999201291 0.015552
1497981615670104070 0.056106
1497980888407281667 0.000553
1497980864080367627 0.005151
1497980761970032646 0.004884
1497980454787596289 0.0218655
1497980173756555264 22.5323865
1497979847502614529 0.017928
1497979846458179588 0.012008
1497978152789942274 0.000621
1497977970555854849 0.044748
1497977945121607683 0.008586
1497977467654393856 0.010231
1497977464546594819 41.855813
1497976745210769411 0.00096
1497976509239341056 0.020847
1497975905695805448 0.002222
1497975782009880577 0.027909
1497975758588825602 0.179856
1497975579609473026 0.009732
1497975200595558407 0.133848
1497974142058078223 0.000294
1497973925254365187 0.0002295
1497973803170762756 0.659952
1497973481434234887 0.0127575
1497973072418148354 0.00072
1497972904549847041 0.773415
1497972838434689025 0.001284
1497972738966929410 0.00875
1497971146427285506 0.000402
1497970929082589184 0.000492
1497970765974491137 0.00188
1497970515931123712 0.054564
1497970259646627850 0.000633
1497970153333665799 0.001357
1497969703108575232 4.5e-06
1497969575568322564 0.018711
1497969043940147202 0.000969
1497968917859520512 0.005562
1497968418028457986 3.6e-05
1497968048246038528 0.000462
1497967701133647875 0.000336
1497966116764889097 0.005474
1497966035999203331 0.638022
1497965991745269762 3.15e-05
1497965203723489284 0.00472
1497965082646650886 0.009351
1497964733554696192 1.45658
1497964236529491971 0.28785
1497963889656406023 3e-05
1497963748295733248 0.0430125
1497963309269663747 0.0103125
1497962604257370117 0.00034
1497962531431890944 0.059619
1497961559687143424 0.00045
1497961418527625219 0.000212
1497958703550586888 0.329976
1497958513758330884 0.0008955
1497958440391495683 0.1352
1497958115647668228 0.013442
1497957716303790082 0.624312
1497957524745728005 0.024387
1497957321456205827 0.182115
1497957205764681731 0.022785
1497956910464528384 0.0012465
1497956467919314952 0.043299
1497953817484218376 0.659952
1497953237307215875 0.000564
1497953175134867465 0.036608
1497952784636944387 0.14526
1497952645155364870 0.0262395
1497952155411615748 6.614489
1497952043532759041 0.000798
1497951985059909639 1.4144595
1497951735926738947 0.112258
1497951469651505154 0.038232
1497950895451029505 0.0260845
1497950500804833289 0.025225
1497949759465828354 0.002358
1497949627957477382 0.000756
1497949137580478464 0.316187
1497948934836301827 0.162708
1497948814531047427 2.241648
1497948649875148800 1.8e-05
1497948146831441924 0.002015
1497947924403216395 0.000231
1497947613504618498 0.027555
1497947600619671557 0.000208
1497947555237285891 1e-05
1497946935252115456 0.000396
1497946694239113216 0.0041355
1497946424218169351 0.33088
1497945559876837378 0.000222
1497943897103867909 0.0005625
1497943804661354498 0.0044385
1497943525719097351 0.000141
1497942415923048451 0.622242
1497941460230066180 1.0923
1497941071703293963 0.0001575
1497940632404434951 0.008787
1497940559012728834 0.000968
1497940174239678464 0.036765
1497939632763412485 0.003315
1497938944859725830 0.004264
1497938361054601225 5.6418525
1497937008114733061 0.00249
1497935930371588102 0.000126
1497935442548768775 0.023517
1497935366296412162 118.582392
1497934547471585282 7.95e-05
1497934185662668802 0.000384
1497933955336704001 0.1904625
1497933927205392386 0.741492
1497933891302268931 0.02332
1497932720009363458 0.980193
1497932280681041923 0.00468
1497932113961799690 0.003032
1497931232977510401 0.000178
1497931198127087616 0.033555
1497930056999469067 10.196934
1497929905169911812 0.0021375
1497929412955684868 0.0191135
1497928422978375684 0.002365
1497926340967813123 0.0085005
1497925757040939012 0.00393
1497924987616993286 0.005016
1497924644350742528 0.1772075
1497924606048411651 0.000303
1497923974554009601 9.319094
1497923594176901129 0.000498
1497923219529084932 0.491976
1497922456857817088 0.0020145
1497922236958838785 0.022788
1497922050735935492 1.949338
1497921873937580032 0.0160335
1497921855470153728 6.5e-05
1497921811551600647 0.01638
1497921783730692098 21.769902
1497921711076827140 0.0093075
1497920425720000513 0.154819
1497920399686115334 0.0032355
1497920221008756743 2.8e-05
1497918511556923392 0.0008985
1497918504158187526 0.09375
1497917285943889932 0.0026895
1497916513742848002 0.078216
1497915339748917248 0.012045
1497914953654624258 81.917381
1497914423758839811 0.002838
1497913796458860550 0.035448
1497913707766202371 0.016095
1497912653183950852 7.33105
1497912391488741380 0.00501
1497912208176467971 0.001727
1497912103943946245 0.0009075
1497909899468189696 0.0044985
1497908504702640133 0.00138
1497908476546215938 0.0116545
1497908305074827265 0.0038835
1497907552901816325 0.094978
1497906445068685313 0.1882925
1497905784235171844 0.0002505
1497904543891296257 0.060249
1497904367466389506 11.575557
1497903701222359040 0.000507
1497903397647060995 0.00576
1497903360561020930 0.001119
1497902364711395328 0.303025
1497902334130675717 0.00126
1497900363978272771 0.3472885
1497899439389827074 0.1021895
1497897886662770690 0.67791
1497897420117749760 0.0237195
1497896967808045059 0.157374
1497896945498525700 0.025731
1497894854499901441 0.044772
1497890449591312385 0.00291
1497890296780177408 0.115626
1497890079187955714 0.0022995
1497890020673433607 0.101752
1497889526412464128 0.02226
1497886555800801282 0.005025
1497886333171376129 0.000132
1497884502860967937 0.00588
1497884211495129092 0.179179
1497880746727510016 2.4e-05
1497876978317279233 0.001408
1497875310536269825 0.0001095
1497874151549575168 0.0968715
1497874070880272386 0.006492
1497870525204516866 0.005316
1497865966775984137 0.020619
1497865695010299907 5.6e-05
1497864270817730562 2.178596
1497857771647217666 0.0102045
1497855882411057153 0.000974
1497855460531220481 0.000867
1497855061715824644 0.000981
1497852887799533568 0.0005295
1497849360180207619 0.67116
1497848743277780996 0.000351
1497848669596700672 0.029952
1497846732213817346 0.001149
1497846433843941381 3e-05
1497845193286074372 0.60078
1497845043079618563 0.0020385
1497844582557831171 1.7414895
1497843905148112901 0.000111
1497843422467862528 0.353096
1497842718835363841 0.652688
1497842578611449858 0.002436
1497841089423814656 0.022449
1497841041864417283 0.009675
1497840558995394560 0.0133005
1497839836509573125 0.002268
1497839679936290816 0.054929
1497837189291548675 0.000567
1497835897902886913 0.001533
1497834245233991681 0.001062
1500109910700343300 0.048024
1500109149702701058 0.004506
1500107953176723459 0.273887
1500107307442749447 0.003108
1500106872275283972 0.0120555
1500106593479835649 0.182832
1500105534564937732 0.0025515
1500104966186414093 0.05445
1500103945548705794 0.353924
1500103853655879684 0.25935
1500103553293107204 6.510194
1500103257473130499 0.021396
1500103109976145922 0.046366
1500102500409647105 1.8606205
1500101500118482947 0.0335725
1500100478809563139 1234.607996
1500100478012645379 0.000369
1500100440058478593 0.070455
1500099533744791556 0.000723
1500099255259774980 0.0063585
1500099247626244098 0.211608
1500098716652523521 0.0001855
1500098597186060291 0.000376
1500097765996695554 0.007578
1500095357614759937 0.0072735
1500094630410416130 0.084969
1500094604338774023 0.001218
1500094209231138819 0.531696
1500094025918996484 0.008928
1500093771639402496 0.005706
1500093390297485314 3.6e-05
1500091813008347139 0.011594
1500090352056864768 0.004632
1500089784554954754 0.190294
1500088440813142016 0.0215415
1500087137240334337 0.000279
1500086811502260225 0.4998675
1500086497957060608 5.1e-05
1500086134612930564 0.06732
1500086015066877957 1.05e-05
1500085938621399040 0.005724
1500084911042011136 2.7e-05
1500084486423429123 0.002835
1500084199482662920 0.0117225
1500084199482662920 0.0117225
1500094604338774023 0.001218
1500094209231138819 0.531696
1500094025918996484 0.008928
1500093771639402496 0.005706
1500093390297485314 3.6e-05
1500091813008347139 0.011594
1500090352056864768 0.004632
1500089784554954754 0.190294
1500088440813142016 0.0215415
1500087137240334337 0.000279
1500086811502260225 0.4998675
1500086497957060608 5.1e-05
1500086134612930564 0.06732
1500086015066877957 1.05e-05
1500085938621399040 0.005724
1500084911042011136 2.7e-05
1500084486423429123 0.002835
1500084199482662920 0.0117225
1500084199482662920 0.0117225
1500090352056864768 0.004632
1500089784554954754 0.190294
1500088440813142016 0.0215415
1500087137240334337 0.000279
1500086811502260225 0.4998675
1500086497957060608 5.1e-05
1500086134612930564 0.06732
1500086015066877957 1.05e-05
1500085938621399040 0.005724
1500084911042011136 2.7e-05
1500084486423429123 0.002835
1500084199482662920 0.0117225
1500084199482662920 0.0117225
1500084199482662920 0.0117225
1502001356898398218 0.00068
1502000901216784384 0.005262
1502000504892792834 0.000608
1502007628163170310 0.1252545
1502006055722962944 0.0003645
1502005939234238473 0.0378455
1502005691845799937 0.00588
1502005165494202370 1.068538
1502004467167903749 0.465786
1502004194508783619 0.001407
1502004027604803589 1.12482
1502003679142027264 0.01874
1502003536888045568 0.052098
1502003123363082246 8.1e-05
1502002642662404096 2.6e-05
1502000974868660227 0.0003605
1502000267335667713 0.002324
1502000023063740419 0.002286
1501999648038391811 3.8115275
1501998842744606726 0.324168
1501998824599916561 4.1226355
1501997199600898048 0.099306
1501995042050879495 0.1563045
1501994893304082435 0.0125775
1501994601418305545 0.000885
1501994515711893510 82.704185
1501994317249843205 0.03369
1501993176902553608 26.1564245
1501993015027503117 0.002367
1501992235016982556 0.0165975
1501992164552675354 0.094434
1501991295383969796 29348.0955
1501991025027387435 4.65e-05
1501990743098855428 0.01638
1501990637872111619 0.070015
1501988865589997568 0.00079
1501988037718249496 0.00063
1501986748179562500 6.558435
1501985997726355457 1.9225755
1501984741909794825 189.262584
1501984438028312576 0.098169
1501983794378780680 2.790872
1501983566867185670 0.0025245
1501983238285414403 117.7062975
1501982995107958791 4.35e-05
1501982862354042883 116.21184
1501982628169359361 1.79478
1501982596644827138 0.003234
1501982079726329866 0.0028995
1501981814642073614 0.003915
1501981354757603331 6.179518
1501981329994354690 0.05124
1501981219180924930 0.034896
1501981176608833539 0.0780725
1501980686516985856 0.2288
1501980462545260545 0.369348
1501980364662784000 0.004508
1501979957823692804 0.0099
1501979730643496962 0.00927
1501979708518326277 0.004872
1501979509284737037 0.0028575
1501978947277492226 0.015894
1501981176608833539 0.0780725
1501980686516985856 0.2288
1501980462545260545 0.369348
1501980364662784000 0.004508
1501979957823692804 0.0099
1501979730643496962 0.00927
1501979708518326277 0.004872
1501979509284737037 0.0028575
1501978947277492226 0.015894
1501978652430450692 0.006444
1501978135017013250 74870.85235
1501978004255297538 0.065622
1501977939281281024 0.001236
1501977861233729542 0.000435
1501977648636956686 3.6408735
1501977605704060932 0.004464
1501977421452480512 0.2895655
1501977411562487808 0.239719
1501977234780864516 0.0023325
1501977216103550988 0.037662
1501977179860742144 0.05058
1501976993235144714 0.000222
1501976807481950213 0.000432
1501976697230413825 0.022455
1501976596458065945 0.00147
1501976591836094468 0.0024945
1501976548827619333 0.004887
1501976263245938691 1.890548
1501976090536923153 0.422372
1501974845738954756 0.02132
1501973920492113945 0.006735
1501973713767522307 2.603988
1501973670998290440 6.501916
1501973658931122195 0.955213
1501973534519828488 0.255402
1501972993785810956 4.35e-05
1501972378259116039 4.05e-05
1501972052315557889 3.776393
1501971722840547331 100.676209
1501969465658920981 0.027265
1501969318279467028 0.000352
1501968132180783105 0.108585
1501968126665277440 2.731264
1501967992233549828 0.557473
1501967939217592330 11.1231575
1501967464124624901 0.000111
1501967311745560577 0.002088
1501966463162368006 0.02331
1501966298410110979 41.738511
1501966113197993988 1.2176125
1501965816442589197 0.0009805
1501965453366865922 0.0016485
1501965345959129091 0.0253575
1501965268851081227 2.0573805
1501965153767727104 0.001028
1501964709154676739 0.078435
1501964256975200263 23.244212
1501964054411321345 0.00804
1501963467921756167 0.0001
1501963299050688513 0.0023135
1501963162895147010 0.1158335
1501962885337071620 0.45738
1501962828634279936 0.00186
1501962594382495748 0.138666
1501962335740694530 0.0037065
1501962034258317319 7.2e-05
1501961063838986245 0.00672
1501960870091534338 0.000177
1501960690004807682 0.331235
1501959857477500934 0.095408
1501959680544882688 0.00018
1502394588174028800 3.4e-05
1502393330839207941 22.4186725
1500675425592393729 18.6026625
1499475077770854402 9.837198
1501249815962959874 19.804804
1502404049383088142 0.307884
1502402542726176777 4.5e-06
1502401313606361096 0.3157785
1502656903536648192 0.0019365
1502654821098299400 0.0020445
1502653949802954757 0.002955
1502652241206947844 0.002948
1502652149372801024 0.0023655
1502650848895127552 0.000272
1502649672623656962 0.002577
1502649153687539714 0.00018
1502648458347433987 0.033372
1502647758880137220 0.011075
1502646076536410112 0.00088
1502645838161580035 35.393074
1502645651150196737 0.198045
1502645590592737281 0.001293
1502645517527879681 0.0004085
1502645439929192451 0.006966
1502642139360112643 0.065322
1502641519286751238 0.308192
1502641223986778119 0.0003435
1502640323486433282 2.342475
1502639593233039360 0.079662
1502637026365128707 0.015376
1502636209339838470 0.0169875
1502636036068765705 0.000962
1502635280935026697 0.001671
1502633621383151618 0.000822
1502633557235310593 0.6347615
1502633117500248066 5.9629315
1502633050932350977 0.1536975
1502631454404141056 80.60416
1502631036953538563 0.008036
1502630672032219138 0.012642
1502630627505582084 0.054412
1502630236562800640 9e-05
1502629745871273990 0.14508
1502627478128697349 0.045612
1502627445920477184 0.004662
1502626560012079104 0.0026355
1502626278708596738 0.001062
1502623529820381188 0.005382
1502621496589660162 0.000123
1502621443003240454 0.069828
1502620310146740229 0.067617
1502617992706011141 0.0003465
1502616199804461060 0.026496
1502615269201657860 0.0082485
1502611442104958976 0.0004665
1502610479356723205 17.69945
1502609287834529792 0.0242305
1502606797114421249 0.000546
1502606361062002692 0.00045
1502605321105256449 1.5215475
1502599840370663430 8.8674165
1502598670730264578 2.927898
1502595104040943620 0.002379
1502592584245514246 0.000624
1502591285718564866 0.781704
1502586468253978624 1.2e-05
1502584147701018626 0.000528
1502578383389085696 0.000123
1502575514430672896 9.797465
1502574561044299777 0.237226
1502570913828642817 0.002031
1502570248565780480 0.134937
1502568349372407813 0.006958
1502566422899458048 0.00204
1502562877974061056 0.0106795
1502560022697373698 0.007671
1502555940171694083 0.0033125
1502555650550865921 0.0031995
1502555473588854786 0.016788
1502551205884485633 0.0013065
1502550072537620480 0.006393
1502548411127676931 0.0026145
1502546124808200193 0.00012
1502542637739429888 0.000228
1502537951992967173 0.00654
1502535781532852226 0.001182
1502534615763881989 0.000633
1502529447852797954 0.000924
1502528937515134988 0.1907825
1502528059274104833 0.00063
1502526661199228928 2e-05
1502520999048327170 0.0001155
1502515841493274625 0.0028035
1502515818768506885 0.0113265
1502515630855049217 0.000279
1502514056971931649 0.00012
1502510867627360257 0.003483
1502742019088826371 7.2439675
1502507810566946817 0.0225525
1502505353757356035 0.012038
1502504822104555521 0.154442
1502502735798751241 21.112632
1502502003771125763 5.4276595
1502499203573948422 0.001578
1502499100683825153 0.019971
1502497414883811332 0.376434
1502496908383711240 1.5818925
1502496871281012742 0.004899
1502495609760198658 0.277398
1502492490485612545 2.4e-05
1502491999001264128 0.001386
1502489579961655299 3.534192
1502486445776244743 0.185416
1502485633289244678 0.018486
1502484614752968709 0.000693
1502482680574742530 0.002674
1502481018674065412 0.00042
1502480578733645825 5.6e-05
1502480299145453573 0.023048
1502479558582353921 21.415884
1502477079421796354 3.58646
1502475491642683394 0.31064
1502474977559392260 0.0007125
1502472194667909123 0.0001545
1502468984788205569 0.054495
1502468237316947971 0.000858
1502465399354322950 0.469812
1502464896063217669 0.068208
