1520815058653175810 707179.612995
1520814747368706053 2478651.34942
1520104382230142978 751245.436795
1519869115367833601 4576158.942635
1519604977341149185 2308792.97047
1519535223175729152 2688630.12376
1519534951531573248 3164797.21745
1519139570247368704 12157837.645415
1519122403598557185 771946.126115
1518764034077593600 7136998.177375
1518225124658270208 6890588.239405
1518006203405594624 3142738.685885
1518004851187232774 4206057.262045
1517765771060932608 4058872.28662
1517661979057426433 21956181.003325
1517661099230859264 6591376.17187
1517352010546393088 3654824.549905
1517301814894333952 8164628.56019
1517298250654527488 1897443.62923
1515813597275996162 3854657.936905
1515811158795726852 8573928.32823
1515754467265679361 4087105.15745
1515189459960037381 1893626.299145
1515183620440223748 5425271.49973
1515150846022995975 7251723.037245
1515130143248818178 3340215.063705
1515092649119653894 4358314.93114
1515092303504834562 1376570.220115
1514776605821865985 428386.418465
1514632890935504903 719067.137555
1514100797587435525 11139353.483005
1514067131897315329 8086949.73591
1513960296481656835 7025270.81831
1513262109466902532 5024374.98181
1512552282629451778 11758247.73041
1512503889257381892 7043486.400125
1512502546845163524 1993107.45834
1512478483988955137 1006827.214835
1511417273398956033 1770190.753175
1510020325802577925 1488681.874155
1509941094712184834 28284058.92067
1509650221810155521 406327.8869
1509221758045356032 451341.638305
1507417787924328450 5862471.082955
1507408011853119489 190123.533965
1506786937926926337 1598564.61734
1506786445121318912 526970.889385
1506786222428938247 3859448.81426
1506414019388739584 854876.98172
1506139678247993350 7396832.819805
1506008766151487491 519028.793235
1505669579414155271 1173150.080015
1505037638415306752 5547579.78044
1504950594167095298 410785.70861
1504910729165611008 4613230.59789
1504605557210198021 2929762.41074
1503888366923829248 10696491.953815
1503441821669625856 891871.77798
1503071885340262400 5012051.922945
1502538834914930689 11238040.432585
1502093041082920961 12751112.22782
1500851084180475910 698648.26455
1500591276160282624 1295458.360725
1499810717511217152 279536.164815
1499558570303451140 668032.764875
1499526970681348112 318836.730925
1498826004780896260 577518.48843
1498419834098372608 1251418.15659
1497130451495899138 2447036.68281
1496929043475681294 1538819.55856
1496568467390181386 839991.956355
1496206669247926272 15543783.811145
1496204385713635330 1015896.576245
1495823537633955845 5728095.94003
1495655014077018112 5219340.63246
1495495251405983746 1083814.30816
1495495247727673345 482572.00994
1495054574201229317 1272631.23921
1494743038207397890 2571830.071025
1494131785306820611 1598000.98471
1493313272367312899 12267669.14927
1493273021372518400 3221647.254085
1493034148553900034 4158993.93744
1493033913958092803 35492279.766745
1492651829850607621 5779950.14199
1492547824289935361 830230.86399
1491180804227371008 709024.228875
1490831362533691394 2172086.43803
1490202948181184512 1491781.85362
1489652048958136324 6841757.157915
1489473562373201920 1967667.130995
1489473333435375617 2008556.116335
1489469878482268160 1669095.555085
1488654480765714432 5429063.21015
1488652750019645440 1218420.02807
1488173343530356743 228066.25783
1487986789516144641 3931849.98755
1487978148016758788 3823350.706275
1487947389876899843 4675640.10183
1487928074544947203 38576118.842795
1487092148944220166 1104719.9548
1486878444092854281 7075075.44707
1486838838764916737 6242180.13792
1485727071741616134 505271.03313
1485523766633447424 3613781.846575
1484229631901192193 900505.605085
1483253144674988033 6108676.063605
1482893150448349184 17559846.489325
1482160387646578688 263677.59218
1480653178555314178 395439.529275
1480290740290785281 4736922.34051
1480211111353860097 3931619.410565
1479611391195504640 6634929.60237
1479210502345560064 1023070.082445
1479093878560985090 10071705.18346
1478903992688136194 3155676.61671
1478836949255221248 1012258.583815
1478628461719609345 9501206.48324
1477800799249960960 998065.289405
1477743580017872896 4119514.033675
1477470094426968064 5919654.175235
1477469626267156481 3071516.017185
1477457871566606337 3425579.787485
1477453306570051586 1351693.5254
1476791629134454784 13969199.200245
1475989780144037888 7631303.993885
1475230891030953985 1655850.18828
1474836109502779402 707025.895005
1474640568101654530 10122585.83815
1474191880439042051 535937.772135
1473105237548232706 2516901.509265
1473094484162347008 1323230.077585
1473094313785511936 829206.07739
1473094032519667713 470248.951075
1472999078854152192 902222.12264
1472984382038110210 8190478.802175
1472690914682458117 2180643.40614
1471693541906829312 642182.52289
1471691896330334210 4496942.938455
1471691275963449347 2745198.34408
1471689468658782212 1281136.96799
1471254501189427207 702696.17162
1470920632250638342 20699971.96938
1470557932009889795 3787150.11963
1470557504606142464 3520141.971
1469729301394169859 2362619.886635
1468775363375419416 5450225.05344
1468735842525007873 2794977.353175
1468251729976168453 646230.42996
1467571140562350080 2820878.83449
1467365994045730816 645205.64336
1466638356914204673 1288950.965815
1466592965208408065 10836349.70505
1466153497225617410 8565909.373085
1465395109164314626 1868006.634145
1465120691343163401 3833009.31998
1463815236603940868 12636438.60728
1462145374785884166 4072117.653425
1460487931982856199 10972313.267205
1460487693280808968 5336883.65548
1460416408127303681 2829307.704275
1460047003979694081 6779885.66694
1460045538468892679 1586344.037135
1459708769554763779 2311841.710605
1459708368487022595 4333130.800445
1459707525830377474 226119.16329
1458966137681506312 882315.642935
1458920502878093314 4168242.636505
1458904128701272067 8990734.658115
1458619464329670657 34290410.042265
1458137109949140994 516902.36104
1457972372514902018 426234.366605
1457964813607333890 2739280.201465
1457515888169480193 6271258.457695
1457500719078989829 3034367.502935
1457437733891162112 1062780.563195
1457421927308410880 1330249.865795
1457410675697807368 1159520.418235
1456417029540384788 380375.166255
1456256879663861766 922512.89732
1456109458883375113 5868133.02892
1456053968082067456 8476189.306255
1456012518220910592 3572611.04492
1455563144009375748 8198472.137655
1455337265907965954 7754585.821865
1455055912490528769 9040897.962185
1454648046583631872 497098.359995
1454244691663196161 491513.273025
1453561433250205701 3020379.165845
1453144961612931075 12834427.3784
1453144579096649728 344405.156595
1452878036085444608 3121679.321255
1452678726685057027 9957877.011865
1452507983649271814 4986585.975935
1452298126186921985 1227463.769815
1452293363546329098 10010858.479085
1451385449033842693 2454901.919965
1451385074398552064 1545173.23548
1451357189046636560 6329620.054565
1451014727778242560 5934001.187635
1450241271994347528 3330172.155025
1450142398411993089 588739.9017
1449874004299239429 1165925.334485
1448871339234762752 2705103.568355
1448715565615370249 427925.264495
1448677189050720256 264215.605145
1448321110383026178 825619.32429
1448079493512445961 1103900.12552
1447956070534574093 1121757.032025
1447660284278034432 5167178.99452
1447644686043082755 5285926.141795
1447081811251580928 1605994.32019
1447059862454607873 3947298.645545
1446600577803186178 519336.229215
1446147932546236416 3112302.523865
1445918793956397056 365976.914525
1445045994177982474 3633329.65097
1444876492786200576 1288925.34615
1444828146470043648 3474743.92462
1444827032047685638 1914967.48009
1444734609552379904 13688638.24883
1443978527108263940 310126.044825
1443973138035863553 5308112.771685
1443802862845190146 658246.052845
1443800168332087297 3047843.446725
1443772595527061529 849496.85207
1443772032081035267 1057451.672875
1443229582555901955 1552577.318665
1442664664853221384 4303232.65139
1442663745201729540 380144.58927
1442568336416526350 4137063.5042
1441232141371654151 4094176.18499
1441174505691385865 4009195.756185
1440847134027239429 548209.59167
1440311301327114244 2038838.560365
1439735268689408002 10918281.39372
1439675530404499458 1005341.274265
1439610455052283908 1005802.428235
1439232336717959170 2850315.829575
1439231972014903300 5190646.60766
1439087731385126913 7142250.2087
1438480964246667272 1181937.62511
1438480744096014350 213616.76677
1438480522221527047 5998024.73047
1437626289230209029 3111841.369895
1437619787752898569 1354101.77391
1437585104918908936 2201754.0101
1437579211309412353 969166.307285
1437218239574986764 1833932.479695
1437196685168447488 1488092.62186
1437190762127450113 826003.619265
1437190066695065600 1405366.723575
1437188357142945792 762082.55509
1437184858879496193 1819816.04428
1437166599258062848 1186933.459785
1437160395173609472 501966.096345
1437156098780196867 1793402.169665
1437153940315852801 967193.59308
1437143697112514563 1146300.671095
1437139696371392512 1330531.68211
1437137432214863874 982001.75945
1437133610432151553 1188854.93466
1437112565704785922 1072644.13422
1437107010135199749 1108281.088235
1436887993915162626 488823.2082
1436886869405544448 5962413.39612
1436759844439175171 2456259.76221
1436128528827813889 3441259.022465
1436084762049982470 2142956.878925
1433944485252190210 5145914.67257
1433525220791422977 14383469.183295
1432862144526053381 1335399.41846
1432841943256469509 4459794.424205
1432450626902904832 871529.76397
1432186058821672963 5735397.544555
1431408861374607362 886286.69101
1431386426281627649 1616498.38284
1431090468050259972 717734.914975
1430600006264770560 2363952.109215
1430235334164451329 4112238.048815
1429952899870715940 755523.92085
1428820077651005446 2879957.78198
1428434149522632709 12259598.954795
1428191863597461508 550105.44688
1428055012463108098 1258617.282455
1427749456187854849 1601254.682165
1427725602144935936 3178503.738225
1426621912306753537 1461627.507915
1426621394071166978 6471219.94302
1425964877319790592 3092165.467175
1425639989715501060 3735090.96035
1425517716237000706 2576492.850055
1425257513113382914 501940.47668
1424248345900556288 3958187.00317
1424087091491844101 914186.506195
1424086591786598402 3680111.15926
1423864278130561031 11645598.063405
1423827764675858436 16704175.29799
1423827603258060800 3074974.67196
1423649612582297604 1230128.214975
1423042256563367936 1284365.04578
1423036673286279169 2889052.763055
1422988696446373890 1483378.6035
1421530584472379394 7952420.874995
1421529582159626241 6472859.60158
1421527575277359104 1795964.136165
1421487840643358725 827822.61548
1421378865507622912 1726483.604685
1421225064050040835 231166.237295
1421154592750936065 1520450.258755
1421126553027575808 1375007.42055
1420119202313117696 1775289.06651
1419823868454195200 2698263.1178
1419113584542420992 1422788.095775
1418778945726517252 5814049.916105
1417981867802996740 1495599.183705
1417691654723604480 34540662.929985
1417676800080105473 25369950.125245
1416606839936978945 6979847.152265
1416448611152371712 10882618.82004
1416331986088591368 1669966.623695
1416235380777443329 1782770.00869
1416234782694854660 7657154.23587
1416093275442716674 1080022.59774
1416065910868111362 1543123.66228
1416065715656814592 1246140.5056
1415894068731682818 791570.789505
1415871647542743044 1580144.078205
1415778311926472708 1793094.733685
1415775597670768643 432997.958165
1415775309874438144 622532.239835
1415459553068519424 8229062.017665
1415175380353228802 3965847.283005
1414720952986869763 8469938.107995
1414679545567858698 9564896.97043
1414639237568221185 7506664.32366
1413682173148864525 1725074.52311
1413521761900109825 4673283.09265
1413521239403028480 3937998.70715
1413343128036249601 16862453.58836
1413146300216791040 4542059.16852
1412614736823341059 18930985.34046
1412547589367635970 2334310.15681
1412143580962041866 3767499.836575
1411167602253123584 7415765.75224
1410784146549526531 2734386.84545
1410709063147610115 836635.78024
1410640722630524929 5201278.768635
1410256119201628179 1939767.31581
1410055087708274692 10445367.997485
1409296723881578496 2221481.15215
1408503500460355584 8500963.52231
1408502051957444608 1273630.406145
1408430522255089664 718810.940905
1407882006151585797 9709135.68438
1407876769609252865 7941045.743735
1407790118723756032 1908383.226185
1407542363816296460 11654564.946155
1407448455581093888 6762899.829045
1407394237235093504 1987061.2174
1407393528192192515 850393.540345
1406702086079717378 4798127.720195
1406314829141352451 3313596.23177
1406312107331657728 6481237.232035
1406311568552325129 8067837.46582
1405950560914665474 348760.499645
1405237139374166017 8305459.858695
1405236971417456640 3411027.817765
1405236534786232320 4993861.960795
1405236533678907396 4443244.120615
1405236532215095301 10887127.88108
1404998418640957446 20967133.836
1404975944318685184 4976312.49027
1404512241446113283 22063527.399675
1404173430140772353 11529694.698945
1403490858045906944 4743147.919105
1403196015621009417 1848740.646065
1403192871033851907 7400291.47458
1403153331053236228 3307934.285805
1402732363721822210 5087860.51168
1402494938865016832 825516.84563
1402053227311337489 7464827.410715
1401736507359055873 5538202.98305
1401736322167967744 5661407.952035
1401699280822304768 3331683.71526
1401632403664244739 3801830.187675
1401328259254521861 10872550.291695
1398366914502533123 4255349.497505
1398331698044051459 789751.79329
1398331470037454848 464740.7231
1398331324394475523 14397918.674355
1398027932619010049 1526163.44405
1397736607780728836 1036955.940875
1397736247079038980 11434389.545145
1397733807948636161 1103618.309205
1397727834622205955 7497210.667275
1397236336189399050 781707.21848
1395950846655954950 12635490.679675
1395874962892722176 3221237.339445
1394782773815091202 4878291.65198
1394354391931518980 10832814.19128
1392583560327008260 8300540.883015
1392556199942361088 1126137.99474
1392348526420525061 7470079.44204
1391780132428292096 11658920.289205
1391779993252859914 1809619.41761
1390773495877963780 1866930.608215
1390694171707535360 7035928.59895
1390693565689327617 520104.819165
1389747024568864770 361929.007455
1389675626022375425 512444.53933
1389617809840230402 550054.20755
1389332223883571204 14259008.850725
1389331737159770112 1379542.101255
1388920118495768583 15339774.41875
1388523462591873030 4963784.474085
1388161172734570499 4043628.585945
1387051411024740375 598321.65641
1386712989185740805 1490603.34903
1386018565996748801 21323093.46151
1385972407979048962 16985863.514665
1385345257919811584 668135.243535
1385228531605458945 3261921.367465
1385013333007343619 30858476.57786
1385011051087810561 7866466.89892
1384920807378391040 3652390.68173
1384757885645643779 10370968.490325
1384629525749788676 22270252.47656
1384226046204014597 3209119.2379
1383901851540545549 5688282.98062
1382736410994745352 12177769.744785
1382543056818171904 13507968.37125
1382038169479155728 1991314.08179
1382036309032701960 6474063.725835
1381324978918993922 5856476.081345
1381323691619930126 1121039.681405
1380569444926300168 26891706.986915
1379975313514500096 751168.5778
1379120239187795969 9335498.49002
1379095528319909897 1381181.759815
1378765970907361283 8127787.48192
1378684005986443265 5910969.1088
1378548864630673411 1346518.35307
1378546291899174918 14464632.282015
1378546110965276673 5460831.59475
1378545719196278800 8674767.32967
1378542072060280832 1355100.940845
1378541942779219971 3587496.070285
1378448024481898496 10077751.4244
1378447319427805188 1431883.07685
1378445022928859137 11927901.15204
1378391274483458051 11128900.659685
1378379849589395464 3066263.98586
1378076057228566529 7601995.097125
1377653728744894465 5002828.843545
1377445402786496512 4100657.960235
1377445019930423302 3961005.16632
1377359547690414081 7536946.76769
1376704346692419586 1734323.222175
1376702464162942977 5301323.56046
1376346816329883651 3330197.77469
1376346579083259904 3598922.440875
1375883762169339905 354986.07824
1375882049563680768 1664842.690695
1373424404923785218 20795968.854135
1373008005013245953 2519002.321795
1372628269338521603 1105898.45939
1372217056397946880 533196.46798
1372073046228410368 16048773.02796
1372066886435835905 14408422.737005
1371851621806792708 8260471.726955
1371504206998204421 2200344.928525
1370870637820964867 605520.782275
1370846471449239552 277640.309605
1370782102254448640 1867776.05716
1370639798864506881 3146914.69128
1370142155709112320 441657.404935
1369797544700563459 3384050.31052
1369465254216876032 1136667.677055
1368991490182180864 748734.709625
1368991372590583814 234138.118435
1368786590957469697 14599724.77556
1368779072793411587 26607456.80374
1368778221362282505 14932908.518885
1368011711547019266 527841.957995
1368011115821637634 577954.022735
1367895290544459776 666854.260285
1367743510389006338 6389032.0577
1367723807113310208 11568969.64539
1367717293447208961 2618432.24166
1367520948170027011 16826022.42473
1367268686390697986 15530435.96568
1366991487804657664 1871490.908585
1366885986156748802 1000242.96093
1366247505562718209 11544195.429335
1365709189864034306 4220327.41545
1365354492783329280 750169.410865
1365049822068109314 507474.32432
1365040264922812416 1519784.147465
1365030263214940161 352552.210065
1364367387085053952 7858627.28143
1364367289252937729 32838338.669395
1364027062718062593 540421.21351
1364022395665715200 1354076.154245
1363962564401500161 226298.500945
1363204318740942853 841964.67056
1362287663882018819 23938015.809065
1361795026414678022 7219211.68236
1361384438941298688 348632.40132
1361105447621689348 914212.12586
1360647918651252737 3037698.059385
1360498053992521732 2656246.8672
1360354404138819584 6280046.00279
1360122294161473539 1771343.6381
1359629319207743488 8464942.27332
1359190379086508033 1406827.04448
1358903939379335170 511547.851055
1358614978710802433 27339231.295135
1358614780269846529 11610755.319005
1358614397166309376 13522699.678625
1358614156174233604 9615444.569475
1358228842507235328 383193.329405
1357805579788382208 5830625.83936
1357716937938149376 2368717.366905
1357703512973471745 611310.826565
1357444628954320897 1083250.67553
1357438075199127552 168013.76307
1357437926498439168 256119.791005
1356833957250093057 5026117.11903
1356738077859872776 558662.41499
1356467866632085504 74492122.248975
1354543444677558274 5596308.38327
1353213900972576768 2134169.33383
1352482754060034052 1027604.76315
1352108799730077698 7224181.89737
1350953370404708353 5420455.00271
1350545434725412864 1051866.585905
1350246702989549570 735361.244495
1350120318862458882 733952.16292
1349868000824889344 574418.508965
1349819847853580289 2239645.494635
1349817466050887681 81829824.88196
1349791354373640192 410298.934975
1348824635794739206 3475307.55725
1348822598671618048 10033147.587635
1348814898546044930 1760327.18215
1348485915975577602 7188083.789385
1348485659959422976 5159774.911335
1348389402880462849 311945.04104
1348007356441923585 1279343.59144
1347667375202553857 233753.82346
1347574462263136256 6523304.721965
1346690058066272256 21100766.00864
1346581401999708166 1351129.89277
1346581078249791491 936757.43106
1346211522050191361 824825.114675
1346191163422896128 460487.85871
1345838055211626502 5523676.632995
1345233453697150976 5334424.16764
1345232692590370816 10672358.229385
1345232084764405761 429462.444395
1345231453743935488 3336525.831945
1345221909064151040 6074550.669825
1344408901643608066 1099775.359455
1343654783878512642 1291564.171645
1343468029431013376 3216574.560415
1342913930885091328 2466405.14955
1342898334982262785 1084224.2228
1342895006038671361 1366834.747415
1342290357850009602 12096376.06908
1342230518708858880 213539.907775
1341894086479908865 4301080.59953
1341892952088403969 8417776.470055
1341428779327975424 16762536.89486
1341133976166047744 15893082.323755
1341133311658184705 307922.753635
1341080676557197313 1533670.005895
1341067729541853185 176698.829505
1340874885933854720 2152154.33866
1340860441409404929 864484.356095
1340847756500324356 4630677.589755
1340847288818622466 803637.65172
1340840204869849089 592992.76609
1340783128227553282 4415626.121745
1340782608842551296 118516.57029
1340417941876043778 424748.426035
1340396316975718400 2082596.948185
1340368647785570304 8095865.37933
1338877576324894720 1583807.6903
1338877456443269124 1109767.028805
1338703549052547074 6645613.002675
1338703333339455491 2353422.4269
1338698471583350785 3707472.96148
1338166592161472513 820008.617655
1337925117280542721 7011769.254855
1337655219224625158 3378490.843215
1337654488073527296 7212473.710465
1337562629934522368 174213.722
1337284490872307712 1542969.94429
1337180978490425349 3817201.986675
1337087503858159617 2277485.73984
1336712968436760577 1362966.178
1336711788784570374 353448.89834
1336543464280870913 292602.193965
1336375775495241730 511394.133065
1336169281969475584 951078.823795
1335820202714402816 1090987.81436
1335816564264714240 2516235.397975
1335767976499245056 2563170.624255
1335759615187963904 3978477.77785
1335656163925393408 2868557.031055
1335336772323045376 622096.70553
1334953391269715968 3985343.84807
1334952896635400192 1799140.974625
1334730237867819009 4726469.51719
1334725649420804097 15289816.072
1334190301095759872 2014218.0623
1334179819202875394 287657.59862
1333940588870201345 312969.82764
1333907354849402880 379222.28133
1333907248645513216 197348.279495
1333837425538265089 487465.365955
1333629196405407744 1253749.546105
1333586230882099201 2329903.57443
1333244013642584066 2099121.63211
1333170707442745344 2555587.203415
1333158478219681792 3120116.52169
1333115588697231362 970396.051205
1333086905114664962 656145.240315
1332907222561505281 9948525.83414
1332813168054214656 222020.01689
1332494215457095680 241183.52631
1332471941895049217 1843129.93943
1332460885449744385 2336641.546325
1332395664517464064 191763.192525
1332023586551332864 266982.528965
1332022850262159360 10635773.347765
1331763544715526145 7463110.89316
1331722713249955840 292832.77095
1331636393601167360 5053965.694885
1331482423863873536 685274.79942
1331350116586831873 5127605.02483
1331069686562267138 1979507.57536
1331054010955038722 2021624.214395
1331043706862878722 1482332.01717
1330728937299722241 6154648.25641
1330630244772892672 391641.32381
1330621590120263680 2606787.53576
1330317725336363008 7051919.115075
1330252654036066310 2958074.52987
1330252206663213067 1053707.73804
1330236481001107457 1802842.449705
1330198036132339713 2721031.153955
1329885838470119424 294867.554675
1329820383298555905 280079.48069
1329640938193391616 973228.945075
1329580609501425665 1099629.94361
1329564115489026049 1100906.97936
1329552202596118529 222817.19766
1329520665737584643 7722133.01739
1329519348927459330 2507153.206545
1329518482531045376 5504892.46681
1329209387899002880 14473386.835485
1329159209452126208 208080.205105
1329143931402027010 913361.509115
1329115663898615809 434192.155
1329110287442608130 234182.815835
1329105158647599104 8958048.21624
1329099729699889153 437793.395815
1328783326077874177 1159727.246005
1328411588391538689 5104133.107745
1328135079156191238 7279486.885725
1326943201849171968 2931282.319835
1326646180349046784 4156802.44768
1326287333721739264 2488738.35103
1326286306901520385 1896806.74019
1326014499179040769 5927208.189335
1325916409721888768 1342956.335415
