1520870765112938496 52659.430668
1520825451593281536 59448.146445
1520795178369527809 87053.090157
1520447927377932294 80526.921399
1520145901301514246 153552.499398
1520100636670504966 146876.303772
1519766088426262528 90278.667819
1519420392791699457 209137.453992
1519042651592429568 252120.151674
1518741683147485185 133223.858784
1518470737996222464 310668.136911
1518456269341921281 597894.575697
1518364163298451458 259471.468206
1518115998997663745 181344.976695
1518096010068873217 6023916.310653
1518062170130505729 182170.124469
1517971575252959233 195485.009004
1517948381770895360 76813.756416
1517767552465883136 150927.029208
1517756405377347584 1809736.601967
1517734487651762177 797430.310137
1517624285598261249 184945.621527
1517292144725467136 85927.888647
1517258691493261312 61923.589767
1517186406195552256 130673.402028
1517156201305309184 668144.656638
1516853039079968770 241055.670159
1516763671820709890 115970.768964
1516510768669229057 185170.661829
1516494049070379019 129885.760971
1516447023884505095 139074.906636
1516446979043184641 682809.782985
1516235180591177736 115370.661492
1516216733899526145 137537.131239
1516130360446230532 154677.700908
1515942777539936256 171930.790728
1515912812329066500 170543.042199
1515872784559263759 151677.163548
1515842754273812492 158953.466646
1515749600686129160 244543.79484
1515580556800671746 683109.836721
1515568786509910018 150814.509057
1515544939203080200 70137.56079
1515533450425602049 128685.546027
1515521672245305351 538971.52329
1515481038792757254 124972.381044
1515434860608991234 418724.988588
1515426579899375618 101793.229938
1515238334796206081 276799.57146
1515219899781578754 501427.299573
1515163069126746117 273011.393043
1515132908733931520 70137.56079
1515104044443848705 106331.542695
1515059549207552004 147138.850791
1515012108651577346 119533.907079
1514740312568119297 75838.581774
1514725160435138560 62186.136786
1514710169145462786 79326.706455
1514678730559406093 258383.773413
1514649033297436686 111770.01666
1514332674776784896 78088.984794
1513933627070943233 138249.758862
1513849463726559232 89753.573781
1513634174262923265 256095.863676
1513568584898793474 79851.800493
1513215233883615242 376792.478982
1513154892973723649 163979.366724
1512913244901580803 5070158.00406
1512867944187179010 204861.688254
1512460261940158480 94629.446991
1512160849770688512 94441.913406
1511803654780567552 184758.087942
1511750612001730563 128160.451989
1511732895290908683 94179.366387
1511493866117111819 212213.004786
1511418404539936769 101718.216504
1511143439601045504 122309.404137
1511101306773151751 2554620.001587
1511035385278738434 122121.870552
1510285933026885640 260409.136131
1509923546885206021 143763.246261
1509662379092631558 92154.003669
1509662366706937858 120959.162325
1509662352014200832 79101.666153
1509662345945092105 156778.07706
1509591422214811652 131160.989349
1508156901816619010 217876.519053
1507794573145300998 120996.669042
1507084925757018121 4743474.49899
1504850113595858947 331596.884997
1502001958592253952 276687.051309
1501320477632970757 282500.592444
1498883911199322112 161278.8831
1498842203908567048 137274.58422
1498704622784970753 353988.395046
1496666226281566209 202761.312102
1496635988214439936 104456.206845
1496575837109374978 31993.229601
1496575632343457795 87353.143893
1496575613276233732 190046.535039
1496528659183972352 285501.129804
1496312718080585737 186220.849905
1496261295993405441 63798.925617
1496261181656698882 109407.093489
1496237116958851072 208087.265916
1496220896507346947 285538.636521
1496183003176968192 1576519.835661
1495917538383130624 63873.939051
1495917145078865926 51009.13512
1495916765024595974 43807.845456
1495911217709428741 243193.553028
1495911018102497284 39869.640171
1495872618410426375 50071.467195
1495871502251864066 48646.211949
1495870969055178752 36906.609528
1495870250415685633 35406.340848
1495869772218736641 34731.219942
1495844404296392710 16577.968914
1495844125547298817 14627.61963
1495843759300489216 14777.646498
1495843537258442752 10914.454647
1495842944636575746 7463.836683
1495842942413639680 17028.049518
1495836651863801856 15077.700234
1495836650282364933 18790.865217
1495836061364375554 42195.056625
1495835824273117185 14027.512158
1495835822750420997 19953.573444
1495835821496504320 9076.625514
1495835006513655816 17215.583103
1495834830416015361 8138.957589
1495832141887938579 22579.043634
1495832140180824071 8664.051627
1495832138524078080 5400.967248
1495831232395251713 9564.212835
1495831230956597248 14965.180083
1495828104450916355 21528.855558
1495828102886445056 25129.50039
1495827701403652097 17365.609971
1495827700157943809 14102.525592
1495826811745607680 19165.932387
1495826810554445824 18865.878651
1495826013229625354 10839.441213
1495826011745058819 16615.475631
1495820616016056326 644477.918211
1495537858777477120 2109902.858118
1495533781863833600 120434.068287
1495458312795697152 141175.282788
1495443131281690631 1073817.30771
1495095839269830657 539009.030007
1494899610782945286 125835.035535
1494778751959420935 1234121.016168
1494748553490616325 1406164.327047
1494680717028216835 173693.606427
1494189873426747392 864004.732812
1494053849811750914 256208.383827
1493449994417942533 633338.423262
1493329201172201475 365915.531052
1493283901472714760 1013619.026925
1493238642675957761 130035.787839
1493132913101230084 105356.368053
1493061075809366019 499476.950289
1493050923408519171 169642.880991
1493039978896494593 131085.975915
1493012110015668230 499289.416704
1492981911463112704 206624.503953
1492906463114715137 109294.573338
1492664823406022657 312843.526497
1492619600374431744 157978.292004
1492589378798952449 249607.201635
1492513881138384900 135811.822257
1492302436085678084 434627.836596
1492242093904998403 92379.043971
1492211835495452685 551723.80707
1492151512394518537 108881.999451
1491924947744268288 1569956.160186
1491894780921585669 92604.084273
1491876977501880322 79176.679587
1491849448653217800 508778.616105
1491832176010092545 160153.68159
1491577692638097411 105693.928506
1491568442062741507 274886.728893
1491537127699537927 191471.790285
1491524811549462530 1042424.185581
1491518019847131141 72312.950376
1491515282388500481 66049.328637
1491512514013663236 109669.640508
1491487063929151491 252795.27258
1491411624909066243 86377.969251
1491275721683226624 97179.903747
1491196478240563200 70325.094375
1491185073751797770 584054.597124
1491154757125545985 79814.293776
1491109573977153536 378367.761096
1490996385369530368 117471.037644
1490807663780937730 133598.925954
1490777385104515076 763111.664082
1490732086747095043 371166.471432
1490445199914733570 194847.394815
1490430134482096131 133148.84535
1490415074028183556 186033.31632
1490369700668264453 536308.546383
1490007342162845699 146313.703017
1489729448551272451 976262.336793
1489660023106060288 313068.566799
1489584556747415562 136374.423012
1489327863904022540 119383.880211
1489312733036257289 285313.596219
1489282535016353792 517292.640864
1488980562140446732 144250.833582
1488950261263392777 239405.374611
1488920148262141956 441566.579241
1488822064664481793 110382.268131
1488693654789185539 1376571.527334
1488648356247265280 164879.527932
1488633288612798464 102168.297108
1488618160450412544 63573.885315
1488588019196211201 144813.434337
1488578171792465926 405672.651072
1488572885740494851 261234.283905
1488399242066542594 141887.910411
1488361465782456321 207299.624859
1488316165982142466 239892.961932
1488301071512608782 419212.575909
1488255829111414785 96354.755973
1488195415774306306 81314.562456
1487923582214844420 427989.147687
1487893398212153346 171105.642954
1487833045470220289 173731.113144
1487561193028038664 1026783.884592
1487500794362535936 268960.667607
1487470633592279041 343261.473984
1487229056118665222 241168.19031
1487198807242813440 2076221.826252
1487168606282686469 331034.284242
1486990942263513088 108356.905413
1486851516715655172 441754.112826
1486806217599197192 2060093.937942
1486776070120607748 125084.901195
1486745834523873281 48458.678364
1486745827330691072 69012.35928
1486745821458706432 79664.266908
1486727977417150473 546360.346539
1486715620578127876 88065.771516
1486549526592823296 867305.323908
1486534425924014087 280587.749877
1486498813225410560 1333701.349803
1486383432267620356 99430.306767
1486270186906869762 345549.383721
1486154532790804483 125572.488516
1486111643318820865 620661.152916
1486066344357421058 319482.215406
1486045279576944640 94291.886538
1486021043630354433 72012.89664
1485979546562215940 148601.612754
1485719054170079236 664994.09241
1485658692351668230 156252.983022
1485356666832961538 626437.187334
1485326469047930882 1042499.199015
1485296323243003905 241130.683593
1485039578021048323 1092758.199795
1484964082323238925 928703.819637
1484933915890655239 170355.508614
1484903686006611977 186595.917075
1484662089344028677 375667.277472
1484616794161790980 1823726.607408
1484571494936109061 97817.517936
1484458246026969090 494413.543494
1484390301401763840 419062.549041
1484320770146779138 94254.379821
1484299704427073537 300841.377057
1484273195410550787 97554.970917
1484209417335803912 115070.607756
1484209104507842563 534283.183665
1484194007534256129 91741.429782
1483937314506219526 372216.659508
1483892018208256004 698975.178012
1483831619194609669 374617.089396
1483733524679114755 122384.417571
1483635326451167235 528807.202983
1483574925172563978 251595.057636
1483484386355986433 174443.740767
1483469230318174210 451543.365963
1483212573436743689 133486.405803
1483121942295162884 250394.842692
1483091745919414277 268698.120588
1482880364804816906 1535675.020848
1482850152297779208 294390.221733
1482759607151902726 1017632.245644
1482661407489511426 143988.286563
1482548162590035976 94516.92684
1482473405618270211 188171.199189
1482397203754795010 183557.872998
1482185773965357058 1361793.880836
1482170673678143493 261384.310773
1482110336132132865 143613.219393
1481959281842917378 1077230.418957
1481762987555921923 221777.217621
1481734689102565378 501839.87346
1481707469151739908 286476.304446
1481687526217850880 130073.294556
1481657292617818117 96804.836577
1481370399644475402 471346.912539
1481310003436924929 373379.367735
1481219405510070274 1608588.078696
1480992654473117698 220952.069847
1480947693463740420 274174.10127
1480834367723388928 99280.279899
1480706055847952384 157340.677815
1480658952559857664 168855.239934
1480615424882581509 394495.649406
1480343634864230402 103706.072505
1480283312568651784 195184.955268
1480222837285793799 375817.30434
1479935950570635269 526031.705925
1479890648518086662 354738.529386
1479860496862003204 141700.376826
1479762358247563271 130785.922179
1479664157310222338 679396.671738
1479656664429117446 189708.974586
1479498063949570051 94741.967142
1479105582552346632 135736.808823
1478788390942347266 723729.611232
1478675139931914241 600632.566038
1478501498153750532 339510.802284
1478441097366024197 311568.298119
1478410954614484992 152839.871775
1478312754335424512 115895.75553
1478142846376951812 416324.5587
1478108909093244928 308117.680155
1478048550185488384 236367.330534
1477935321765531652 148451.585886
1477746521261096962 1249986.357459
1477702036565069829 216001.183203
1477587979032043520 116008.275681
1477384132904824832 133636.432671
1477338836254728193 3144375.619695
1477308671155740675 158053.305438
1477225588951855105 367340.786298
1477049916635561985 190759.162662
1477021747153182736 555249.438468
1476707293370617880 292889.953053
1476659360294178821 106331.542695
1476614058497523715 505252.984707
1476485715919843328 571902.420816
1476281870937694209 433015.047765
1475949716437409797 176169.049749
1475919501799538692 301816.551699
1475874187202154498 113570.339076
1475602394985680912 377955.187209
1475587628909174794 178381.946052
1475511797985824772 126960.237045
1475428751257317378 483761.635866
1475209808840212491 150514.455321
1475164509954314248 220689.522828
1474983346845667331 243118.539594
1474877639290728449 66649.436109
1474877637269012483 63911.445768
1474877634932785159 28692.638505
1474877632844079112 24379.36605
1474877630675623941 25091.993673
1474877628599439360 20516.174199
1474877626707755008 24116.819031
1474877624392593420 20516.174199
1474877621594992645 22391.510049
1474877619040620547 159741.107703
1474847420278263811 81764.64306
1474817219976695815 301741.538265
1474636029432844289 281450.404368
1474545429077540867 206737.024104
1474485031716413455 82477.270683
1474439731584897030 288801.7209
1474311450663567371 134311.553577
1474155744593383426 168180.119028
1474107544218083332 342661.366512
1474077401562943489 75913.595208
1473820841661976579 134461.580445
1473775356666855425 241993.338084
1473730092513873929 171930.790728
1473601711113752576 404885.010015
1473458326713290755 95304.567897
1473427550940585986 185583.235716
1473382770885988354 70662.654828
1473352568306901003 247019.238162
1473239323407437825 107719.291224
1473239323336224774 78314.025096
1473097182681128971 249307.147899
1473035480556085251 412161.313113
1472975083832549385 117433.530927
1472876937005654016 365465.450448
1472793940982120450 185695.755867
1472703318933733378 302379.152454
1472673093332176897 83077.378155
1472454150550134790 738319.724145
1472356028725428224 234004.407363
1472310703855968271 288426.65373
1472265407104962561 80901.988569
1472084213373493257 100518.00156
1471963709794779139 209850.081615
1471918117542637570 256733.477865
1471660619212361728 95529.608199
1471654188169850884 527832.028341
1471635623622557698 153702.526266
1471635168213360660 4160882.663829
1471633785183633408 95229.554463
1471627451465883648 79626.760191
1471616179487838208 110082.214395
1471585927629783046 137012.037201
1471570827049152516 59073.079275
1471531414323486722 80451.907965
1471526131786391560 111469.962924
1471521757618184194 82552.284117
1471404736888852484 146613.756753
1471354350861643776 5395041.186714
1471350104963436552 104681.247147
1471347311779278853 160603.762194
1471340569226059777 69724.986903
1471340566235521024 82814.831136
1471340563710496768 33906.072168
1471340561621827596 417187.213191
1471314186357641217 33321529.983555
1471314180070383620 39221936.675127
1471314173317554179 33653651.96259
1471314167382659074 30467831.42061
1471314161753804805 28273538.449242
1471314154619351045 29952751.676049
1471314143936491534 29681653.125573
1471314137204600836 28213865.262495
1471215992114135040 276349.490856
1471064995391811584 120396.56157
1470989590106419201 22895375.285178
1470935325593714690 192559.485078
1470921970367619076 5814816.363378
1470856929790418944 45345.620853
1470846055008903169 96167.222388
1470820640122806273 39944.653605
1470815885392855042 83940.032646
1470812154857025540 30980.548242
1470808357334364160 89528.533479
1470785655798214663 100405.481409
1470705123592744966 332009.458884
1470581868827455495 95979.688803
1470559163088572422 154227.620304
1470513864928378882 1485716.073804
1470489830903713801 32368.296771
1470483719320481798 94366.899972
1470479654280736769 30267.920619
1470476169602641927 79814.293776
1470453464723513345 707976.790092
1470438368941117449 65374.207731
1470340217898946560 84577.646835
1470151477192654848 504090.27648
1470121277994287104 719641.379079
1470091129076994058 207074.584557
1470015582892445699 342398.819493
1469985383056396290 81952.176645
1469871305381928961 492350.674059
1469868192411516934 319969.802727
1469867207412772864 3296127.796677
1469859770953728004 86415.475968
1469855077506555905 91366.362612
1469852189459771392 89678.560347
1469850566520033283 68074.691355
1469804291015774210 100217.947824
1469713593721667586 78914.132568
1469626846207741953 129098.119914
1469532398006280192 830511.234531
1469449448870887429 205349.275575
1469411600272699403 221214.616866
1469366302313701390 609334.124382
1469253056869146624 90241.161102
1469094510420451330 333209.673828
1469048080083275776 37281.676698
1469048056309895173 125947.555686
1469019014785548295 407698.01379
1468988815838793729 210112.628634
1468890735172849669 96242.235822
1468807677379809280 134424.073728
1468732192239104007 87165.610308
1468701924107116546 287488.985805
1468686823719419913 64399.033089
1468641528188973057 419175.069192
1468528331909906437 101980.763523
1468384905956634625 111094.895754
1468355389993357313 256733.477865
1468324437820854288 82627.297551
1468279138842824706 384518.862684
1468165972116840450 119458.893645
1467919023996383239 101943.256806
1467916749735608329 292664.912751
1467629861976125445 462570.340761
1467569464875143175 97329.930615
1467282570815672333 679584.205323
1467252457172615168 194022.247041
1467191975157944328 393595.488198
1466892277205274624 364152.715353
1466859785702318087 287789.039541
1466839282929254401 275036.755761
1466829672914817027 93016.65816
1466799387531698182 178006.878882
1466527597517488138 445579.79796
1466497434549424129 132286.190859
1466467199024078850 1103147.560404
1466460048696115203 55359.914292
1466460006555914241 210675.229389
1466225611614167044 721329.181344
1466195409907367938 225415.36917
1466165208523677701 75088.447434
1466150163236495373 110794.842018
1466112364814684161 166904.89065
1465817921792483329 378105.214077
1465787748237950984 150664.482189
1465736672411373569 142150.45743
1465629228867674115 154527.67404
1465440432578564098 327021.065523
1465395137681444875 557162.281035
1465364938977906691 93354.218613
1465191345530843138 447530.147244
1465047845648715776 615860.29314
1465002547245203459 93016.65816
1464715663520538624 1173847.721949
1464670360729788419 760336.167024
1464640159140524041 120134.014551
1464540056270557199 262697.045868
1464353268855881729 795667.494438
1464307970062397441 92566.577556
1464277773594378247 229466.094606
1464104178951852033 225527.889321
1464021082885828611 500939.712252
1463990883087527943 363177.540711
1463960683540881422 75913.595208
1463930483881000970 344686.72923
1463817236163047426 121559.269797
1463613394628616193 270198.389268
1463552998672580617 700963.034013
1463311408515489794 428664.268593
1463235906781990916 78051.478077
1463205711408730119 469884.150576
1462950808891232262 353388.287574
1462918820197281797 850989.902013
1462873522519298050 85065.234156
1462654576163799047 862279.42383
1462526231946145792 753885.0117
1462503649272287239 141662.870109
1462480937447526406 82927.351287
1462480934759018505 107794.304658
1462450732779642881 350762.817384
1462382837705940993 104606.233713
1462239340583604230 93766.7925
1462194044038258690 502852.554819
1462178944669691910 74525.846679
1462163902498807815 85665.341628
1462103446514016263 93616.765632
1462020398904745985 95642.12835
1461861910844952576 99917.894088
1461756160038559747 167017.410801
1461741081809334289 96654.809709
1461499466909990912 462757.874346
1461468478414618624 113420.312208
1461454168216981522 348437.40093
1461423972436877320 152202.257586
1461405156256501763 92003.976801
1461394272469585922 76701.236265
1461363570273226755 160753.789062
1461016284796235779 574677.917874
1460759592221216770 249719.721786
1460740398570086401 68374.745091
1460684094157824008 74188.286226
1460653895659790344 1125951.64434
1460415627605123072 183332.832696
1460398085423591431 85552.821477
1460367004330823680 78314.025096
1460336806076063758 474009.889446
1460306604042108935 371053.951281
1460004618625335296 445992.371847
1459959315654135815 101268.1359
1459929118242484229 435603.011238
1459657326068121604 534770.770986
1459627140190773254 73400.645169
1459627138068455429 81989.683362
1459627135413403649 33155.937828
1459627133119180813 33906.072168
1459627130325811217 28430.091486
1459627127935012879 134949.167766
1459596930095501322 81427.082607
1459566730095775753 308117.680155
1459249639660699652 114545.513718
1459219442894835712 342623.859795
1458998480626544642 112107.577113
1458962751037059075 399446.53605
1458887252499746826 570627.192438
1458872154251051011 87165.610308
1458841957569028103 99917.894088
1458743810083766275 882720.584595
1458585264239087616 559337.670621
1458524982028427264 201448.577007
1458494666102484997 418837.508739
1458187549910786055 197772.918741
1458147463655829510 131948.630406
1458132278383611911 258383.773413
1458131778514952192 73738.205622
1457815191366873091 455031.490644
1457784992503762944 344649.222513
1457754794077171722 78576.572115
1457483001990897665 380693.17755
1457452800560992257 347949.813609
1457430229778112523 107344.224054
1457407503717838853 89115.959592
1457105513716535308 602057.821284
1457075316015390720 93466.738764
1457045116636565505 761161.314798
1457014916603334663 80564.428116
1456977166525243401 97892.53137
1456923379869622274 113795.379378
1456728028772438024 460657.498194
1456697827615195137 253320.366618
1456667743135076358 133223.858784
1456652529639510020 89303.493177
1456569480465854466 404509.942845
1456350536798806020 204411.60765
1456320339533701126 75275.981019
1456290144676421634 599994.951849
1456207091220295681 96054.702237
1456124045372579840 284600.968596
1455988162979893253 472172.060313
1455942851179819015 309505.428684
1455640860721303554 502327.460781
1455580465407139844 98980.226163
1455544008499937295 220501.989243
1455293575122538504 214913.48841
1455263374174994443 418574.96172
1455233174339035140 79139.17287
1455221592448020480 562488.234849
1455202975975190535 415949.49153
1455192087331319810 356726.385387
1454916085254430721 317906.933292
1454870787333279744 1496255.461281
1454840587325161475 107531.757639
1454538600910045187 801818.596026
1454508401443155973 85965.395364
1454478202412404739 260596.669716
1454380053865840640 104043.632958
1454191309183406082 379567.97604
1454179582651744257 614922.625215
1454176210490101761 306879.958494
1454146013900513286 481211.17911
1454131009264443393 133223.858784
1454115829579190277 71975.389923
1453844021806313474 77826.437775
1453813822523908097 558212.469111
1453753425381011458 433802.688822
1453451437653041155 278562.387159
1453417467011870723 2448325.965609
1453406137596919815 342361.312776
1453391046415630338 75013.434
1453292889644142599 92979.151443
1453119248335884298 151077.056076
1453104150988922882 112482.644283
1453104147071385604 231228.910305
1453094024840110085 78051.478077
1452756860977795075 435340.464219
1452726661955346436 97704.997785
1452696465835450372 350162.709912
1452645676354052096 102880.924731
1452469968067604484 820009.353771
1452349195185176583 154827.727776
1452349174322696201 262134.445113
1452303873104912392 107419.237488
1452041489270272002 653704.570593
1452022851222048774 464820.743781
1452019606294573056 12706900.65243
1451986782929752067 323983.021446
1451971684244901890 490887.912096
1451850947190312962 111882.536811
1451669695271157761 496701.453231
1451639613324398613 103781.085939
1451624400000884746 77413.863888
1451594197660835889 177669.318429
1451579143041265664 15954269.717007
1451330280820719616 99467.813484
1451307310639460354 89978.614083
1451216709361278985 472922.194653
1450955104509628416 961934.770899
1450929823103266817 212513.058522
1450914720135974916 897873.298263
1450884172952838146 102918.431448
1450869434638286852 372591.726678
1450756216624406533 114508.007001
1450628141114920965 1780181.308971
1450582580739334145 678083.936643
1450582533196898308 63161.311428
1450552335017648132 438040.947843
1450507036186267659 368465.987808
1450220142210732032 375217.196868
1450189947634393089 95717.141784
1450153454794690566 400984.311447
1450147825250148357 145938.635847
1450119927399079947 7858069.785387
1449797356807802880 112220.097264
1449767162684522496 1283742.402759
1449480281384120321 385981.624647
1449450069514670084 857141.003601
1449404773539667968 95454.594765
1449132979465424901 460807.525062
1449126426351861763 143463.192525
1449125329881092097 121521.76308
1449123164307353600 169042.773519
1449121854279483396 108694.465866
1449120676510453768 97292.423898
1449119621114589186 84502.633401
1449118182380163075 128535.519159
1449117147926462464 84727.673703
1449115998267658243 91928.963367
1449114950769655808 96767.32986
1449113182048436228 102393.33741
1449111736104067073 110682.321867
1449110611044941826 144288.340299
1449106095792799744 134311.553577
1449105402830876673 150139.388151
1449104756425719808 134836.647615
1449104153758748672 134574.100596
1449103442945798144 108581.945715
1449102870154858499 133823.966256
1449101572596662276 129323.160216
1449101068554567682 131160.989349
1449100491833548802 131686.083387
1449099853875716099 142975.605204
1449099152021856259 124484.793723
1449098431658541057 113982.912963
1449097703120510977 111169.909188
1449096938683396096 116308.329417
1449095525874102276 129960.774405
1449095315320033280 117208.490625
1449094931046301700 101568.189636
1449094114096476161 109482.106923
1449093421885390851 116683.396587
1449093234064457728 116458.356285
1449092859521421312 114770.55402
1449092173295538179 117621.064512
1449091509257523204 130560.881877
1449090816182407170 118221.171984
1449090229881638915 121034.175759
1449089766746509314 121034.175759
1449089300121862145 120771.62874
1449089204659519492 126735.196743
1449088650919100420 135511.768521
1449087697109372932 2715636.337668
1449072588064440324 71225.255583
1449057487672561665 269673.29523
1448997088054886421 1795108.982337
1448891418840293379 176994.197523
1448804631761522688 111695.003226
1448740394636873732 75426.007887
1448695093553139712 409385.816055
1448664895503929344 394945.73001
1448581846682513410 104268.67326
1448408203633598468 86565.502836
1448405680004681732 92304.030537
1448378006049853448 704413.651977
1448332710267719689 387631.920195
1448219461236969472 129623.213952
1448045816388669444 407135.413035
1448000517293191176 77001.290001
1447955223453093903 2769195.929544
1447796674802376707 750059.326566
1447698529506537475 79814.293776
1447653228724768773 183557.872998
1447638133668040706 431814.832821
1447629492932030472 60985.921842
1447607930958843908 326083.397598
1447562695763496966 94404.406689
1447321040569393159 684460.078533
1447290842478227468 285013.542483
1447260965939003392 121034.175759
1447260731607592961 101493.176202
1447230526264328195 128460.505725
1446928455807995912 309092.854797
1446883158402686981 775376.360541
1446868085722451973 95604.621633
1446769907836801026 360627.083955
1446686915676315654 196910.26425
1446596263642812416 401546.912202
1446520766800044063 249157.121031
1446248978039857156 563650.943076
1446233876020531201 76813.756416
1446203676889079825 246269.103822
1446184304246067205 634763.678508
1446158381757181956 327358.625976
1446064064573095943 105168.834468
1445886588781793280 862729.504434
1445856509196374019 200548.415799
1445811230476750850 117396.02421
1445539301849133058 2266213.8104235
1445509435472810001 196534.0022265
1445495273514364941 95445.491859
1445418511539609607 703770.361272
1445259957675433985 767263.6622385
1445176913048244233 589153.5548775
1445116516261896195 1436391.121806
1445094201557987328 235138.228182
1445086407702233095 302181.772581
1444769228318457856 325127.55645
1444723927876608004 413547.303411
1444693795078086660 102060.1559385
1444452136188792832 1088953.0882065
1444421980380442624 102097.526922
1444391737993093123 737553.730356
1444361540698873862 80945.550261
1444331344352452618 327295.073493
1444059575360106500 262718.014005
1444029360411922437 73433.9825775
1444029355798245381 210884.4598905
1443968952602972169 161442.64872
1443870804824018964 395870.8282155
1443666962819784707 510674.4895275
1443636768235040773 239510.6332515
1443493319741517824 814463.214399
1443455595537960963 182333.0284965
1443334805886701570 248591.782242
1443304654557822982 121156.728507
1443304581342154761 377446.93335
1443259282875723779 167272.522146
1442987487354253318 313692.035499
1442942188569051136 288317.1377025
1442897297147260931 169103.7003375
1442896895194505218 410034.430962
1442886230107213824 179418.0917835
1442723246617530368 107142.6096945
1442625099471937541 477974.878965
1442595147561246723 111776.6116485
1442549602184433666 298818.384066
1442262712038436866 874069.9330815
1442217411177062405 605596.7876175
1442157169659449363 188312.3858565
1441885223818571777 440977.6053
1441824826692362244 322586.329572
1441803649911382019 244069.8932385
1441636079292063751 624394.392318
1441560877975494657 125118.052758
1441537936361607172 208044.2651445
1441522921986478083 172018.6370505
1441462475476455424 115700.564916
1441432238898307080 754520.156865
1441273925959176195 245489.9906115
1441175545442553860 230242.6293435
