1520179889864728576 585469.8182315
1520102158175141888 581958.856734
1518352350154436608 986738.740349
1517932789961617408 817601.0016275
1517688396881092608 951991.547206
1516857752722628608 202457.895901
1515938901613236224 464851.302269
1515927355872591874 995414.2129525
1515775889597902848 726972.892263
1514241568726675460 467003.1818965
1513967931255754754 255824.510663
1512610660026257409 938989.663983
1512444932031623173 172694.002948
1512040910745325568 544040.472561
1512040662719348738 411983.017526
1510358689642807296 473979.8021625
1510340339646623747 212401.8449165
1510340327927734275 620307.6168325
1509986821177937920 292202.60205
1507731361817268227 353610.4512095
1507404309670944768 137788.2502535
1507103681765785603 153553.5999455
1506716020127375360 140529.065358
1506521214126239749 389127.7907455
1506479165779812352 164245.0439895
1506476393965637637 153395.040394
1506081114716184580 263933.699154
1506081110064721920 490628.55507
1504866585281925122 244294.9661325
1504596526273757191 420341.3710265
1504187805030748162 103222.2680265
1503463210250240001 287015.4395795
1502682055225741313 512781.589551
1502403063243444227 282575.7721375
1502356799688634373 166147.7586075
1502094451988000768 401767.2521365
1501623125598879744 146101.301025
1501472216252178438 97015.7941535
1501227647694630913 267195.495642
1499253836329799681 203318.647752
1499103853152595972 308602.189948
1498406785903779840 94614.7495165
1498348174393495552 159692.119725
1497455771507777540 328739.2529885
1496609653425270784 204790.9864445
1496350900046405634 113438.033416
1496350899018637312 115159.537118
1496350896368025601 398029.776994
1495128838803656706 1090640.5493105
1494740467128414216 169500.1605535
1494410046175801360 379455.658104
1493419105356898307 106325.504963
1493414333551763458 203613.1154905
1493306071825272836 95973.8313865
1493088207642062848 149204.5379615
1493035528681185280 363010.767477
1492885668610990086 146033.3469315
1492742302124548097 76674.8688325
1492732224185139201 158106.52421
1492378483791523840 96268.299125
1492340271849238536 83855.351379
1491967080408633344 216184.622788
1491904327895580697 239492.8768585
1491847286774587405 293992.0598455
1491594440695115776 325001.777846
1491590549685432322 117900.3522225
1491554152526143488 479438.781007
1491231483985809408 74658.897392
1491171886130405380 238564.170914
1490689695495307264 666425.7949545
1490529354698268675 195413.3215415
1490513237355335680 219083.997444
1490060228754165760 110561.3101245
1489469330983108608 201801.0063305
1489443373291343872 302848.743365
1489334418472947714 131717.6845675
1489300913877565442 175955.799436
1489244039195115521 170066.444666
1488996966478589987 201325.327676
1488991735556489220 287128.696402
1488915325898817541 70332.4867725
1488686867247611907 253264.9064745
1488625202300784641 128886.264005
1488563861544337412 401450.1330335
1488490578228613121 161549.531614
1488490547815673857 315148.4342885
1488483163365986306 398958.4829385
1488399801846689797 108182.916852
1488244062658314241 195345.367448
1488243137482944512 96041.78548
1488028799300038659 93550.135385
1487984689574924295 290118.676516
1487984041458483202 176295.5699035
1487553227545448449 249708.642248
1487443038834085889 753452.3373635
1487320678579666946 1323473.925006
1487320636464656385 1530416.791078
1487320563295010818 503947.557396
1487238425660968968 107322.165001
1487213751870767104 288714.291917
1487162339010875392 409853.789263
1486863005069426692 707402.113335
1485975599021637633 250592.0454635
1485853651180539905 426253.377161
1485350417408016385 577270.0242825
1484620810820079616 765616.1201
1483982975280680961 416309.4281455
1483633169781772291 1238486.005402
1483085972669493250 227487.6536735
1482949912740261889 1108014.145882
1482576310840926211 194733.7806065
1482238129121611779 136429.1683835
1481742130515091457 219083.997444
1480557837180755968 323891.8609855
1479134782399205377 295736.214912
1478617067808952322 243479.5170105
1477197222659854343 632947.0782235
1476982654633332739 200668.4381055
1474524273314197504 890515.743953
1473361715035181056 704729.252324
1472342761219112963 251452.7973145
1471941894280134658 644748.439128
1470969837069295617 448632.925287
1470857328576454662 437352.545766
1470830015726047233 489609.2436675
1470486425032433672 235506.2367065
1470133566256259074 518467.0820405
1469778019988299776 364415.152076
1469129771992768515 95067.7768065
1469104215070937091 235234.4203325
1468839709304451080 76153.887449
1467953349781639168 289824.2087775
1467237806011404289 106166.9454115
1467235375898771459 162704.7512035
1466792041774391322 143473.742743
1466581924411965441 243434.2142815
1466563926716399618 108228.219581
1466448170846617601 93006.502637
1465754995182034944 61226.6382435
1465754992208334849 386975.911118
1463259292073553921 338569.9451815
1462697724218798083 236004.5667255
1462685092824842243 638156.8920585
1462633598381555719 855587.339894
1462567410024673283 506801.629323
1462557848190128130 1134221.7746085
1462465535778570247 1130371.0426435
1462465348473524232 295509.701267
1462185502266646533 183929.07974
1462185032580091905 270072.2189335
1461803247308521484 248621.376752
1461373679124709378 103675.2953165
1461325863371386889 3998735.980643
1461319426481934337 229186.506011
1461062269622632448 34747.193143
1461062217986572288 36446.0454805
1461062185396805637 89790.008878
1461061895150981127 31349.488468
1461061845993680896 28789.8842795
1461061794022133765 33931.744021
1461061759410716672 30103.6634205
1461061176985407488 38937.6955755
1461061143087042562 37601.26507
1461061041463259142 33342.808544
1461060994591957001 36196.880471
1461060853533347840 60229.9782055
1461060656166170633 59776.9509155
1461017294327271427 462427.6062675
1460373737673420800 63831.545161
1460136837914058754 338116.9178915
1459924811082174466 1772265.4098445
1459198799943856130 150291.8034575
1458906373442322434 214463.119086
1458850647046967298 421338.0310645
1458163752210092035 433048.786511
1457791714018557955 137539.085244
1456792649097105411 126077.494807
1456326692394385411 385277.0587805
1455595811199328261 269370.026634
1455049664818868229 276777.0228255
1455049483021021185 179285.5500175
1455048986507702275 111082.291508
1455010237086199814 315125.782924
1454662095153156102 488408.721349
1454651132748316676 517696.9356475
1454646757522956295 716304.0995835
1454497370209546243 147165.9151565
1454311306282954757 113143.5656775
1454310506571862016 197066.87115
1454226855758745602 109088.971432
1454226746958487558 91126.4393835
1454195330866552833 310482.2532015
1454191813158313986 560258.849543
1454137370542948356 109791.1637315
1454133185130860548 205379.9219215
1453716657197649929 425619.138955
1453716184658939907 396444.181479
1453124909140373507 2247782.6713145
1452731579231469569 79956.979798
1452663342602936325 114977.7747435
1451607618397474823 150247.5863305
1450129950351101953 626865.4381615
1449866349296062469 701570.4306115
1449044247265509376 437137.395215
1448313965793067016 478021.400174
1447633779078545408 1773202.2283685
1446814550804688904 697382.423459
1445524318096482317 170191.555527
1444034789913231361 413978.8475555
1443947698906750977 393582.120829
1443027442705207298 118645.1107365
1442867163841269770 174515.3899385
1442824503294259200 267557.0623535
1442822541861535751 459209.3248025
1442820369757343748 208155.2744175
