1509291977073827842 55.2310605
1509290626675707911 29.5681435
1509281815231713298 617.025787
1509280594403880960 134.4513695
1509278213205368833 345.89149
1509276192142245888 121.0620215
1509275566196764672 109.346342
1509274269167063041 506.563666
1509271857014317058 76.988751
1509270598236606464 361.512396
1509267989610205187 92.609657
1509265472729931779 282.292087
1509259372316221440 158.440618
1509256982594682880 340.8704845
1509255952750587908 387.175313
1509255446745341955 184.6614245
1509254377244033024 106.5568945
1509253291279978496 94.841215
1509248004401758209 229.850474
1509247841125818369 157.8827285
1509247550855032841 742.5509245
1509244153208573954 330.270584
1509244017652822019 128.314585
1509243076694392838 318.5549045
1509240920197111808 201.3981095
1509240757575639042 147.8407175
1509240423071375364 330.270584
1509237384189161475 43.515381
1509236690539335680 23184.2139515
1509236527292854272 412.83823
1509235570001674244 302.376109
1509235007281197056 858.034051
1509232371266072577 1015.35889
1509231902389153803 184.6614245
1509229450495344640 375.4596335
1509227491281440768 553.426384
1509224705491812353 513.8162295
1509221870960209920 204.187557
1509221416788541441 494.290097
1509219963696939010 287.870982
1509218970234105859 773.7927365
1509216584149221380 609.215334
1509214639833247748 331.9442525
1509213885215117314 157.324839
1509210091517587460 256.62917
1509204467652038658 94.2833255
1509201299870404612 2427.935104
1509200647211687943 260.5343965
1509196061033730050 114.925237
1509195833341710339 260.5343965
1509194658144038916 214.229568
1509192039614853134 2134.485227
1509190804396392450 193.5876565
1509186884315930630 311.8602305
1509182415838740481 234.8714795
1509181605910233095 135.5671485
1509180825551704068 382.712197
1509180767431118858 180.756198
1509180439482691586 124.967248
1509168593413365761 1262.5039385
1509165536306884610 317.997015
1509159868954861569 350.9124955
1509158283306692609 344.2178215
1509157625929236482 118.8304635
1509156952948969480 180.1983085
1509156838314418177 152.861723
1509154485142122500 1820.3934385
1509154405802598402 73.641414
1509150929857228804 690.1093115
1509149870405300225 133.3355905
1509148418320465923 247.702938
1509148287885975555 90.9359885
1509145695499919361 349.7967165
1509144394707836930 906.012548
1509142962441052170 186.335093
1509141570469064710 201.3981095
1509140266900369409 153.4196125
1509139943221698561 269.4606285
1509139413330059265 169.598408
1509139198996930565 135.009259
1509132086065594379 661.0990575
1509126194565853185 1213.967552
1509124926392872961 146.7249385
1509124578634727431 115.4831265
1509119724059168772 10999.349382
1509114661882327040 1174.915287
1509109514951282689 440.732705
1509104570831495177 2846.9101185
1509099571095355394 236.545148
1509094550832181256 4479.2947955
1509089423689875460 202.5138885
1509084276070879233 313.533899
1509079450708688896 993.04331
1509078091976433666 121.0620215
1509074332491804675 1514.112103
1509069401789771779 262.208065
1509064235187261443 840.7394765
1509058078662008836 1747.8678035
1509052881969704960 219.2505735
1509047789065412609 176.293082
1509043997062348806 656.078052
1509039003885924352 323.0180205
1509034093664628738 199.724441
1509028940010045440 1053.295376
1509023883600400386 230.966253
1509018904663781377 16005.849755
1509007030115209216 2805.6262955
1509003735342596096 659.9832785
1508995067037462531 368.20707
1508990287800020994 683.972527
1508985642075623425 774.350626
1508965836068823041 1760.1413725
1508957191985795072 612.562671
1508946704824864769 19258.34554
1508943379928780802 408.375114
1508942079820455939 989.1380835
1508939722499903491 721.3511235
1508938463608856580 265.555402
1508935580935024644 2598.649291
1508935389695913987 528.879246
1508933105540907013 628.183577
1508930769401442310 480.3428595
1508929670779047942 175.177303
1508928433706786818 85.914983
1508927184072679429 157.324839
1508925746948964352 189.1245405
1508923346653638662 634.878251
1508919245928808449 548.4053785
1508919073165426695 6671.8005305
1508917440184348674 1683.710511
1508914471997124611 91.493878
1508914212474605568 3603.96617
1508913715789250561 221.4821315
1508907037056413696 153.4196125
1508906153480114177 130.546143
1508903250791043074 274.481634
1508902741430747144 2153.45347
1508898035555733504 638.7834775
1508896783203659776 553.426384
1508895435733159938 1548.701252
1508894160270467074 283.407866
1508892443290136579 439.616926
1508891760579289096 2391.114397
1508887918567473156 240.4503745
1508886341542559747 139.472375
1508885469504843776 180.756198
1508884331523059713 143.3776015
1508882868046639107 135.009259
1508880804461514754 261.6501755
1508880353842315274 218.1347945
1508878139056746499 686.204085
1508877860815187972 265.555402
1508874129163755523 537.2475885
1508871343843946497 680.0673005
1508870883322040325 507.1215555
1508866586802724868 127.198806
1508866174905245698 124.967248
1508864043548770307 362.628175
1508863875231326208 1364.0398275
1508860497919193101 456.353611
1508860091352551425 1168.220613
1508857930916851715 259.4186175
1508856772915724289 4769.955225
1508856553738158080 143.935491
1508853493158735874 451.3326055
1508853194356518915 677.8357425
1508852886477803521 320.7864625
1508851598528720903 222.5979105
1508850330049556481 908.8019955
1508848966460485634 489.826981
1508847910825316352 660.541168
1508841308684795919 1271.4301705
1508837623007166473 365.4176225
1508834741352472578 247.1450485
1508832604912599043 141.1460435
1508832492433772545 303.491888
1508826821265002502 613.1205605
1508825278620917769 1207.8307675
1508825253954215942 586.3418645
1508823110274859018 103.767447
1508822087489622020 68.6204085
1508818317414473745 754.266604
1508813949818572819 128.8724745
1508812415831527434 253.8397225
1508806919460474899 323.57591
1508806250028580873 862.497167
1508802797743058949 306.2813355
1508797556783939584 345.3336005
1508791253365788677 1571.5747215
1508788143335481348 224.271579
1508783795155005443 325.807468
1508778747662528513 171.2720765
1508777201612730373 121.0620215
1508772541128617984 274.481634
1508771256593575937 181.871977
1508769321119477760 123.851469
1508765970424238082 276.1553025
1508761924653047808 555.657942
1508761482674069507 112.693679
1508757243025518593 844.0868135
1508752219167854596 3187.2227135
1508747191237558273 1438.7970205
1508742132982374403 273.9237445
1508737064388349953 1897.940079
1508732179341189121 569.6051795
1508727124860948483 777.1400735
1508722057298649091 401.1225505
1508716878985777155 333.0600315
1508709292790083584 589.131312
1508701829864980488 3207.3067355
1508694293032042498 290.6604295
1508688144517922818 254.9555015
1508682921774751748 1179.378403
1508677932021022725 451.3326055
1508672856506310656 191.3560985
1508667781713055750 2622.6385395
1508662763253493761 393.3120975
1508657776221843456 955.6647135
1508655190328569867 574.626185
1508651417124278274 249.934496
1508647637464993792 487.0375335
1508640087147380736 498.1953235
1508634417434009601 1210.620215
1508632543087632393 338.6389265
1508624990823849988 450.774716
1508617442385444864 897.086316
1508616697422675969 6670.126862
1508616650680983554 741.993035
1508616470284095495 818.981786
1508616145959460865 1006.432658
1508614716024893449 176.8509715
1508609893648920577 499.868992
1508606337831378949 11909.825046
1508599825406869505 513.25834
1508594794364166150 1088.4424145
1508594793495949313 532.226583
1508587240166866949 1404.765761
1508577153549582342 1401.418424
1508566922568167427 4676.7876785
1508561003692232705 191.913988
1508549495344144386 637.6676985
1508545718784385027 1120.8000055
1508541769725665291 1090.6739725
1508538278286434311 399.448882
1508531486932172802 349.7967165
1508530373944295424 662.772726
1508530134285836290 89.8202095
1508527384915456004 333.0600315
1508526845565628422 246.587159
1508525094087409670 923.3071225
1508525017734291463 539.4791465
1508521845326290959 7723.422238
1508521726996463616 529.995025
1508514547765702656 287.870982
1508511670683029509 995.274868
1508506983997251584 1176.5889555
1508505292702576643 3772.448799
1508503926802288643 111.5779
1508502053105987585 32357.591
1508495587552899073 411.1645615
1508494853247623172 1470.596722
1508492745253396480 651.0570465
1508491363536408576 756.498162
1508490524772036609 1234.6094635
1508490315086254080 3336.17921
1508485626491924481 207.534894
1508475096985268226 253.281833
1508473616429576195 268.3448495
1508473005067976705 590.8049805
1508468691423301633 104.883226
1508467702670651397 1580.5009535
1508467122652950533 723.024792
1508463057910964228 1338.9348
1508458755087904771 212.5558995
1508457171637325832 127.198806
1508455066042200064 341.428374
1508451852832198661 362.628175
1508450439032758281 231.5241425
1508446959186550789 615.3521185
1508446807617011713 176.8509715
1508438398947766276 439.0590365
1508433990197207044 844.644703
1508426858945077253 197.492883
1508422896745472003 181.871977
1508419551028940803 253.281833
1508418034309873667 558.4473895
1508412748190793728 301.26033
1508409878615797761 189.1245405
1508409118318497792 3689.3232635
1508406898805993473 276.1553025
1508406604751798272 116.041016
1508406432437219334 80.336088
1508405953133424649 321.344352
1508403798930198528 1220.662226
1508400284397031424 238.2188165
1508400141421580288 204.7454465
1508394872134283265 317.4391255
1508384737764667394 1284.261629
1508377313846566913 188.0087615
1508369568179269636 1350.09259
1508362245574520838 343.1020425
1508354628924059653 212.5558995
1508347029084258305 285.639424
1508339404267421696 554.542163
1508331813642506240 6560.2226305
1508324406543618049 1088.4424145
1508316715662282752 1244.6514745
1508309164732272640 3477.3252535
1508304197111877638 230.966253
1508294143683964934 1003.085321
1508289199228657673 349.238827
1508279119447924744 370.9965175
1508271597638938626 295.681435
1508263908804599813 4693.5243635
1508255286296862724 191.913988
1508249498958512138 155.093281
1508239553659748353 483.6901965
1508224086777892871 1719.9733285
1508217304835760131 743.108814
1508209750223192065 8734.318012
1508201624107331587 298.4708825
1508195536528150539 2257.7788065
1508181151491403776 899.317874
1508169622771564546 2358.756806
1508167300003733508 561.7947265
1508158828453535748 3738.975429
1508149939167059968 360.9545065
1508147533561966593 409.490893
1508139992308101122 796.1083165
1508128786428039168 228.1768055
1508124530631319552 1021.4956745
1508120687634001929 868.076062
1508118148200816643 215.9032365
1508109943513120770 297.3551035
1508109239079690240 27366.711533
1508093383490748424 1940.8975705
1508091850179039233 5443.3278515
1508088745244901379 326.3653575
1508082521740771333 110.462121
1508076089528107008 4318.6226195
1508074107081932800 4947.364086
1508068444637380614 912.707222
1508063752238747660 307.3971145
1508058791488593925 592.478649
1508056552682315779 169.0405185
1508056262906286081 311.8602305
1508056116294422529 388.8489815
1508055910261792769 175.7351925
1508055691688177664 468.0692905
1508055435680485376 213.113789
1508053700903809027 230.4083635
1508052613094248451 306.839225
1508026285896859649 397.7752135
1508021188802482181 868.6339515
1507990866819907585 786.0663055
1507960615049969666 636.5519195
1507949489994170368 341.9862635
1507945509834530819 1717.183881
1507930630029393921 1414.807772
1507922861192880129 3311.0741825
1507916510790098947 20631.869489
1507915316411568129 3025.992648
1507914873321234432 1655.816036
1507912683814887424 1953.1711395
1507906844269895689 3751.8068875
1507906642985340928 6681.8425415
1507900038076325894 2896.0043945
1507899159709421575 3138.686327
1507896935419727878 35595.0237685
1507893589271003137 1929.181891
1507893540235485200 8939.0634585
1507889818944086016 5644.1680715
1507886508468019200 3664.7761255
1507886369384775683 200.84022
1507886002311938049 4571.9044525
1507881040748101636 26121.502169
1507878848775475201 3607.313507
1507878526686486533 1750.657251
1507876820670160898 9260.4078105
1507874868389453828 3201.169951
1507872070092292098 200.84022
1507860117974265860 836.83425
1507859859710128128 1354.555706
1507850372362211331 743.6667035
1507844239907983364 602.52066
1507838129343848450 466.9535115
1507835894711025668 2260.0103645
1507834088203431954 412.2803405
1507825231536160771 17142.2706665
1507818741844770819 1875.624499
1507815353719554049 1062.7794975
1507813285982265347 298.4708825
1507792521564495872 338.6389265
1507780748404617217 790.5294215
1507779201721679879 522.7424615
1507775708252225543 478.669191
1507773036174401541 801.6872115
1507770602798694401 2066.422708
1507768323207016455 451.890495
1507764320595283969 2561.2706945
1507760361738424321 492.6164285
1507753678576488449 627.067798
1507753127335772161 771.5611785
1507751800098545664 214.229568
1507750035676561410 903.78099
1507737688060809224 397.7752135
1507727837016383497 7858.431497
1507723055954477056 574.0682955
1507678793657245700 1277.0090655
1507673893833633794 6699.137116
1507668893048836097 541.7107045
1507663732339462149 2571.3127055
1507658758809300992 1697.099859
1507651079827177472 1046.600702
1507643566197071886 271.134297
1507636106971426817 487.595423
1507628560177000450 113.809458
1507621105116229632 16785.779276
1507613457582944256 9653.719908
1507605940933050370 645.4781515
1507598472068751366 315.765457
1507590724639895554 1265.8512755
1507583243222065152 619.257345
1507575596926218241 1177.146845
1507568235083837449 1229.0305685
1507564476949676034 824.0027915
1507560471678767105 2164.61126
1507556697275088902 319.6706835
1507555883642880001 273.365855
1507553007013011462 311.8602305
1507549155391991814 368.20707
1507545372498923520 1480.638733
1507543992778559497 3130.875874
1507540358132948994 508.795224
1507530274053124100 545.615931
1507530115579891712 425.6696885
1507525950656839685 994.159089
1507522867524562944 815.0765595
1507519918274613254 584.668196
1507507760757280772 14574.8631875
1507500075081076741 585.2260855
1507496299054047232 1600.5849755
1507493644495773696 517.1635665
1507492524826324993 274.481634
1507491422043205635 164.5774025
1507489914555752450 260.5343965
1507487757840564224 358.165059
1507484009953062919 217.0190155
1507479628457283589 133.3355905
1507476292412706821 160.1142865
1507475228481527811 145.05127
1507472558966280199 934.4649125
1507469038175154179 195.8192145
1507464035784007680 493.7322075
1507462330615017474 860.8234985
1507459835360542721 73.0835245
1507458583234969600 1593.8903015
1507457575167545347 603.636439
1507452785276731395 432.922252
1507451110738432006 227.0610265
1507449950791155717 193.029767
1507449065109266434 205.8612255
1507443640804601856 465.8377325
1507443259345358855 162.3458445
1507441085701795844 1171.0100605
1507439068967100420 283.9657555
1507435434229477376 1398.6289765
1507431349564674055 2045.7807965
1507431022161371138 969.0540615
1507429509535977474 281.176308
1507419727026479108 128.8724745
1507417058761445381 724.140571
1507416283934908418 380.480639
1507413468554534916 229.2925845
1507411632812605447 220.924242
1507407448583286785 185.7772035
1507405888344100864 1202.2518725
1507405632718184449 2538.397225
1507402051361275909 536.1318095
1507396515374899205 239.892485
1507394379073290243 3339.526547
1507394139666583553 4537.3153035
1507391810930241537 221.4821315
1507389375595749377 560.6789475
1507388153211940866 193.5876565
1507386834652962861 358.165059
1507386106765099015 401.68044
1507385886488494080 124.967248
1507379780596822018 414.5118985
1507371511958581248 36.2628175
1507370731008630785 10067.673917
1507367656936001547 235.9872585
1507362955658072072 352.586164
1507361773753561094 368.7649595
1507359479297310721 644.3623725
1507352074840788993 466.9535115
1507348247823613959 261.6501755
1507342941722796037 148.398607
1507339151087075332 317.4391255
1507336896967413764 333.617921
1507335278125469705 2046.338686
1507330590604898312 574.626185
1507325178962800644 335.849479
1507324149709959170 184.103535
1507322390950285320 1659.7212625
1507317713785397257 158.440618
1507307660751691778 1152.599707
1507302597606084608 808.939775
1507297732775464962 749.803488
1507292518345445381 945.6227025
1507287646287978499 5735.10406
1507282400820097025 2519.9868715
1507277467504893953 523.8582405
1507272414178074625 160.1142865
1507267461866917889 816.750228
1507262377154154497 160.1142865
1507257464193892352 6619.916807
1507252344039219203 2017.328432
1507247217333047299 291.218319
1507242220151181312 214.229568
1507237206540251136 816.1923385
1507232090839937025 485.9217545
1507227114969337858 1041.021807
1507222087592660992 231.5241425
1507217169066586114 1326.661231
1507211982167949312 1313.8297725
1507206942803988480 24778.104253
1507201957680738304 314.649678
1507197733257592832 637.6676985
1507193127857278984 2372.7040435
1507193085851185187 3174.391255
1507190552214716416 591.36287
1507189111483891712 1095.694978
1507186935613181952 979.653962
1507182985879072777 611.446892
1507181159234650113 2046.8965755
1507179209977868308 3285.969155
1507175440460386304 2981.361488
1507171889285787648 530.5529145
1507167886753759271 777.697963
1507160592112517125 123.851469
1507156576074829824 5744.5881815
1507147962949926917 295.1235455
1507145469893361667 256.0712805
1507139132602175494 1453.860037
1507137685848305672 320.7864625
1507133910995464220 1083.421409
1507125222238875650 476.437633
1507123974848671756 240.4503745
1507121496627376148 180.756198
1507121206318841872 2774.942373
1507120165632192512 112.693679
1507118904832790529 118.272574
1507115044596641795 141.703933
1507114408593481733 81.451867
1507114246009593859 184.103535
1507111262060101632 309.070783
1507107489464135687 1321.082336
1507103095028793351 186.8929825
1507101229863776256 262.7659545
1507099946293551108 1726.6680025
1507097439454445592 98.188552
1507093893287854085 175.177303
1507092632924667905 94.2833255
1507087431627026433 135.5671485
1507086354555023361 364.3018435
1507084849030447137 1601.7007545
1507081957452107776 3523.0721925
1507079148979703814 398.333103
1507076180985458690 1506.8595395
1507074842226413586 721.909013
1507073906137452544 28097.546778
1507070089585053696 302.9339985
1507069601170935818 620.373124
1507066108322492417 910.475664
1507064214187233280 437.9432575
1507062559165321216 431.806473
1507061600322146310 257.744949
1507060446699864074 2318.0308725
1507060192571060224 83.1255355
1507058570898001927 195.8192145
1507058507777904642 965.148835
1507054465169432584 365.975512
1507052576407273477 348.123048
1507049927372726293 313.533899
1507048883565649957 4124.4770735
1507044347035803656 143.3776015
1507044011910914056 4139.54009
1507042153305759776 204.7454465
1507041854776172546 189.1245405
1507041661372665857 136.6829275
1507040987268333568 241.5661535
1507039776943349760 1027.632459
1507038276799979531 635.99403
1507035705213554688 410.0487825
1507031067441647628 529.4371355
1507030851468505090 237.660927
1507030459209105408 461.3746165
1507024951512997893 325.807468
1507024623413592065 90.378099
1507022658931761154 207.534894
1507021484459540482 268.3448495
1507019341312655366 331.386363
1507017719643729923 203.6296675
1507016912168837127 169.598408
1507014673165479938 182.4298665
1507014268738105364 83.1255355
1507011692441468946 79.220309
1507010612747923463 259.4186175
1507010087314894860 239.3345955
1506998117131960324 177.408861
1506997878635520005 316.881236
1506992500313001984 533.9002515
1506991747611594752 317.997015
1506991726195474438 312.9760095
1506988384064991237 376.5754125
1506983618123485185 347.5651585
1506982319399137284 155.6511705
1506977187714707460 230.966253
1506975884984524802 238.2188165
1506975658026549248 196.9349935
1506974915949318144 2247.7367955
1506974815697076231 2919.4357535
1506967739943964676 119.388353
1506965676593872900 340.312595
1506959688029462528 399.448882
1506952062348652544 243.7977115
1506950932474437634 224.8294685
1506945231635161088 431.806473
1506940179038105601 692.898759
1506935300991246344 2131.6957795
1506930070715199490 215.9032365
1506925215011393543 1387.4711865
1506920183171989504 637.6676985
1506915002883616770 424.5539095
1506910179442368513 483.6901965
1506904905532903427 411.1645615
1506899967935332354 195.261325
1506894940877455362 598.6154335
1506890014046621701 13150.571294
1506885007779921920 849.6657085
1506879867853234179 377.6911915
1506874772868591618 129.9882535
1506869687539302402 457.46939
1506864772528050177 176.293082
1506859853704167433 1306.577209
1506854777262538752 1381.8922915
1506849745616064517 3679.839142
1506844601029517320 1674.784279
1506839631366483969 6650.6007295
1506835696216154118 644.920262
1506834437593604099 343.1020425
1506830960146362371 407.8172245
1506824556656291845 829.5816865
1506815765273473025 597.4996545
1506813265988386819 360.396617
1506809422374313984 517.1635665
1506805497684533256 567.3736215
1506803546175459328 10281.3455955
1506798103659106305 10118.999751
1506794228428337154 137.7987065
1506786709417054208 909.359885
1506782908618399746 503.7742185
1506771523146723329 2088.738288
1506762905798119425 596.941765
1506761654163279872 969.0540615
1506760411877724164 1772.972831
1506757902974930946 541.152815
1506756563125501956 165.6931815
1506756433437609987 2013.981095
1506755198135390209 160.672176
1506754650879496205 1063.8952765
1506754072275152898 88.7044305
1506746368492130305 19644.9629635
1506741324434722818 832.371134
1506740108505976832 126.6409165
1506738994721157121 277.2710815
1506737557916340234 364.3018435
1506732612965916672 94.841215
1506731257874505732 967.380393
1506730175706251265 465.8377325
1506728415839199238 754.8244935
1506722449618096132 1584.9640695
1506721478372323329 240.4503745
1506721362060193793 525.531909
1506720135247183879 116.041016
1506719888005480450 681.740969
1506719713950269442 407.8172245
1506718674740297728 750.3613775
1506715002996101125 5337.3288465
1506713193342967810 369.322849
1506707358063464457 143.935491
1506705609344749569 166.251071
1506704543177838592 1004.7589895
1506704213895618560 1202.809762
1506704139459379203 196.9349935
1506696319171104770 422.3223515
1506696026047987713 93.1675465
1506696016195555330 177.408861
1506695126143279108 507.1215555
1506690549515894784 278.94475
1506688878320705537 161.2300655
1506688303101198339 112.693679
1506688046284132352 699.593433
1506685944518172675 293.449877
1506682742301331461 821.7712335
1506682505008599041 536.689699
1506680788141498371 158.440618
1506680304882253828 245.47138
1506680128633389059 90.9359885
1506680028179820546 116.041016
1506679829969588224 335.2915895
1506679716501069824 520.5109035
1506679544496885760 56.3468395
1506679230469488646 341.428374
1506676108590141444 380.480639
1506667858171994112 3445.525552
1506667622036910095 678.393632
1506665963504103426 1665.3001575
1506662294259834880 147.282828
1506660391681761287 178.52464
1506659632483225600 712.982781
1506657661651193873 880.9075205
1506655038789148676 129.9882535
1506650188173115405 195.8192145
1506649871771742210 1842.151129
1506648423566479367 293.449877
1506645825291653127 273.9237445
1506644022932099076 70.8519665
1506643370180898816 4839.6914125
1506642642289164288 189.68243
1506637794755588096 397.217324
1506635791157456896 327.4811365
1506634379627401222 649.383378
1506631617414057997 458.585169
1506628468770975749 680.0673005
1506625813344571395 220.3663525
1506624547486769156 210.3243415
1506618014036226049 247.702938
1506609656902270983 1221.2201155
1506608038127435779 208.650673
1506606004766609409 969.0540615
1506604545975095296 132.777701
1506604293989691396 118.272574
1506603836294586368 1735.036345
1506600637290586120 189.68243
1506600410433273857 237.660927
1506600192266579979 151.1880545
1506600065816702981 114.3673475
1506599637779566597 200.2823305
1506598881328459779 213.113789
1506597016788381698 121.619911
1506591046276317189 198.0507725
1506588726008246273 238.2188165
1506587667185631236 232.6399215
1506587532598800384 118.8304635
1506582830150606849 285.639424
1506577835632181250 634.3203615
1506572958650683397 807.2661065
1506567714017447942 330.270584
1506562700918222856 2466.4294795
1506557689857413120 128.8724745
1506552669938151424 396.101545
1506547745254912009 341.428374
1506542525007360005 7537.6450345
1506537487212052480 210.3243415
1506532564487397379 97.6306625
1506527423545819137 954.5489345
1506522595406929925 721.909013
1506517362538790912 1709.373428
1506512318699429891 90.9359885
1506507359165710338 349.238827
1506502302466670593 204.7454465
1506497322837897217 4550.7046515
1506492324972404736 1267.524944
1506487243594080258 1549.2591415
1506482276594462725 16466.666482
1506477168162840581 849.107819
1506473309755609097 405.5856665
1506465763464339460 268.902739
1506447103114956801 352.0282745
1506443109990862849 1018.1483375
1506438197894520836 258.3028385
1506435569743659009 3760.17523
1506432006724354053 321.9022415
1506427767323344899 710.751223
1506425115076034564 724.6984605
1506423479784153094 182.987756
1506423140083150848 129.430364
1506414669145149443 7386.45698
1506412911547269123 1031.5376855
1506405367189807105 181.3140875
1506404079819366402 183.5456455
1506400411485302785 133.3355905
1506395514383740932 936.138581
1506394199481933824 320.228573
1506392787985395712 1953.1711395
1506392435575775235 2157.3586965
1506391687517519873 1159.8522705
1506390264578859009 462.4903955
1506387919514206209 787.739974
1506382747954081793 201.3981095
1506381744315936770 663.888505
1506380194923352069 868.6339515
1506378936309084161 882.581189
1506377697718460417 2095.432962
1506375166921609216 752.035046
1506374323782754304 16821.484204
1506371712169902080 123.851469
1506360066051645447 6710.8527955
1506359983121715203 538.3633675
1506359605198163968 225.9452475
1506356315500818433 625.952019
1506356281321263104 158.9985075
1506356180301484032 765.424394
1506350421610217476 3554.3140045
1506348880803205121 323.0180205
1506347213609263105 586.3418645
1506346164135858184 3169.928139
1506346087602262024 131.661922
1506345322838061056 96.5148835
1506344973876178944 389.406871
1506342730720448512 360.9545065
1506342612101316609 186.8929825
1506339392578854915 289.5446505
1506338067459690497 1642.9845775
1506334934088126464 619.8152345
1506334160985604100 197.492883
1506333531676594182 627.067798
1506332093059543041 518.2793455
1506329868723699714 358.7229485
1506326088124964881 1223.4516735
1506320865209712644 170.714187
1506318438863552514 199.724441
1506318271061975041 3189.4542715
1506316691017371649 104.883226
1506315979755728903 158.440618
1506314988184502275 310.186562
1506313952501780481 276.713192
1506311799959871504 3437.1572095
1506308651203497985 209.766452
1506306892586397700 243.239822
1506305184208756736 557.3316105
1506304029160136712 829.5816865
1506303152127156233 230.960457
