1520771419659026433 99323.8432575
1520678023518900224 369196.1443
1520504821949898753 241930.5792
1520479369524826115 84801.70823
1520415952206278659 152876.1850075
1520330555375693824 60482.6448
1520143152467914757 81998.0856325
1520138441232732167 122886.8736275
1520078187748892672 81903.5815
1520066818534162432 56607.9753675
1520032071892221952 62435.730205
1519708790593134592 102631.487895
1519698906501767172 326259.7667675
1519659229577154566 161665.06933
1519634377562628098 142795.7442075
1519423935238094851 213453.33394
1519340158973267968 111483.3749725
1519287599332044800 144528.31997
1519067306034442247 83825.1655275
1519054917259911169 113184.4493575
1519047780727238659 49331.157165
1518992760308645888 405013.2105175
1518975564886982656 173950.606555
1518972220835512322 52292.28665
1518913408611098624 206806.5432875
1518909907466084352 85557.74129
1518703998278197249 94441.129745
1518665769084719106 786746.9030625
1518633490614558721 485499.23003
1518622395283787776 180345.3861875
1518525098717818880 87794.3390925
1518492793127292928 167177.8103925
1518451105998458880 136999.4907475
1518377773173194754 597203.114645
1518290535856889862 502226.4614825
1517936383423393795 264611.571
1517932585732747270 73933.7329925
1517887464479854592 94252.12148
1517683863870492673 120366.7634275
1517614832123580416 103828.54024
1517607163857977349 110758.84329
1517590997043191809 156845.3585725
1517550109084590082 78658.9396175
1517222717795229699 60860.66133
1517170647729770501 514543.500085
1517145894012866572 127139.55959
1517145683165278209 142606.7359425
1517058065387991040 60199.1324025
1516905948715102208 135770.937025
1516844489440395265 160751.5293825
1516830865774587907 71886.143455
1516810571986964480 222525.73066
1516785043284414480 42967.87891
1516723667991941126 116460.5926175
1516546367019229185 129659.66979
1516536083953160193 293970.85483
1516453858788233219 82659.61456
1516450851044343817 211279.7388925
1516317533996998657 96488.7192825
1516140344114655234 245868.2513875
1516124605794197512 63506.77704
1516117217200545799 171146.9839575
1516086943842459659 87951.84598
1515967899827163136 77808.402425
1515679217371041792 205830.000585
1515448095919820802 159869.4908125
1515409885604757510 174990.1520125
1515081028125315078 77997.41069
1515076733048868864 83100.633845
1515056500514992137 185858.12725
1515027304854044684 211909.7664425
1515013929914748934 205609.4909425
1514973087661498380 302822.7419075
1514930077905178626 92771.5567375
1514723719553372173 110569.835025
1514657564176400387 74059.7385025
1514557478545072133 409958.926785
1514303880179466250 358737.68697
1514267232590864387 139645.6064575
1514230589104304129 83384.1462425
1514028761947201539 124430.441125
1513995187344838659 114570.5099675
1513974672722993160 161003.5404025
1513882523176165394 187653.7057675
1513872522323841024 806025.7460925
1513866057475403790 87668.3335825
1513814257405767686 81903.5815
1513636128460611587 311170.606945
1513598530937622533 229960.05575
1513595994553921538 96929.7385675
1513504805054001158 108900.2620175
1513488711404634114 72642.176515
1513372618732285952 219690.606685
1513292279468937218 80864.0360425
1513220286606417923 92078.5264325
1513219047634219022 84014.1737925
1513214665484025861 194773.0170825
1512890635442925573 132872.810295
1512860427407052800 82218.595275
1512825873401057280 215311.9152125
1512797313923784708 60230.63378
1512779917586481160 100867.410755
1512540580060016641 80612.0250225
1512534172103061506 76674.352835
1512509282859851778 46874.04972
1512506207864565774 998814.1763925
1512501567089434630 88487.3693975
1512483815729553415 55505.427155
1512445587672678404 235031.7775275
1512133257000898560 1664154.77057
1512121803535179782 457526.00681
1512099013683822593 501659.4366875
1512085743069397003 150671.0885825
1512031118932983809 167839.33932
1511989150161027074 62467.2315825
1511837247766679555 144307.8103275
1511774271948967936 65018.84316
1511718109928906761 180313.88481
1511701104463171589 64451.818365
1511498408720224257 80990.0415525
1511452488301481988 164972.7139675
1511410599263092742 266722.1632925
1511392207122706437 149222.0252175
1511370519282655236 152151.653325
1511357771916136460 131423.74693
1511312682506498055 159932.4935675
1511309247891611648 207027.05293
1511189348804345860 125406.9838275
1511119485637439499 399374.463945
1511064967973412877 83478.650375
1511012536753213442 408289.3537775
1510963384572956676 480711.02065
1510805707662237696 107419.697275
1510726546755104778 137030.992125
1510576036144156681 192441.9151475
1510537005641383937 138133.5403375
1510458954459013123 74500.7577875
1510355161306345481 76107.32804
1510064582060032006 198017.658965
1510034283829805065 561134.0374075
1509999057049169927 70122.066315
1509948974727372819 106915.675235
1509939029004984322 233488.21003
1509915994923413515 93023.5677575
1509913577204953094 213642.342205
1509867680328785921 183401.019805
1509679230422065155 441397.30153
1509331661254758403 243883.664605
1509301634345668617 397988.403335
1509147898608553997 288143.0999925
1509144602930040832 107829.2151825
1508923326965727236 103135.509935
1508920564710363143 383371.764175
1508820460892524546 107419.697275
1508812177335099398 185448.6093425
1508786159933173765 210523.7058325
1508728265724375044 66152.89275
1508601880829644801 416227.7009075
1508543706776879119 292490.2900875
1508539382646591499 63538.2784175
1508521907892674579 381639.1884125
1508481651524964355 223470.771985
1507814676402515971 219218.0860225
1507785904752111618 274376.998025
1507775500772651021 99386.8460125
1507748125116669970 98221.295045
1507572788869181445 1351188.5851075
1507480308186337281 271982.893335
1507472838038470664 273526.4608325
1507459505399169027 47630.08278
1507456282881499139 167524.325545
1507369525284642822 188661.7498475
1507286390329032716 167177.8103925
1507101841976406020 257523.7610625
1507096745888653318 134731.3915675
1506983371569782790 767468.0600325
1506911111769206786 165319.22912
1506701038933491715 377197.494185
1506696045446811650 346011.13046
1506690254312460295 90125.4410275
1506609819268042752 1095680.912205
1506404605336379399 173194.573495
1506341026100883459 125658.9948475
1506326393164115974 109498.78819
1506323300535971842 306539.9044525
1506279460492001284 117752.149095
1506185019706036225 169949.9316125
1505825202898358273 327677.328755
1505687057825513475 234055.234825
1505656686568169477 253271.0751
1505540257252622337 1636244.550105
1505505189050077187 312871.68133
1505130536574066691 206302.5212475
1505011528084430852 109057.768905
1504901237824761859 243316.63981
1504867929187364865 229676.5433525
1504558004162674701 220667.1493875
1504545212231831553 185165.096945
1504461963832840195 73240.7026875
1504442017815965706 262248.9676875
1504433478141714434 347397.19107
1504427142976782339 41235.3031475
1504410783853301763 323204.13315
1504240002338856966 135613.4301375
1504163205689614338 253176.5709675
1504118784617074688 1334524.35641
1504116086706520068 129911.68081
1504079671520022534 216351.46067
1504045245541101568 182550.4826125
1503868038902386691 139393.5954375
1503857637661843464 119642.231745
1503836644956323844 236732.8519125
1503815394376798210 53331.8321075
1503794649676320771 211059.22925
1503783065860124679 189890.30357
1503762369704513545 232984.18799
1503688407968534528 310383.0725075
1503679066146226178 162358.099635
1503344053286580224 724626.1866325
1503159818235822083 488775.37329
1503097374394269696 475166.77821
1503031750422933514 339364.3398075
1502940045166235649 182392.975725
1502896160750678016 410872.4667325
1502772475687743490 711269.6025725
1502708117120946183 134101.3640175
1502687649932398595 415219.6568275
1502654657113595911 1193272.1797
1502418262281306122 67286.94234
1502312936202719239 276991.6123575
1502280463897006092 292458.78871
1502248831165030400 159837.989435
1502084520371179520 271667.87956
1502028435341852682 94630.13801
1501955637298835456 182896.997765
1501934185602183175 432009.891035
1501874842068475909 95827.190355
1501854617428271108 455068.899365
1501845769141243906 135644.931515
1501718871258107905 86313.77435
1501589461947273220 214776.391795
1501340223019663363 230873.5956975
1501278253482487811 376724.9735225
1501270486713524233 245742.2458775
1501250156313956352 137472.01141
1501245355568078856 309658.540825
1501243247628279812 439223.7064825
1501195617787432962 411596.998415
1501174710964477958 100804.408
1500985539918381058 484711.6955925
1500977577355272193 62152.2178075
1500949837650481160 224951.3367275
1500948936139362305 84675.70272
1500857065325137921 177793.77461
1500846339902648320 92992.06638
1500491637088301062 591028.844655
1500324260363096064 142827.245585
1500253795493855240 1390281.794585
1500159001870442501 582680.9796175
1500133164597100544 544690.3183525
1500072339123412993 292458.78871
1499942508985524228 370298.6925125
1499806266499153927 79603.9809425
1499792958450806787 163996.171265
1499768947956232204 269368.2790025
1499740512919691268 500808.899495
1499735141899554817 214807.8931725
1499725393867255815 238150.4139
1499682329421398016 176880.2346625
1499553665752915970 464330.30435
1499481825152020488 204191.928955
1499477522932768782 95732.6862225
1499476131585662985 68168.98091
1499465636912807947 200096.74988
1499459325240172552 205357.4799225
1499452588609130501 303988.292875
1499291572793393152 407123.80281
1499210108030660613 618088.5279275
1499172946635599880 647510.8145125
1499052948994854917 153002.1905175
1498842450256932869 205105.4689025
1498820183196061703 575309.6572825
1498788009889525760 73429.7109525
1498779471524024326 578554.299165
1498752925304295428 122351.35021
1498705330334744583 653842.59139
1498695153703337990 207909.0915
1498638544893534209 288426.61239
1498496809605468166 346735.6621425
1498483189408571393 806025.7460925
1498443854294532099 179526.3503725
1498360100578381827 380442.1360675
1498343317221875713 214587.38353
1498330321288323078 250467.4525025
1498283395708764167 538894.0648925
1498252309926756353 121406.308885
1498214829458444290 366833.5409875
1497938675124125697 894198.101715
1497936958227689474 426497.1499725
1497845362098331648 386301.3922825
1497764936675737600 434908.017765
1497743446282539011 137976.03345
1497713673531502595 138669.063755
1497700725937348608 493595.0840475
1497698011966754827 117027.6174125
1497565227029872643 691014.21684
1497526056923897857 2767585.02164
1497447219221434369 352815.428
1497399313370161152 100268.8845825
1497392556925202433 320589.5188175
1497356690949390338 356501.0891675
1497318942074888194 392003.14161
1497316507877089283 148591.9976675
1497316415187083274 154104.73873
1497292752568074240 386080.88264
1497289249019805699 100111.377695
1497277899958853635 881125.0300525
1497212372989231104 714703.25272
1497209227013763074 533444.326585
1497206693394063360 46338.5263025
1497198679496798215 130195.1932075
1497171769693810691 209862.176905
1497149810171916288 494382.618485
1497051697931333643 380914.65673
1497036572109197313 165854.7525375
1496972970677477379 339836.86047
1496966566012936196 113782.97553
1496923062259834889 426119.1334425
1496919205886709775 277684.6426625
1496837987598057474 160657.02525
1496835579744776196 264611.571
1496814253621358597 484869.20248
1496788147589763086 375905.9377075
1496691618904252416 790338.0600975
1496684855412809730 767436.558655
1496670315153403907 196159.0776925
1496619794099052553 84297.68619
1496602098997370888 66877.4244325
1496583164634013705 119925.7441425
1496578116151656465 76989.36661
1496512540871995399 125469.9865825
1496441654349336576 136747.4797275
1496244123078172673 133849.3529975
1496208385682907147 223974.794025
1496152614047821835 245931.2541425
1496102920667942916 214870.8959275
1496088693916028932 379119.0782125
1496078583596466176 86691.79088
1496072027748421636 148150.9783825
1495891891795251209 425363.1003825
1495863188105093123 229487.5350875
1495858526840926218 71949.14621
1495853537770807297 203845.4138025
1495828321266974720 265115.59304
1495580172120170496 318541.92928
1495552508617498625 52071.7770075
1495503725888217097 434624.5053675
1495367543569190916 685028.955115
1495137978930323458 78186.418955
1495125133551443974 169036.391665
1495001918250405889 194710.0143275
1494797040555016197 165602.7415175
1494775063115145217 404666.695365
1494771749094842371 54339.8761875
1494765786401017866 235031.7775275
1494761577467326472 65270.85418
1494757770381471745 91952.5209225
1494722319063085057 143646.2814
1494718332636962823 63853.2921925
1494717165412536323 83163.6366
1494707580186333186 102662.9892725
1494694512236634112 68357.989175
1494686221972475904 61585.1930125
1494655866317979654 59506.1020975
1494509111777636354 107955.2206925
1494461770085408774 57521.515315
1494408474255675393 505156.08959
1494359648899584005 100583.8983575
1494333193918447618 113467.961755
1494330837763964930 64829.834895
1494321737894273028 263666.529675
1494314151627350021 166862.7966175
1494201826387931137 55694.43542
1494097151814782978 264202.0530925
1494007240843579394 77304.380385
1493930031441231875 296805.978805
1493919448679567364 40857.2866175
1493852756729290752 86250.771595
1493766339642675202 178644.3118025
1493693184714629121 127045.0554575
1493680130832715780 137692.5210525
1493655823125553154 48953.140635
1493624066422542336 153915.730465
1493619598117285895 148402.9894025
1493597548447154185 63443.774285
1493576791797211139 191181.8600475
1493538025707552770 201136.2953375
1493348061644533765 213862.8518475
1493329268813832200 205168.4716575
1493326663102435332 68105.978155
1493309391575126016 104647.576055
1493134783035191297 119264.215215
1493105141918187521 165886.253915
1493059296329875460 108112.72758
1493058635747975168 126824.545815
1492878371553951753 179463.3476175
1492869387589664771 131297.74142
1492862789408469003 288741.626165
1492568996520071174 296679.973295
1492514544782032904 132935.81305
1492509092417523721 167461.32279
1492462927697387520 159050.4549975
1492263665877327873 288836.1302975
1492261826515582980 107041.680745
1492243866904588288 199120.2071775
1492214232489897984 59065.0828125
1491919654243250179 80895.53742
1491823581193510917 140086.6257425
1491822018869837837 109026.2675275
1491767898519609344 468677.494445
1491593099210018817 83352.644865
1491578715201015811 629681.0348475
1491549246566322179 290348.1964175
1491526111636905984 99733.361165
1491517320669405189 99386.8460125
1491509725967663111 87888.843225
1491449340778487817 117563.14083
1491388131827933191 383371.764175
1491326773128310786 151931.1436825
1491182001629671427 59978.62276
1491153459177000961 159648.98117
1490871673704353797 102599.9865175
1490815687677337601 205956.006095
1490793633754275852 59569.1048525
1490786376786362371 80580.523645
1490689762134573058 318100.909995
1490685710545862661 198112.1630975
1490453561075015683 63317.768775
1490421112018284546 197734.1465675
1490085815606779907 489625.9104825
1490080010773975040 207184.5598175
1489920807744778247 192504.9179025
1489755996893421569 223596.777495
1489721944299683846 225612.865655
1489702041756872706 398303.41711
1489692068951777283 280015.7445975
1489677592831664132 362864.3674225
1489672247023390721 79225.9644125
1489664280970547206 169855.42748
1489570414745559041 104049.0498825
1489436275098759168 162358.099635
1489354513140043776 291293.2377425
1489353963304591365 327960.8411525
1489302593687990282 177289.75257
1489279667324563457 93055.069135
1489242253008769025 127076.556835
1489223218493800453 277621.6399075
1489192551064436739 106411.653195
1488982668805029897 274503.003535
1488908743224008711 186645.6616875
1488905988216401920 225045.84086
1488887956605657092 78564.435485
1488882238855028738 131990.771725
1488867353031024647 171052.479825
1488856630762557440 306161.8879225
1488707565605240834 527175.5524625
1488665027427119107 193796.47438
1488627260303228935 93559.091175
1488620239638118403 234212.7417125
1488579565710622720 124115.42735
1488573836861792259 84518.1958325
1488569620260917263 80612.0250225
1488530463081779202 89337.90659
1488526839903629323 183180.5101625
1488511031060180992 889346.88958
1488484967738916864 175525.67543
1488309741583577092 77020.8679875
1488298356564795393 407942.838625
1488273348354269191 143961.295175
1488266606778195977 89841.92863
1488255828138336257 107608.70554
1488248235886006273 100615.399735
1488193054284693504 166925.7993725
1488170043682836491 165665.7442725
1488162516727439361 128714.628465
1488156067905388548 59128.0855675
1488105764820602882 185543.113475
1488039280836554755 66278.89826
1487980274617131012 120744.7799575
1487932033779314691 214555.8821525
1487850643251474442 116397.5898625
1487791634012151812 743243.500735
1487523100967292935 280236.25424
1487417821789368323 80454.518135
1487371224074358787 92771.5567375
1487262948267544576 218336.0474525
1487191885575860224 196096.0749375
1487140936316600327 182014.959195
1487137991042678785 61553.691635
1487046681271144448 176250.2071125
1486884441339437057 252357.5351525
1486696772940484617 442972.370405
1486465285355937799 175620.1795625
1486437557973966853 619128.073385
1486384987083620363 435506.5439375
1486357668033974272 132400.2896325
1486317950789459970 195119.532235
1486305032840568834 69177.02499
1486235683874295812 405643.2380675
1486119907121143812 216162.452405
1486088047167000576 359966.2406925
1486060097503649792 169949.9316125
1486053629106823173 69460.5373875
1486051695511715843 107923.719315
1486032315079921665 69586.5428975
1485996040218198018 36100.578615
1485986072949575682 107671.708295
1485944641585307653 170453.9536525
1485925145508302848 72327.16274
1485825892928696321 146544.40813
1485728500527124488 64357.3142325
1485717874501206025 269777.79691
1485705398464266247 374645.8826075
1485665965325144066 56513.471235
1485636465153519621 222557.2320375
1485625439217405958 61459.1875025
1485604331613261828 146796.41915
1485562943987146754 157097.3695925
1485394304336080899 133093.3199375
1485375961159946246 227219.4359075
1485299617755455491 240261.0061925
1485233279376801792 123674.408065
1485025865662672896 326102.25988
1484964040627847168 572222.5222875
1484619604819427334 436987.10868
1484612867127234562 131203.2372875
1484591645760835592 85116.722005
1484572520980303872 126541.0334175
1484564731868372994 176281.70849
1484557928115974147 138826.5706425
1484556693023473666 189228.7746425
1484446367388950528 391908.6374775
1484276130366509058 101024.9176425
1484214015119216643 224006.2954025
1484123847460900866 194079.9867775
1484087306705330178 77556.391405
1484008819332202500 155081.2814325
1483987008691347457 147867.465985
1483943625797083141 370897.218685
1483941799832043530 103797.0388625
1483836956786184192 171840.0142625
1483807195657551872 108963.2647725
1483751202017976320 700685.1397325
1483696984129167360 244198.67838
1483690243685498880 218021.0336775
1483576264552292359 257775.7720825
1483568559414550530 264485.56549
1483501166248005635 108270.2344675
1483194109309464579 167492.8241675
1483155188420694021 370109.6842475
1483057024120328195 150009.559655
1483035389812166656 83888.1682825
1482776112115728393 245332.72797
1482684808857849861 893347.5645225
1482608123714101250 625302.343375
1482571666475692033 262311.9704425
1482560261919809541 526923.5414425
1482517265765613569 429017.2601725
1482490694061240323 189386.28153
1482465990948569088 75319.7936025
1482451488567922690 335678.67864
1482419277017796610 234181.240335
1482353101394821124 609173.638095
1482333120984662017 92078.5264325
1482306373128011778 206806.5432875
1482109670131179525 89243.4024575
1482102770928922624 302980.248795
1482089578240651265 150450.57894
1482086951503204355 147930.46874
1482004204315156481 260925.9098325
1481981505303945222 104679.0774325
1481945850947461131 120555.7716925
1481892134303195138 752945.925005
1481757822555676672 169225.39993
1481755884262936579 544847.82524
1481748814692241419 73996.7357475
1481714052904759296 159396.97015
1481698631572987914 228132.975855
1481686263262494727 81116.0470625
1481680475894816771 86345.2757275
1481677924960980999 358296.667685
1481668643612200973 70122.066315
1481658581590196226 287639.0779525
1481649770670088194 80643.5264
1481627318149951490 43755.4133475
1481564683945586689 116649.6008825
1481458877480771593 171020.9784475
1481423358298411009 38652.1901925
1481391145443807235 202081.3366625
1481385221559885827 416164.6981525
1481370222313578497 93590.5925525
1481290225955520515 136589.97284
1481278161526657032 238276.41941
1481258678376349703 187086.6809725
1481242175589466115 87227.3142975
1481058981871292416 312210.1524025
1481027991274672129 127675.0830075
1481022942586839046 187716.7085225
1480901986056876038 168910.386155
1480835710689189889 185858.12725
1480740127701929988 56292.9615925
1480676930953302027 119232.7138375
1480601025199415298 45550.991865
1480540051373277189 82344.600785
1480428314737135622 209767.6727725
1480362168486932486 106254.1463075
1480349209102626823 547367.93544
1480274004535558149 197198.62315
1480246038409715715 147709.9590975
1480222949466595338 111924.3942575
1480215522964815878 118949.20144
1480174379258556425 77839.9038025
1480068763353550848 110002.81023
1479953590470991876 114507.5072125
1479861457458184192 111766.88737
1479836333430431747 88613.3749075
1479619055564771329 204821.956505
1479547799498899468 1867937.1816175
1479518229651460102 132841.3089175
1479509416139501573 56072.45195
1479478711233691650 801426.5449775
1479459936002322439 84203.1820575
1479452385713995777 57773.526335
1479447213591912455 86691.79088
1479397473902862337 130982.727645
1479160815471239170 145788.37507
1479157283892387845 83163.6366
1479140744791265290 302602.232265
1479113586244874242 119327.21797
1479105436670324748 446091.0067775
1479072596553523200 95260.16556
1478912470823673857 111136.85982
1478904716801183745 35250.0414225
1478863955238047744 75414.297735
1478859943390371840 66278.89826
1478853727343763462 80895.53742
1478850320092610564 394050.7311475
1478829985058234380 286127.0118325
1478825738002440194 77713.8982925
1478823131993489408 57490.0139375
1478817335276449792 285244.9732625
1478786904820789261 134888.898455
1478745559502630912 118571.18491
1478386317880967168 305846.8741475
1478168650154758145 125564.490715
1478163027178446850 226085.3863175
1478112055773351945 69681.04703
1478086313169637380 63254.76602
1478079751180988426 282252.3424
1478078303865081862 93622.09393
1478062317036310535 415912.6871325
1478057032527847424 89778.925875
1478019040723488772 121248.8019975
1478014365940994055 51725.261855
1477992801296175108 109908.3060975
1477808602962403329 115799.06369
1477756397488062465 55757.438175
1477734555469635584 298381.04768
1477720426247823360 678035.64931
1477695838747074561 182518.981235
1477660921216606216 1559318.18625
1477619448207101955 166894.297995
1477608829210841092 77493.38865
1477431253813104641 125848.0031125
1477323555050344450 70815.09662
1477308880271155201 91858.01679
1477089492502822912 73240.7026875
1477011873501528073 90093.93965
1477004664369471494 1549080.2385625
1476992357350449155 160814.5321375
1476992007314759693 238496.9290525
1476989159352979468 208003.5956325
1476984628841959431 182676.4881225
1476975328048435200 113058.4438475
1476970174133772288 89243.4024575
1476749429768081430 121595.31715
1476682268185960463 132935.81305
1476607731142467587 108742.75513
1476524116060614660 187716.7085225
1476327537081004032 321377.053255
1476316692682792964 812924.547765
1476312203041067010 328086.8466625
1476302364755775492 113499.4631325
1476237506207449088 130541.70836
1476215201598947328 88455.86802
1476136149802434562 70909.6007525
1476005400575152130 112491.4190525
1475991657258663943 310981.59868
1475970387141877763 200033.747125
1475940392310919170 232669.174215
1475890186882007042 191685.8820875
1475878544064528397 108616.74962
1475818471191728133 104679.0774325
1475777941456191488 69712.5484075
1475735399381319681 99418.34739
1475711988365934593 142732.7414525
1475658878197063681 102284.9727425
1475635440136953866 62813.746735
1475587037059325952 823099.4926975
1475459670559051777 271289.86303
1475189902019022848 97213.250965
1475153237607079960 440105.7450525
1475151806770696198 287135.0559125
1475006778576363520 429899.2987425
1474794628671021067 165413.7332525
1474763894606516228 147741.460475
1474718426878910469 330701.460995
1474710320144863241 133471.3364675
1474480417143201793 249396.4056675
1474452606869192707 118980.7028175
1474418255125221379 244104.1742475
1474377816468766751 166264.270445
1474177274333306888 96520.22066
1474175399135432704 72295.6613625
1474171076951384064 448737.1224875
1474102890700681221 446154.0095325
1474098327323033608 105214.60085
1474087335503568903 53111.322465
1474062753010786312 139362.09406
1474029248839102468 156813.857195
1474016596805009410 109246.77717
1473976849067819017 92362.03883
1473974771297701896 383970.2903475
1473778039364648960 139456.5981925
1473750728288219143 169571.9150825
1473741388080730121 265462.1081925
1473713731322454023 624609.31307
1473708577017810952 437900.6486275
1473690867500212238 72516.171005
1473678556513378311 140496.14365
1473673995593650180 420543.389625
1473671759639498752 128431.1160675
1473445536661491721 97465.261985
1473430815946289156 132337.2868775
1473349252302708738 79824.490585
1473339545227829255 122225.3447
1473291991010140161 173572.590025
1473239950724419584 634185.73183
1473088507094519809 29044.270055
1473088320234270721 323739.6565675
1473068766120579072 191654.38071
1473066655714615301 119295.7165925
1473053963075440645 78343.9258425
1473036171672494086 189008.265
1473004313702277128 59978.62276
1472979543480836112 141031.6670675
1472967735105802241 122067.8378125
1472958748041912322 83321.1434875
1472951980528181253 231818.6370225
1472923422242086922 61679.697145
1472896836025344009 457305.4971675
1472761616307470341 71319.11866
1472751850453704712 259130.331315
1472729557979607051 173005.56523
1472684817066209282 214524.380775
1472604798486724618 46653.5400775
1472576411743535115 344121.04781
1472531470073966592 191370.8683125
1472289262422876162 172375.53768
1472283617376280586 200159.752635
1472245617028124677 207720.083235
1472240057008414726 140748.15467
1472008726706065412 216729.4772
1472005152202706952 536877.9767325
1471953746313846792 217737.52128
1471951410296233997 79572.479565
1471934752076836871 35029.53178
1471930060148023299 512464.40917
1471927246843691008 126950.551325
1471908823216660482 96425.7165275
1471888580607885319 46653.5400775
1471886949237641216 124178.430105
1471655050976149505 147741.460475
1471627936264605708 78280.9230875
1471624983688404993 125123.47143
1471613968439463937 156404.3392875
1471608791955345410 451792.756105
1471582446164623368 109813.801965
1471528624717189122 150230.0692975
1471518064973955072 112648.92594
1471484385237032966 80423.0167575
1471478198869401609 325661.240595
1471478088861110276 263666.529675
1471379273839788036 62404.2288275
1471303947495292931 114381.5017025
1471276108431699968 127801.0885175
1471238867483254784 109057.768905
1471194791014809608 65995.3858625
1471194012568768524 78501.43273
1471173114746875910 176092.700225
1471172798420766734 86723.2922575
1471166558026313733 168280.358605
1471150818644611077 88991.3914375
1471109569791340544 59254.0910775
1471095638083387525 151269.614755
1470970092041031682 214146.364245
1470933819272355842 322700.11111
1470910128358670337 342167.962405
1470894258009821188 246246.2679175
1470883862985293830 144811.8323675
1470877287503519747 61522.1902575
1470848184323026944 94094.6145925
1470845455105937414 41550.3169225
1470841722586472449 795000.2639675
1470806457465647106 333253.0725725
1470790503037902850 156183.829645
1470770838433640455 59222.5897
1470747393096306697 107199.1876325
1470724937245679623 301594.188185
1470630704212058117 192126.9013725
1470558449020907523 165350.7304975
1470533251714404352 70279.5732025
1470519381306269701 75949.8211525
1470508460324306945 97685.7716275
1470451247337594885 162421.10239
1470445354248192004 70059.06356
1470415000477089792 56576.47399
1470410479562543105 59254.0910775
1470383897007566850 964540.6776725
1470383410166251527 71035.6062625
1470383273138438144 59852.61725
1470319012093612035 63380.77153
1470231181409009664 347743.7062225
1470193442391269385 225738.871165
1470143916376743944 71445.12417
1470061229033070593 377670.0148475
1470051481537724422 5242868.7614575
1470042573297229827 223313.2650975
1469998804522917893 255728.182545
1469894828985098243 67790.96438
1469820325533782023 383403.2655525
1469710620467548167 397893.8992025
1469684057600630797 110853.3474225
1469605143771598851 378205.538265
1469586314995638274 60104.62827
1469558443174416388 36384.39412
1469520728722714631 82492.20391
1469433461740032006 47362.44407
1469397168394055681 98959.278835
1469389088008683526 177718.945762
1469323734850977796 105106.986807
1469323124491567112 40242.394531
1469299606592888832 130544.696834
1469275209303740420 89141.765594
1469256375159111685 111850.646062
1469205169548271618 102284.059677
1469086507533312003 598491.917417
1469061579048202246 259458.369104
1469051403847016450 230664.512378
1469024578856964103 173421.823353
1468994808987402254 323789.741811
1468983648313651202 97579.181127
1468977397412282371 76124.934939
1468976618857193475 77630.496075
1468961727186288655 84719.179757
1468939721288073219 178910.848328
1468916295022305290 105452.011234
1468897229587070985 82304.008768
1468773801416695808 230664.512378
1468753991324606464 70573.17825
1468706392626323460 127659.03799
1468699163147837440 127784.501418
1468686437449191436 56584.006028
1468662741875539975 253059.734276
1468659115853594625 248198.026441
1468645162163359746 77505.032647
1468618603884855296 54702.054608
1468603474325778437 151904.845451
1468601811342929924 35223.857411
1468569960775655424 63641.323853
1468553513907236864 353775.501103
1468519171478769665 137413.819517
1468506853625802755 67687.519406
1468412037772500993 87040.253175
1468383714870763520 80578.886633
1468360542653980677 186407.288151
1468335953152466944 159024.89499
1468294885593735168 110941.036209
1468240415774199819 155888.30929
1468233309545279507 164827.578535
1468022092713111554 123644.208294
1467994687583801346 180949.629033
1467987885999726603 171696.701218
1467948267090722825 244402.757744
1467926738445471746 171665.335361
1467922525715849217 64739.128848
1467903876267491328 48648.444207
1467902361616195588 105012.889236
1467874328784121856 121574.061732
1467871323972112400 43880.833943
1467861087659958276 340131.353308
1467737313522462722 214416.998452
1467672728354410504 371967.698163
1467648794212904961 244277.294316
1467551978112888838 73176.544381
1467550552397697031 222415.291987
1467538539218931729 256541.344403
1467532591339298826 309298.715877
1467308724985417731 101719.474251
1467291648522698753 198796.801666
1467258845646962690 2009202.701849
1467251044308688896 70792.739249
1467249046024867847 204066.265642
1467192131467022340 72392.397956
1467189886927224836 49495.322346
1467146740386217990 298791.153782
1467119782927290373 115865.475758
1467030949191983110 580174.256929
1467017108496302083 180385.043607
1466948783607058436 79481.081638
1466942761911914501 1050913.038785
1466927155607179267 72643.324812
1466896219729534976 162537.870974
1466883087854415872 64739.128848
1466881730649165824 208645.680764
1466874839042514948 565338.206568
1466861101887500296 398848.237612
1466817660264529932 466284.830162
1466763545857699841 71859.178387
1466757727695392777 81676.691628
1466617498363736067 35662.979409
1466596348204097545 88294.887455
1466550217512259593 126153.476854
1466524850458083337 79512.447495
1466523868546351105 112760.255915
1466480598965526535 65931.031414
1466440298612109318 188508.80057
1466430660403417096 81864.88677
1466411434603167752 415033.019824
1466404776187510785 58497.323305
1466400873790296066 121981.817873
1466353213167312900 236184.90321
1466249140359372801 113011.182771
1466233516463693827 211123.583467
1466204140313493504 103820.98667
1466159364780310531 423846.825641
1466142555268124677 341699.646158
1466130734796754952 284551.054704
1466117097499635725 490216.979053
1466103569355055104 132865.770252
1466086530489925645 117559.232036
1466067437422587907 60818.396723
1466058898331291651 162757.431973
1466027109592276995 110815.572781
1465806176558399494 231668.219802
1465779824799227912 178659.921472
1465766888844181520 456279.121779
1465764332290158594 142212.795638
1465726744258924546 120162.598167
1465694137064194055 112195.670489
1465495793331314695 132991.23368
1465470532858826752 191457.191128
1465462863347298304 99586.595975
1465431802995265536 514933.274369
1465395342506135558 134308.599674
1465380140494503937 36729.418547
1465369171370389512 324887.546806
1465352378627104786 104291.474525
1465347638132457477 179067.677613
1465329804421521417 288189.494116
1465311937797971975 42061.614237
1465156724248260612 169814.749798
1465040211990265866 1018418.010933
1464977055817347082 149144.650035
1464951698393288705 305848.471607
1464934950097068034 184368.507446
1464756478905040898 80704.350061
1464602657709043716 229817.634239
1464579749284614150 496741.077309
1464502379454377986 118123.817462
1464398557906100231 131485.672544
1464357696606547972 138637.08794
1464308916041441280 511169.371529
1464300360093384705 359735.013933
1464297114075340810 74682.105517
1464252418489729049 323476.083241
1464242425849950217 182141.531599
1464228159512059938 173296.359925
1463995221096730634 135124.111956
1463581003847512069 1267870.671654
1463575497925926920 230319.487951
1463561964857315335 77003.178935
1463514778186493959 156201.96786
