1509285326241824769 42811.7858595
1508998364234665984 505671.3258485
1508267392660643844 202651.9194665
1508119061796110344 1446465.64496
1507795366640783360 554636.270538
1507775237529964544 214129.927284
1507681269622063112 238458.570658
1507533842957373440 254835.439544
1507277563173142529 180216.5557325
1507259211126050818 111727.1647555
1506712561898901504 1086505.853405
1506695072091623424 99231.5191315
1506686921212190721 93764.674171
1506686603044921350 93457.0162295
1506686267467055108 105337.3459705
1506587860765392904 227004.228836
1506550845516783616 192380.8774195
1506549826288332800 164549.6667115
1506488407819620354 182488.4913005
1506273174719283213 633302.03958
1506258725996142597 177565.9642365
1505989054781083648 553594.966736
1505827559816458241 231358.772008
1505778732509716482 201184.6277455
1505596788816113669 620001.750109
1505402753912217602 220756.406024
1505220617288941568 688940.7950005
1505124302466605056 262384.8921085
1504758116839469061 3140004.28294
1504672796051652613 284843.921838
1504523304732082176 610322.3579495
1504516485431296000 207219.456598
1504157923853082624 2037523.8825725
1504027191541215237 392855.5253
1503810030126383104 1042321.4398065
1503806880338296832 192901.5293205
1503806777875644416 160739.441436
1503639594369105922 255900.4093415
1503608682252177408 290571.092749
1503603495316094976 287541.845325
1503291341287026690 259402.9766755
1503282405544644609 276797.483368
1503238136151015424 132032.5888945
1503237888162799618 476349.157424
1503082139365314560 649442.248511
1503080154197016576 404096.8731625
1502551969281417218 152858.6649345
1502551906354298881 252658.167958
1502551466007044096 155035.9365205
1502525479399878656 81931.676421
1502524317531541508 237322.602874
1501999516723335170 292511.70438
1501975741067821061 198983.690164
1501973906231816193 108177.2654305
1501973363904094209 70075.0126755
1501971965875466241 96675.5916175
1501971182966706178 67022.099256
1501970585836199936 75186.8677035
1501970441279537153 53272.1558705
1501970254066774017 51094.8842845
1501970145841131520 98521.5392665
1501968475124023297 81718.6824615
1501618971811979271 102947.080425
1501618783101857800 115158.734103
1501618382252261378 79967.3987945
1501618285934219265 313243.116438
1501618076927860740 122731.852663
1501613337989234691 144883.224451
1501519758302547970 184878.756846
1501095744841068545 181399.8555075
1501045075174113288 121406.556915
1500897156861149184 503636.0502355
1500895651064082432 199788.334011
1500892756235141121 135700.818197
1500553797873336321 616286.1888155
1500178074822144000 761879.3931315
1499821687017472005 383247.131127
1499819966002241536 236778.2849775
1499743554079698956 235381.991243
1499607217791774722 757643.179937
1499349036079656962 204119.2111875
1499270696366911488 225986.5910295
1499254343379599361 546471.5020905
1498946572083941380 164999.320626
1498725828385206272 808051.750352
1498709113953394690 850792.538225
1498573123318435846 1296210.2395305
1498337376753823744 591531.5575225
1497976063615717377 627645.8666555
1497919808649986048 126447.4139565
1497801716653502464 1221662.3537055
1497283523098873856 666600.0952485
1496721769335767043 640827.826149
1496721040596410369 202580.92148
1496435181355663371 248658.6147185
1496325195166253057 1034511.6612915
1495633761828208645 280844.3685985
1495610838967021568 134919.8403455
1495491423025897472 2917496.593249
1495239799456034816 635952.631076
1494971365245747204 161425.7553055
1494915371211845632 621587.3718075
1494740796049956865 4287426.408762
1494670699817955328 123063.1766
1494645233547898887 173755.738961
1494379374149513217 329785.6472925
1494041763430154240 627077.8827635
1493678368713510912 877038.1272345
1493408773360128002 341926.302984
1493155414019829760 221300.7239205
1492936777749114881 335512.8182035
1492779570910855169 149758.419524
1492717544440221700 344174.5725565
1492432663646728192 157710.194012
1492365145787764736 747324.805899
1492363282120060928 281388.686495
1492229804644777984 466527.7692915
1491848032421560320 740106.6772715
1491074179307048960 164431.336734
1490951639179862017 366751.9322635
1490708896201449479 1163420.33878
1490067284748283904 1266414.751196
1490065408569016321 1577078.2741245
1489829127863816192 993853.4810225
1489694601703456768 463048.867953
1489299885874884609 2014236.5430005
1488969575123537921 275330.191647
1488731416167063553 442719.7778185
1488726813669195776 703613.7122105
1488587560146595840 1714743.369948
1488375539534827522 517054.669684
1488374950788763649 2739125.9851655
1488240176686333952 347866.4678545
1488025669141676034 295020.299903
1488025311178792962 700892.122728
1488017775511539714 199291.3481055
1487543808107884544 1207604.7523785
1486734346933325841 666813.089208
1486297573191155714 160266.121526
1486288101391872001 278548.767035
1486256075171328002 264846.1556405
1486245620629520385 802655.903378
1486035835816669184 1087665.4871845
1485852050642862080 821991.0217015
1485821225683525633 171341.80742
1485697349926420480 431360.0999785
1485695873955020800 316343.3618485
1485320587895787520 894787.6238595
1485138208346492930 733574.8625135
1485135443960430595 164123.6787925
1485123659249643520 358800.1577755
1484625233202061312 226246.91698
1483771099536293890 133476.21462
1483687553673097219 660849.258342
1483291391350702082 471876.2842745
1483286405224996866 579177.9078715
1482953309137018884 946474.1580315
1482952805535354880 1336087.441948
1482368428002648074 908182.5773125
1482102292405166080 769523.509678
1481555521996210176 297150.239498
1481554911058096133 99184.1871405
1481525588922081288 898716.1791125
1480820685953912832 999178.33001
1480817998474584065 142327.296937
1480654006615642112 2150813.003031
1480467991888281602 222105.3677675
1480467424524656641 283376.630117
1480252081961267202 538188.4036655
1480067229118963714 585189.0707285
1480064605179166721 397943.7143325
1479889097367822341 599270.338051
1479758647127265281 220117.4241455
1479752681170214912 99870.50101
1479377499020689413 491590.058526
1479316892380663811 179908.897791
1478985630440849413 783604.7770005
1478261900840300544 600287.9758575
1477137821542404098 368692.5438945
1476984183054426112 1637213.56869
1476798170449416195 708015.5873735
1476797681653723138 182038.837386
1476528408750268417 625302.933101
1476430932273811459 814583.56511
1476178495843684352 186109.388612
1476079269658836994 608003.0903905
1475731292373151744 401517.279653
1475571360063578113 279519.0728505
1475354431197573124 675735.1695115
1475194231798972418 737266.7578115
1475148724460425218 462906.87198
1474787309664956421 517385.993621
1474616644722823168 596501.4165775
1474340422071635972 318378.6374615
1474091760036941850 1023293.9794245
1473721832998121479 783084.1250995
1473721111020019726 422035.6977515
1472806639354793984 284370.601928
1472800812644507648 1031553.411854
1472795286485417984 105739.667894
1472795111272505346 54928.7755555
1472794674209308677 193658.8411765
1472790884689219584 74666.2158025
1472785997905547265 122471.5267125
1472219782334205952 213254.2854505
1472082916540751874 873985.213815
1472076741069864960 269532.0227495
1471922941654810625 181328.857521
1471716793731354624 1770500.455346
1471401380535418881 637135.930851
1471399725651820544 250078.5744485
1471386867484422148 171081.4814695
1471192670852640769 630722.4460705
1471108249818570754 701128.782683
1471106463619633152 814772.893074
1471102637760122882 283991.946
1470833247105937411 158585.8358455
1470697815743496194 1422160.6675815
1470634353336020994 422864.007594
1470269169073471490 566232.608333
1470041492257345537 109171.2372415
1470039048404168704 136623.7920215
1469841980817432577 1930080.2630025
1469367491830767618 130659.9611555
1469159567380475906 723090.826507
1469028115393351682 756483.5461575
1468811222162182144 589046.627995
1468805482613653506 367414.5801375
1468803957413662721 159248.4837195
1468802431098052608 1008786.724183
1468639867705782274 1214538.88906
1468535553205309444 201231.9597365
1468429488488808450 762210.7170685
1468085116052258819 1156415.204112
1467919461202087937 249226.5986105
1467829597932703753 228968.5064625
1467597140562120706 640662.1641805
1467425592479924225 947160.471901
1467423753910972418 550187.063384
1467070813752868866 811341.3237265
1467068974949371909 168146.8980275
1467068870137573380 132292.914845
1467068221563949059 64134.847805
1467067672315588610 282666.650252
1467066062516543492 225252.945169
1466984318442508288 506428.6377045
1466766457866313730 308770.2432885
1466641133367291910 787107.3443345
1466106033068130307 455736.0753435
1465587296162308097 810844.337821
1465570692393410560 326898.3958415
1465440517332738049 2115787.329691
1465234072368603136 633870.023472
1465044091083771904 556316.5562185
1464913856778567680 527633.3696725
1464697699245047809 1127661.0195795
1464297276193443840 1705111.3097795
1464141703829286921 655950.3972735
1464116669429665801 144386.2385455
1463930386661068803 120862.2390185
1463929673365159938 555819.570313
1463587683326840833 3116432.951422
1463220201760067590 2734653.112016
1462863790509228033 892160.698359
1462517123607973888 1202137.907418
1462490580487786503 1305984.295672
1462334469428318211 1496945.2133615
1461995456276271105 428638.510496
1461840900624052226 1256688.0270455
1461772729426735104 194510.8170145
1461764455323226116 383815.115019
1461552034335789063 136529.1280395
1461409217001115651 1239364.5183395
1461076808716087298 381093.5255365
1460795820270178304 979701.2157135
1460325374684897280 908466.5692585
1459231255334047748 1263693.1617135
1459036271649562628 208166.096418
1459024465673682949 1065182.7914595
1458667970318585862 203432.897318
1458505552867180545 1037233.250774
1458170052188860419 1037682.9046885
1457918841284022275 330708.621117
1457399014740008963 1454086.095511
1457333997411835906 1829476.116132
1457207515565809665 1982689.770999
1457062646365126665 3519748.846733
1456689983008296961 3148240.049374
1456523948217143298 770470.149498
1456520199356620803 1441235.4599545
1456520027071451143 156668.89021
1456150560407576576 2205528.784627
1456143230106406918 722238.850669
1456142752815534084 145640.536307
1456142248979021831 104532.7021235
1456141726490324992 504961.3459835
1456139075010715650 184121.44499
1455786300150214664 760317.4374285
1455393927226298372 698194.199241
1455269232682291200 1221047.0378225
1455060112754675715 96699.257613
1455046393987436544 172501.4411995
1455031119380844545 134919.8403455
1455009400150642691 393447.1751875
1454794258209140736 488584.4770975
1454529377945808898 440329.512273
1454156055986925568 1382685.7870875
1454041125212200962 185612.4027065
1453823545155354625 1317178.3115435
1453630824339763210 281459.6844815
1453361543534428181 158680.4998275
1453355609122766851 428638.510496
1453335057037283333 94711.313991
1453284917186543627 160881.437409
1453284453799940111 167815.5740905
1453263781027631108 142516.624901
1453262691796127745 332152.2468425
1453073882341019651 121122.564969
1453071312771944456 762565.707001
1452830448464261124 2044505.351245
1452146262635999234 1666772.3970695
1451802406862217220 455688.7433525
1451619329464623107 617942.8085005
1451271445212925954 612310.3015715
1450902030931804161 345428.870318
1450457961671888904 1098693.8410875
1450436978860695553 1108089.241301
1450436198552391682 510191.530989
1450435275063103495 1191772.201389
1450434232891830275 334400.516415
1450433683941298177 206698.804697
1449789682913447939 286737.201478
1449635028925698053 209112.736238
1448926763363418112 942829.5947245
1448904006386917378 548790.7696495
1448761851735523328 1472403.576028
1448574323388608515 168572.8859465
1448573941916729345 209183.7342245
1448507929632534534 871452.9522965
1448360921852612611 1467907.036883
1448341540049276933 206982.796643
1447916489827237897 189966.9458785
1447635630230425604 3301193.3782905
1447260265980907524 2777772.555817
1447087020191346694 481248.0184925
1446939963484901376 1298150.8511615
1446558392173035521 2885452.835342
1446413347247722498 689177.4549555
1446413165135204361 1773269.3768195
1445832796753129478 1338832.697426
1445588977663107072 739538.6933795
1444902118612078594 261390.9202975
1444895885335293954 337382.431848
1444776848601141248 293434.6782045
1444340018462347268 140978.3351935
1444338518373724168 160431.7834945
1444338079897047047 114117.430301
1444337776913121280 110733.1929445
1444273223135203328 172383.111222
1444203468856573957 203693.2232685
1444173577129848834 136079.474125
1443830953982316545 125642.7701095
1443830337851691009 131156.947061
1443829921424445446 91800.3965445
1443828718560899074 101479.788704
1443826212791455746 150373.735407
1443663244875337751 1288566.122984
1443296369918103553 1412812.599359
1442787372249219073 141380.657117
1442786527537287175 122566.1906945
1442713146855071744 203574.893291
1442711905664077828 172312.1132355
1442708162834944007 170655.4935505
1442196291908358144 1051030.5261505
1442185545786953732 120057.5951715
1442027020687347712 148338.459794
1441853044241563651 782019.155302
1441410104352382993 145758.8662845
1441409278372245514 163035.0429995
1441408963476549641 155414.5924485
1441407525652365324 157284.206093
1440914315326808069 262479.5560905
1440897059624611844 1110171.848905
1439909927829467141 418533.1304175
1439453875770036232 863193.519867
1439293315409592328 201373.9557095
1438935657678737408 235571.319207
1438748042555904008 640685.830176
1438576129208578048 1415841.846783
1438322694928232448 214484.9172165
1438231382736601088 928417.003465
1437723253426974724 415030.5630835
1437719420705513473 1127519.0236065
1437498073614217219 1715808.3397455
1436916231882227715 420852.3979765
1436794966412464134 715494.0419515
1436289707424444419 786468.362456
1436054565007216667 1564653.626487
1436053965624397853 621516.373821
1436051741032665118 476727.813352
1435841661662220291 197090.410524
1435522324703289356 1789409.5857505
1435286368884641794 240967.166181
1434974662656606209 459735.628583
1434799909283119107 2770625.425176
1434783396601884677 143699.924676
1434602071156682757 857064.0270325
1434404612132335617 171980.7892985
1433734149655830532 447287.31495
1433734100536283140 605802.152809
1433694053489537025 329454.3233555
1433313401623642117 241251.158127
1433130262594871299 1376863.9521945
1432676859020410880 1607276.0843825
1432592679833985029 210556.3619635
1432198895371644931 211337.339815
1432164384516698115 1539378.343293
1431978206941220867 285885.22564
1431887509777051653 2243583.705391
1431248979920973824 120412.585104
1431247634560274432 329974.9752565
1431075255636750338 987321.6662645
1430615996662837249 2069094.3205695
1430448148950917127 188002.668252
1430268366044815360 830936.7680005
1430024605259821056 573900.390875
1430024569029636099 213230.619455
1429769242333749253 251143.544246
1429662179968569346 332791.228721
1429419823407063043 991084.559549
1429367479436865545 149592.7575555
1429334809684234247 222413.025709
1429172834220183556 2415517.1626985
1428818080751181825 1136322.7739325
1428061029368401921 1075501.1654975
1427889488072568839 493885.6600895
1427735844765396999 961454.733183
1427536685588369409 505623.9938575
1427179510487650305 290121.4388345
1426946572705681409 223406.99752
1426879893359394818 760696.0933565
1426791489946849286 1097723.535272
1426748579540914177 218815.794393
1426748468475752454 134517.518422
1426621927792144391 1738362.033457
1426620316202115072 248398.288768
1426165351423741955 189114.9700405
1426079824930508803 220780.0720195
1425715927354597376 681083.6844945
1425336362786455552 465297.1375255
1425321075643191297 277933.451152
1424993169700098059 1289749.422759
1424986066683973632 2170739.771242
1424611756429627395 176477.3284435
1424582385069293569 460492.940439
1424424257962975232 1776227.626257
1424268700882915331 2219704.7159315
1423899057668329472 197847.72238
1423882351675777026 1998238.3300425
1423529651310190598 970637.139437
1423529463157977092 452399.169978
1423526912043798528 524817.116208
1423370180013355009 603648.5472185
1423024558882181120 1942315.582676
1422476955408945156 176051.3405245
1422093567162413058 1633711.001356
1421901974027464704 811672.6476635
1421684567593816070 2420487.0217535
1421204715497431040 1057136.3529895
1420960365878280194 1331614.5687985
1420929510669619200 383744.1170325
1420841616886038530 1110929.160761
1419912702227468293 1303168.0422075
1419520551060590596 2875939.105151
1419197297565466627 2396229.376366
1418863988859867136 1495146.5977035
1418805346857009154 424520.627279
1418471766310080512 1078719.7408855
1417689824371253253 498429.5312255
1417688344805339136 1274484.8556615
1417330707882332161 2565275.5822225
1417040625350832129 385519.066695
1416625631064858624 2492762.9720105
1416270779340128256 706169.6397245
1416134491198812161 2187329.6340875
1415894618760114178 841326.140025
1415740875632627713 1328727.3173475
1415579938531336192 2053261.76958
1415389560805068801 860661.2583485
1415203906313883648 255427.0894315
1415155214194135043 1027814.184565
1414691847981584391 2162385.6748305
1414289627284836352 2116994.2954615
1413733832759468036 165212.3145855
1413733010264891397 313101.120465
1413706039845740549 1420906.36982
1413402344130113541 2298133.8250185
1413187219527852040 888539.8010475
1412623906712670208 1607678.406306
1412615630335873029 4132769.1281695
1412110212237037568 759962.447496
1411725723027402754 906904.6135555
1411548312155484160 952934.974803
1410684166379741184 185304.744765
1410681156782084096 1570806.785317
1410646674125455361 1050391.544272
1410477407388147713 577899.9441145
1410298650836619264 932889.8766145
1410078273128722434 1671126.9402415
1409586418217721878 1786971.988214
1409011255323467780 243262.7677445
1409001848678227972 2436343.2387385
1408871344645697538 625184.6031235
1408625583836196864 2748355.7234105
1408500950461943810 489862.4408545
1408163021843689477 2232342.3575285
1407772526462201864 1708779.539082
1407398032056872964 1051456.5140695
1407043867040354304 587461.0062965
1406862407880773635 430673.786109
1406853731094654986 686976.517374
1406853156705759241 1795468.0805985
1406841265736470530 826014.2409365
1406448368423895043 2610761.6255735
1406075674482204672 1792533.4971565
1405943849910865921 1396696.0564235
1405242999659847682 224377.3033355
1405238826725888000 1494886.271753
1404858237329965061 1448382.5905955
1404672524500160512 413350.277403
1404509333988118529 2963763.6144515
1404288979474681863 2497614.501088
1404119199492972546 765807.9483845
1403879626481410049 2737138.0415435
1403781907649732610 1512588.436387
1403482873739440130 463806.179809
1403073563112796160 690857.740636
1402705631065239552 1242796.087687
1402234325404295169 537857.0797285
1402233531548327944 544720.2184235
1402233271774179329 668138.384956
1401977937180565517 570113.831595
1401603585457102850 687236.8433245
1401496680755728388 1198730.004066
1401476335046782977 911756.142633
1400885415440052229 845917.343152
1400772434429579267 461983.8981555
1400156833382207491 1805739.1226455
1399783145340248067 4060138.18798
1399081334002176002 2639563.142097
1398913724556070912 1261373.8941545
1398709026989301760 1644928.683223
1398529411050180612 1872737.555906
1398360280686424064 1034819.319233
1398012571186176006 963679.33676
1397498046972260353 616617.5127525
1397420898861293571 1234394.6592845
1397055589314826240 1789149.2598
1396357787710488576 2347264.4316765
1395941478455660545 2142269.5786555
1395829154696744961 3480439.6282075
1395688318680043522 410534.0239385
1395658120114974722 433064.0516545
1395627921314828292 591365.895554
1395597721566728192 380336.2136805
1395424694967304195 657370.3570035
1395098932401688577 1448122.264645
1394749248189603841 572930.0850595
1394391359562207235 2120496.8627955
1394388502918270981 160266.121526
1394280765320404993 898621.5151305
1393839163187752960 1969152.821573
1393640469620424706 1071951.2661725
1393153787649413121 1841025.121936
1392867743041347590 1948397.7435195
1392780450955812864 2332141.860552
1392434901140459524 595247.118816
1392426482895491075 4872142.1595805
1392412055185940480 464421.495692
1392103305522814981 623172.993506
1392066784501526531 219123.4523345
1391383756565479427 198557.702245
1391369415678038019 632402.731751
1391355354143879171 561191.7512915
1391298235864584193 230719.7901295
1391295631021404165 286216.549577
1391294374856650753 221087.729961
1391293987688906752 2368303.501676
1391131796209692672 1603134.53517
1390701618467794947 3079655.994415
1390577676750966785 1391631.5333865
1390439645368909825 574302.7127985
1390075289699422209 4467642.9644945
1389834879504846851 533573.534543
1389686476934324226 2171473.4171025
1389139487633022979 446837.6610355
1388942763262025730 1394992.1047475
1388465802525831169 498240.2032615
1388221922488373251 1634515.645203
1387852062818390016 1553980.2625165
1387469684518260738 1265562.775358
1387097940074790916 3641439.395594
1386922764594860032 209870.048094
1386922278730956804 576456.318389
1386657440972693506 613848.591279
1386397458079440898 1243127.411624
1386046021168373762 1129435.969242
1385675961052585985 303587.390274
1385675870434562050 897461.881351
1385512173464539136 1130974.2589495
1385332249881546756 1342784.9186745
1384772238168133632 341050.6611505
1384762213345415168 370065.1716335
1384758200214245377 2289921.72458
1384561826281652224 623906.6393665
1384041832737214464 322827.8446155
1383669929350631424 461321.2502815
1383412894168076295 194605.4809965
1383352031126069248 361876.7371905
1383328205096906753 1311593.1366055
1383131297149636616 848141.946729
1382955865519521794 898810.8430945
1382771787230896129 717742.311524
1382761882444996608 1872784.887897
1382760193885229057 280465.7126705
1382571770905980928 1399985.629798
1382401663281995778 2975572.946206
1381875598297980930 304108.042175
1381874181214638081 209799.0501075
1381871185256804352 917601.6435215
1381870601464279041 524012.472361
1381690931498283010 1049918.224362
1381690781681901571 215762.8809735
1381690593886150659 274170.5578675
1381690305871630336 512842.122485
1381689062206017536 1400861.2716315
1381306609184333832 1480923.334408
1380951044276977670 1434750.9771875
1380609107430793217 1178187.919972
1380386976839311363 1037824.9006615
1380002272562663424 1163562.334753
1379999243792916483 909342.211092
1379697452668755968 358705.4937935
1379661940796968962 482289.3222945
1379507133721370626 4498598.0866085
1379025519585337352 532058.910831
1378446130313261058 1267243.0610385
1378435574856515584 1045256.0232485
1378075521464983552 1184790.7327165
1378019999076376577 451310.534185
1377689027327893505 1683338.5939195
1377584025934643201 766210.270308
1377584023820660744 898313.857189
1377483587402887170 868944.3567735
1377472184784809993 476798.8113385
1377344816120360960 928298.6734875
1376948757296676865 357948.1819375
1376503159082860546 1386377.6823855
1376255566843011076 3583860.0285425
1376254302356840449 692017.3744155
1376123712714334210 567889.228018
1376057553428172800 997616.374307
1375869821049430021 1953201.940606
1375525504309063681 1061088.574238
1375405895329349640 182938.145215
1375318533433827328 290358.0987895
1375318195716825091 899071.169045
1374974159336341504 1047243.9668705
1374812734991163395 811435.9877085
1374783288594796547 257651.6930085
1374424645395312644 375011.364693
1374424115856044039 1076353.1413355
1373705530082951168 552246.0049925
1373589289880018959 221040.39797
1373528397159096321 2629197.436068
1373528156355792898 960626.4233405
1373210266658213891 431028.7760415
1372998251838808064 449227.926581
1372969239502495744 205491.8389265
1372969095025491970 767582.898047
1372442653632000000 320792.5690025
1372414159472660486 276276.831467
1372379280236158977 441962.4659625
1372214048138297345 211100.67986
