1520848530142867457 344150.479827
1520816982328815618 145324.8753385
1520478858864123906 249482.34751
1520153704711786496 270544.739828
1520090469375647744 553141.222854
1519719610878148608 221774.601466
1519683470779428867 773395.277281
1519677819915231232 306136.803852
1519567005749293056 324327.051763
1519487115096203265 1166372.212027
1519485462372655105 708631.236731
1519463113036292096 403564.447462
1519451214697672704 319005.1371265
1519417538291113985 498401.52945
1519409698595876867 165570.67758
1519359560548593664 210764.7145725
1519249075819921408 429357.430568
1519243963542437888 321201.4828495
1519228308260540418 587100.106725
1519225770647957504 731354.9674805
1519222066607763457 343925.213599
1519198191744430080 338631.457241
1519197952895561729 123474.0512225
1519189075407818752 330972.405489
1519185502565502977 545003.4803675
1519174654669340673 419248.6085865
1519164938786377729 497331.514867
1519045366120914945 301800.428963
1519007949682888704 205724.382721
1518938892057075715 266827.847066
1518907917902262273 5732096.2794095
1518726704147185666 371886.3841495
1518689987847503874 464414.4873005
1518661889340973058 217804.2841975
1518636543749013506 208962.5847485
1518579360843718657 209018.9013055
1518412002598739968 333788.233339
1518389083831156738 236247.956615
1518379777505349639 965265.78698
1518356858225967105 497810.2056015
1517937850855079936 194095.0137005
1517914197224570881 185028.0480235
1517903521185771520 443211.30359
1517652195440746498 193053.157396
1517628034945277955 333027.9598195
1517607026645479425 139834.011031
1517587759191494658 148309.6528595
1517560467383857154 1154348.6271075
1517534960692912129 179368.234045
1517268356151361536 182493.8029585
1517263326589374471 156728.978131
1517202843303825408 105340.1198685
1517188232882053121 418995.18408
1516965850695323652 311233.4522605
1516939466891476992 848380.7729265
1516922905619275777 447857.4195425
1516902523549929472 88501.4693255
1516847909828022274 856321.4074635
1516838484962643976 277415.359782
1516500116730961930 280512.770417
1516483750271533057 217522.7014125
1516453612645400583 258239.5721235
1516192634292912140 577357.342364
1516170663719022593 223830.1557965
1516141978848747520 127416.2102125
1516139665245589508 71859.926732
1516129878676025355 252861.34093
1516095602551140355 291241.0745255
1516088576726949890 123840.108843
1516054640999251973 298055.3779225
1515499699721097225 715896.072584
1515102609891340291 251706.8515115
1515085640873955333 517126.7846525
1515079909927964682 117279.2299525
1515066981879275531 322862.821281
1515043649167450122 216621.6365005
1515017355025436683 282371.216798
1515010709985366016 305686.271396
1514954272634454018 463541.580667
1514740286374785034 447350.5705295
1514694994036150275 190716.0202805
1514690405538877444 232108.6896755
1514646744168079365 360454.1230785
1514372885758025728 260548.5509605
1514316715903131649 272600.2941585
1514284459176214536 134906.3122935
1514248182418522114 394581.9566205
1514014953816141838 202824.0800355
1513961362606772227 702858.7896385
1513929860321787909 485617.671011
1513608633774493700 339363.572482
1513539144395509762 326101.0233085
1513233859084759040 569670.1323335
1512861930385547268 313711.3807685
1512815733943767043 306699.969422
1512813673227636736 340602.536736
1512728500750409730 319821.727203
1512553731577073670 211440.5132565
1512468404556517385 227772.3147865
1512465839106179085 280597.2452525
1512454300093538304 489700.6213935
1512449836511121415 3275286.4802845
1512434866566086662 354484.5680365
1512148010997895169 355892.4819615
1512100347686313993 247821.0090785
1511861817663963140 312951.107249
1511847976691548166 329930.5491845
1511842065419755535 169681.786241
1511793132723224591 230391.034687
1511775337390256135 679177.67742
1511433964023595009 236811.122185
1511409006799212555 286426.008902
1511391527364407303 175595.024726
1511379799159287808 163486.964971
1511343079948791818 255620.852223
1511320908761374725 284708.3539135
1511123014712184837 332408.4776925
1511071831461183501 118123.9783075
1511051729579745295 622185.321736
1511029992506937348 196657.417044
1510973416660250633 273557.6756275
1510765165691781120 792655.539775
1510759378739154950 233516.6036005
1510733562600996878 70987.0200985
1510731704021000194 277021.143883
1510672616603930642 759541.404259
1510650025260445696 279668.022062
1510024082078765061 245286.7640135
1510000779675029509 467117.6820365
1509973462839877639 77350.7910395
1509972561622454282 433384.0643935
1509697946249535492 605628.253978
1509681727769399300 223801.997518
1509659318844592135 506426.6388225
1509592340511571973 198403.230311
1509561799896715275 221943.551137
1509539048783855626 194883.4454985
1509523612507774980 350626.883882
1509279387149127685 325791.282245
1509279378202578945 611428.859349
1509225209282416652 2409729.157473
1509191888389439490 293381.1036915
1509151095976833025 1061257.3583865
1509112139910459394 368817.131793
1509010186933051394 441972.339336
1508951261080653829 133160.4990265
1508919468902207491 102327.184069
1508919467790712834 82503.756005
1508881396193914883 243203.0514045
1508870921242697734 77773.165217
1508852084728336396 582932.681507
1508587900849565703 236698.489071
1508543051995754502 182296.695009
1508514273076690949 125050.9148185
1508511240326422533 145184.083946
1508504500650315778 402184.6918155
1508494193060110338 635926.561644
1508481394179198986 355667.2157335
1507757412341669896 291043.966576
1507741705478578184 287270.757257
1507494383100305413 429695.32991
1507479094564618242 331056.8803245
1507466362968735744 89881.224972
1507395248309391366 183338.5513135
1507372285686173701 276260.8703635
1507121438008004618 358201.4607985
1507090585118720007 139186.3706255
1507069960920653830 331000.5637675
1507038120218349571 199754.827679
1506748296026636304 331760.837287
1506715553217622030 1927772.062667
1506715545336528898 346037.0844865
1506649116184612869 136652.1255605
1506619270960136192 305883.3793455
1506594698072403972 355920.64024
1506414685406605320 324805.7424975
1506379942778576902 518900.756198
1506017954621763588 672278.8991875
1505624412959264776 607768.283144
1504949580567388168 294676.3845025
1504920090151632906 486744.002151
1504916776450203654 423810.2497035
1504880295845285895 233235.0208155
1504863283530108955 384726.5591455
1504839033654063104 237993.769882
1504631018644545538 372618.4993905
1504589507831771143 280963.302873
1504576072372924422 392132.186391
1504572448850821123 378503.579597
1504563997902835712 227124.674381
1504493971300622340 791557.3669135
1504214763362037775 312782.157578
1504125485969772544 277809.575681
1504125113121361924 758893.7638535
1504095160656875523 747968.3517955
1503881246363070476 372702.974226
1503822984808706048 247060.735559
1503766402477531144 1886407.5515505
1503707077323149316 313091.8986415
1503680035722563584 368169.4913875
1503497521003433985 204316.468796
1503484761716801540 460866.5442095
1503470743224475653 708462.28706
1503443351177203724 294338.4851605
1503431032124723207 203133.821099
1503371994938626055 176017.3989035
1502733306730799104 274852.9564385
1502448170298748930 247173.368673
1502064265414512641 260717.5006315
1502049158924050440 391709.8122135
1502041648129359879 510284.322977
1502002516074156037 541089.479656
1501732831277596679 935558.8031625
1501723660926787585 480267.598096
1501701427865042949 117194.755117
1501701426942205953 92781.5276575
1501701425373581313 560828.4328845
1501615679945981955 210961.822522
1501581501762359306 402944.965335
1501349206006669317 262857.5297975
1501331147409793027 237627.7122615
1501281003301711872 495332.2770935
1500984893907558400 218395.608046
1500970306239926273 824164.6534165
1500959433718960136 1216409.4729215
1500951555884912641 417559.1118765
1500908491162198018 80842.4175735
1500564905598013445 253987.67207
1500171795655278596 311543.193324
1499889122747498497 288847.620853
1499842380522045452 346459.458664
1499800857604468738 847817.6073565
1499477715480686601 531966.197422
1499169939567038467 376194.60076
1499149603253407749 393005.0930245
1499093761187581952 257282.1906545
1498840180089835520 255367.4277165
1498825682624950274 221971.7094155
1498787507684753408 199247.978666
1498775077692882950 596617.604858
1498774426766254083 188378.883165
1498765179173187585 241288.2884665
1498747661779881984 153744.20061
1498734114031255562 225350.7028355
1498458225099919367 387655.0201095
1498432871761166339 279949.604847
1498328934492127239 580736.335784
1497734089692135428 3416697.3549115
1497632750463029248 254184.7800195
1497360308251377673 274852.9564385
1497329305960992780 368394.7576155
1497320032677859328 737071.098016
1497303322029703171 313007.423806
1497270975435530244 307854.4588405
1497256298995494912 269812.624587
1496933273888563203 291184.7579685
1496917765134946311 192884.207725
1496678543224455170 287833.922827
1496663547966902273 219071.40673
1496628192978817029 377236.4570645
1496615402503290884 350148.1931475
1496217739026964487 333985.3412885
1496198068991057922 627563.5529295
1496191435535695874 129133.865201
1496191146359414792 519829.9793885
1496174134145032195 372477.707998
1495733441542995972 347416.840133
1495722823259725827 425922.120591
1495699621754118148 327339.9875625
1495670164477652993 364058.3827265
1495519688620707841 392554.5605685
1495148713957892096 586790.3656615
1495091630067654656 724005.656792
1495084733478354944 395004.330798
1494829545630932995 224843.8538225
1494809963469971458 329451.85845
1494794872741502976 2615988.5474855
1494757873305456643 250974.7362705
1494734128536825858 463992.113123
1494702554005057538 111703.8908095
1494509682483990530 190913.12823
1494478464442933252 376645.133216
1494197613566042112 450926.671899
1494108082988802055 386106.314792
1494060235329318918 331817.153844
1494003671566278657 929392.140171
1493750977354027011 288875.7791315
1493732194359119873 136201.5931045
1493655996492881926 513128.3091055
1493647067327209480 266602.580838
1493435115980177410 315541.668871
1493362169932656646 264715.9761785
1493352575105703939 694298.6729745
1493284930356490240 499978.393046
1493009998422724609 258324.046959
1493009991577575426 1135651.5301835
1492964370355212292 349669.502413
1492885057161285634 501020.2493505
1492543027717492736 719781.915017
1492283063585411076 351443.4739585
1492258214183849995 680782.6992945
1492237672689160198 516591.777361
1492167728123293703 411871.1396195
1492166910020050952 131161.261253
1492166471769808916 826614.423646
1491887561903685636 222112.500808
1491850993235017732 263955.702659
1491834909895413764 466470.041631
1491804094251556865 525236.3688605
1491802070495547403 239964.849377
1491578683253002241 100581.370802
1491578650478718976 1703547.6909715
1491570613256863750 234248.7188415
1491549551970459651 410885.599872
1491504410710753285 149154.4012145
1491475671058681863 573499.6582095
1491161216961724416 413757.744279
1491108601041149958 289973.951993
1490838540976013312 1785234.8569
1490819892546879504 819236.954679
1490801005130391555 234417.6685125
1490070529646239749 486406.102809
1489758160210608131 244977.02295
1489688156417011719 330493.7147545
1489661088245374978 185196.9976945
1489647625674579968 885296.27604
1489357392202674185 226167.292912
1489339473880096768 565221.1243305
1489272305633185801 206850.713861
1488994801584414721 839285.648971
1488968842873348098 709025.45263
1488944733925879808 264490.7099505
1488920638110801933 307685.5091695
1488897185253150729 280540.9286955
1488636028927856643 151097.322431
1488603062943944705 354822.4673785
1488573806742544393 356005.1150755
1488540557341335561 461739.450843
1488349332755648519 419417.5582575
1488314703759777795 1379417.747158
1488287831579627522 230531.8260795
1488248258363281413 360510.4396355
1488223731868708873 810395.25523
1487906828038160387 447688.4698715
1487817965361934337 555365.7268555
1487496134738255874 1038111.2534595
1487221981317632003 267053.113294
1487186153795166212 353470.8700105
1487157310380249090 439719.677056
1486847414636064777 352513.4885415
1486832366807101443 325960.231916
1486818778386247681 138595.046777
1486797273765924867 298252.485872
1486718227824611333 829402.0932175
1486513947712831491 668449.3733115
1486443893453463566 486631.369037
1486434557121466376 128092.0088965
1486114021547851782 713953.1513675
1486077491747901440 204175.6774035
1486048414626365456 241626.1878085
1485990262656667649 531797.247751
1485737927703506944 235177.942032
1485719996542164996 686104.613931
1485704121453879302 370084.2543255
1485677058105778178 569613.8157765
1485325632947032064 788797.8556205
1485279268494008323 370112.412604
1485269983395553289 748897.574986
1484967289854337032 358849.101204
1484898357130809348 269221.3007385
1484647992070221828 305714.4296745
1484632275224612864 264518.868229
1484342115257643008 1136552.5950955
1484318832789389313 565812.448179
1484296565556711424 630097.7979945
1484266078356357123 177059.255208
1484236299338985475 283891.763837
1484210318595309568 213383.434473
1483992482975293445 279273.806163
1483970727913078787 765088.5851235
1483935052962713601 222957.249163
1483915215427276809 296985.3633395
1483874693551640576 337505.126101
1483782039295991808 478380.9934365
1483756336353529859 419586.5079285
1483600599388237825 498288.896336
1483527147184603136 297379.5792385
1483105398475440128 806227.830012
1482881559082459136 355582.740898
1482821720532787201 820306.969262
1482786909525094402 554943.352678
1482429639410831365 1548649.000943
1482117965155905539 462077.350185
1482038551021826048 645922.7505115
1481788661926891520 434397.7624195
1481757137701326850 143550.903793
1481696207298830337 463823.163452
1481669368798982147 762244.598995
1481657466442104837 354991.4170495
1481371429455204359 393990.632772
1481076875141263362 1359115.6283595
1481057744115445760 305601.7965605
1481037703059812353 321454.907356
1481007402237534211 570599.355524
1480991266347401219 290227.3764995
1480963631399452677 330972.405489
1480932760277733384 392582.718847
1480667022367154177 497528.6228165
1480626868369997833 82137.6983845
1480595546318548999 469229.552924
1480582377919459331 789586.2874185
1480265140817870849 407112.390553
1479974963511795722 334661.1399725
1479927164959170561 1472227.433094
1479898475269701643 557984.446756
1479880428878245901 1995577.197295
1479837936430596097 2812026.4824025
1479823366563504130 836160.0800575
1479807818781835268 1530796.652374
1479604991065268224 417305.68737
1479591530449051655 1020822.0704605
1479573033408991232 524870.31124
1479528732167708672 206372.0231265
1479516830968565762 104439.0549565
1479216387784683522 990298.4965665
1479203907616358404 469004.286696
1479164868364230661 264321.7602795
1478850381354520579 706350.4161725
1478801959826202624 1265855.4099675
1478751533785305095 645275.110106
1478739808633724938 479338.3749055
1478515489454362625 288340.77184
1478479651198705674 638348.173595
1478417701517377547 1335462.6744195
1478410486609764354 243569.109025
1478396308394283015 711616.014252
1478374859017236484 553873.338095
1478368388082720769 485617.671011
1478136277035892739 232249.481068
1478041179992346626 478887.8424495
1478024441393205248 712038.3884295
1477754222728945670 400382.5619915
1477416711246782466 822362.5235925
1477066400824971264 4425664.7901235
1477051946150342659 161037.1947415
1477014185431076866 605234.038079
1476943127743238166 572035.4277275
1476600820275814400 688441.7510465
1476302505185271817 214763.1901195
1476237577652998149 247257.8435085
1476219756499939348 632857.3092875
1475984669342584832 394441.165228
1475946298771755008 625395.365485
1475925723638554625 259450.378099
1475600884704886790 387823.9697805
1475562497834954752 315175.6112505
1475560297033355265 1049008.507239
1475528079858622465 651835.9889965
1475203301213970432 473622.24437
1475168289177411591 806988.1035315
1474904574972637185 613709.6799075
1474754154992181249 11218680.5285775
1474742049329098755 707251.4810845
1474725649927581698 2726143.7329775
1474724928360525827 12883961.1190675
1474717083883778057 7133421.1672405
1474708332627779591 234136.0857275
1474696569295364099 2013514.0206995
1474678242820907009 1089978.8024565
1474577933801082882 1313611.8503035
1474451171230330883 184155.14139
1474401792670711808 1562446.557408
1474165690613514245 1528769.256322
1474147626576719886 183366.709592
1474119877518573577 473396.978142
1474086648845676552 670870.9852625
1473761655603482631 502737.904339
1473724797200830467 350486.0924895
1473706146976440325 158671.8993475
1473679451116519433 274740.3233245
1473580849597718531 318301.180164
1473564095286808577 295042.442123
1473454242300153856 416967.788028
1473439983105155080 881635.699835
1473408195158626307 601657.9367095
1473392213598081034 579807.1125935
1473368416928997379 422008.1198795
1473347718185684995 461767.6091215
1473319604474855425 715839.756027
1473293645377900549 545285.0631525
1473237438235652099 4284563.65656
1473234316985516033 464921.3363135
1473228249299828736 386387.897577
1473091345833070596 231573.682384
1473076655941992450 647246.189601
1473040344434499585 145578.299845
1473010068744458244 171061.5418875
1472975246059786243 421529.429145
1472749229651243012 519998.9290595
1472710843133534210 910328.9856265
1472641142697205766 1116419.425968
1472603108299706369 335224.3055425
1472587926764765192 413448.0032155
1472284798941118468 923676.0096355
1472198819093827586 616215.766694
1471993888239988748 348655.804387
1471967127808753665 172891.82999
1471927557708779527 221859.0763015
1471922688314720261 630492.0138935
1471644819047043076 393906.1579365
1471625943764643841 176833.98898
1471607239966445573 735747.6589265
1471597084298166285 170019.685583
1471557011221491723 152674.186027
1471540640706142209 553028.58974
1471271652491157507 445182.383085
1471194597795770376 244582.807051
1470906003168411657 866289.4380525
1470847782919766016 140143.7520945
1470817474983739394 482970.792832
1470809227048464400 2338573.1877035
1470565526212689922 367099.4768045
1470545070877290566 527629.822533
1470461327659479050 261505.9324295
1470108580443529216 695227.896165
1469824901280378883 301969.378634
1469770584724811782 262885.688076
1469469962641227780 284454.929407
1469450770689019906 122516.6697535
1469432121458573313 298196.169315
1469423682573451267 321426.7490775
1469387352577609729 233009.7545875
1469338514332557320 110662.034505
1469322238042292238 243878.8500885
1469105582632103937 181536.4214895
1469077588408606721 396581.194394
1468840946557202435 347839.2143105
1468832888380698626 673517.8634415
1468823824883924993 349697.6606915
1468815370182082562 297126.154732
1468707731309830148 144564.601819
1468664798300803074 139665.06136
1468637307599269901 288087.3473335
1468618082318966784 363720.4833845
1468566861763825672 473143.5536355
1468402123935211526 622185.321736
1468364787147067394 160868.2450705
1468349902162112512 190631.545445
1468295999844139015 250890.261435
1468279273987637248 176101.873739
1468261516734611458 184267.774504
1468168083831652356 247623.901129
1468163648308727809 337617.759215
1468150747376209920 224815.695544
1468140377823604736 147802.8038465
1468137860943413254 179790.6082225
1468135843822911490 212369.736447
1468054865842688002 259929.0688335
1467974330827038723 819293.271236
1467922124988116992 252917.657487
1467918202122518534 271783.704082
1467909343173832704 926435.5209285
1467594597530574849 376926.716001
1467559327015833606 282934.382368
1467290799641702407 239458.000364
1467272445891694603 414574.3343555
1467161697291063299 227772.3147865
1467018607389466627 2098777.2879975
1466931563514445826 223914.630632
1466906239355572224 280034.0796825
1466885235241594884 469060.603253
1466836701578416136 162895.6411225
1466826057399484417 286285.2175095
1466565860177457156 226054.659798
1466546324652834816 275951.1293
1466527904288882698 328747.9014875
1466515264586014727 126937.519478
1466508980851814407 159798.2304875
1466476160926244865 282737.2744185
1466448983577051147 2027029.9943795
1466423580393148423 528671.6788375
1466393588695191559 351358.999123
1466367490192297984 366367.3615635
1466354063772168194 380108.6014715
1466211265345470471 419868.0907135
1466162165895909388 136483.1758895
1466113360928415759 188970.2070135
1466082425197539335 215157.4060185
1466068355849367553 342911.515573
1465856204844974088 523040.0231375
1465836156193550336 196910.8415505
1465792997044498439 329761.5995135
1465757508673449986 463091.048211
1465476645851213825 748925.7332645
1465446345502867456 333619.283668
1465395244468482053 329789.757792
1465011823552643072 352175.5891995
1464983166964445193 586367.991484
1464660810593189891 457712.8170175
1464356208995979269 367550.0092605
1464339957682774022 487110.0597715
1464325897541013519 3516546.6104725
1464307750670938115 245737.2964695
1464284822755594243 992044.3098335
1464258087112564737 675348.151544
1464240220124164096 386275.264463
1463973683333156868 248299.699813
1463927505665114113 301772.2706845
1463900918420848642 1143423.2150495
1463662621438234628 1216212.364972
1463628003045478402 227715.9982295
1463612799180062726 173680.261788
1463561891041718272 234079.7691705
1463488968943677442 410209.801188
1463441745077755904 259337.744985
1463441008834797568 755205.02937
1463414103175798784 559899.209694
1463407550087503875 559054.461339
1463405721849114625 183789.0837695
1463392778398973953 1489882.6737135
1463384562210324481 357215.921051
1463379577942818818 515127.546879
1463330026145959945 288791.304296
1463315612042678279 431497.459734
1463251139651117059 310332.3873485
1463234810588057600 237824.820211
1463169599709626372 518731.806527
1462934093667221512 255001.370096
1462901855743262728 708772.0281235
1462882406684405762 920775.70695
1462846367605436437 161037.1947415
1462526540202360845 372984.557011
1462474000609730574 257845.3562245
1462195556760051727 299547.766683
1462157066982899715 248609.4408765
1462116538438328326 1691073.573596
1462093107424546818 229630.7611675
1462084685492805645 328719.743209
1461740229627420676 399087.2811805
1461449296256323584 335731.1545555
1461427634412396548 798794.044488
1461409042350452745 289805.002322
1461363800611823619 575907.296243
1461082803978878984 270604.72585
1461074162403979267 166895.808075
1461061086619258886 251428.878272
1461051653583478790 174807.905643
1460992608726130698 229753.027643
1460780289752539138 546703.9639
1460762372176584706 345165.256404
1460741631511080962 221923.347758
1460721255791923219 472061.015663
1460706955207524364 188818.911753
1460670756455596032 221373.896538
1460647189013798922 371044.408866
1460413059063812102 946704.45206
1460378328867684368 196703.53676
1460359666916020226 171401.308079
1460337731305943045 176950.765401
1460273310839803907 154533.155625
1460250141747826694 261456.363037
1459976939205185541 413104.899757
1459945232494211075 198846.396518
1459628910086438916 348489.436285
1459595774657175552 318461.927112
1459551796804919301 278379.460613
1459340906344165389 217143.122144
1459321386665746437 330879.524684
1459304506198564870 320687.204553
1459293051235483655 2443629.355828
1459250217585455106 165137.564171
1459181106016698373 969698.985617
1458983544907313156 342472.945426
1458982091866132500 224121.152638
1458970736031379456 5344154.873647
1458955152275255301 209038.716649
1458945018333388814 222307.963612
1458942320615870465 236071.716673
1458938578780753921 436429.104046
1458932635779092484 299588.277705
1458888527408734210 213379.381287
1458819251708518407 1149781.622972
1458650081075380225 381868.5979
1458629578495250434 208983.771527
1458622016593010693 436951.082705
1458616859385868290 622857.902992
1458615246579539970 306428.945394
1458614491147603969 332802.603954
1458607826700578820 155769.42087
1458603961787764738 149615.567206
1458595822040403973 158049.643433
1458591813934145539 266428.896578
1458588680256430084 320632.259431
1458582442734981120 287088.26245
1458580630309122060 318516.872234
1458578331134312448 839753.772087
1458574639924498432 322500.393579
1458566673565429771 173873.838569
1458556680292257795 213791.469702
1458555617497468932 206703.548964
1458551811569299456 514753.375457
1458527179235631110 405989.506458
1458509811008655361 77445.149459
1458509445793787906 165522.180025
1458490134920241156 116044.097664
1458474851124056065 391209.26864
1458285824961826822 310220.158812
1458275588498726913 133928.734875
1458214310585511939 166538.664782
1458193178474033156 564973.216965
1458178559894241288 377527.933262
1458162865509216276 273599.234999
1458140485176868865 1183188.257148
1458116261464915970 135604.561096
1458083461047230473 241840.954483
1458073143092854792 187170.558093
1457942976311795715 1222803.69011
1457925301749616646 1957035.355396
1457923462694162437 692720.625615
1457917214175203328 467280.790049
1457914787409666051 637967.811542
1457913218479837186 557610.570617
1457910514898685952 149203.478791
1457910355884183558 130164.994018
1457905729831047172 147252.92696
1457902600247029770 164423.277585
1457894983462162437 373104.850941
1457855592412979205 196126.612979
1457842648732086279 152225.460501
1457826791746424836 91593.518374
1457822265853231112 315137.747231
1457807837359398920 485055.537016
1457795352082460672 2872311.197672
1457788241197682691 647061.229233
1457781423692136449 338928.985057
1457760409855963141 216950.814217
1457751413862318081 543462.201702
1457721207722237956 307692.6832
1457523676174295044 279780.561224
1457402205309440005 156071.619041
1457402197000560641 250522.283759
1457377304548610060 759011.915308
1457312428744757251 421346.668057
1457151502154412037 273351.98195
1457115642784591882 472061.015663
1457098883327217670 561731.454767
1457058466351230979 164203.497097
1456990258139045896 327582.817364
1456978625471791114 182665.058089
1456794379151192068 738792.110412
1456780570575392768 256895.917911
1456731040077291521 185632.094677
1456722376536772609 264753.070357
1456700454893670406 983407.793556
1456681725975842824 148296.884278
1456672448112480257 198846.396518
1456660216188125193 348269.655797
1456626811992002568 296648.713678
1456409324524298254 2390936.98383
1456371175668465670 327637.762486
1456361093190856705 297527.83563
1456339039947313157 236593.695332
1456305388404584451 218214.552023
1456298467425406981 262170.649623
1456026934467497993 322802.59175
1456014799922421762 135906.759267
1455987370499661838 373983.972893
1455936516740599814 140329.841588
1455695509348302854 222335.436173
1455687674963103750 1280056.507234
1455672828334837762 129121.0367
1455661376626692099 365192.753373
1455619223091298309 265302.521577
1455551044230991873 210467.289821
1455545489269592068 207115.637379
1455278707153702915 181566.155649
1455271179116285956 107857.274486
1455268623841386503 334231.177126
1455223647304658952 376264.195456
1455192894147600392 159450.744044
1454887484467433472 103324.301921
