1520929832959459328 12863.598033
1520926049130983426 7184.596848
1520922303286157318 18991.636521
1520922293131747330 40360.529352
1520914732311584768 11225.932575
1520910954502017024 18357.701505
1520907191720546305 15874.789359
1520903413801881601 20840.613651
1520901129068060674 19519.915701
1520899636650815496 21421.720749
1520897119820955655 62891.636379
1520896004832301058 29742.117834
1520895850553221121 33466.486053
1520892088027598852 10512.755682
1520891969706377219 19493.501742
1520887815734759425 60303.068397
1520884542516695040 15716.305605
1520880755378950146 9218.471691
1520880084168622082 105550.180164
1520876988805881856 16878.519801
1520869433429929987 23297.111838
1520865658120155137 20153.850717
1520864699465805830 56684.356014
1520861890137800705 28395.005925
1520854336997371909 15689.891646
1520850569438679041 21474.548667
1520846788009279489 34338.1467
1520843006903001088 37270.096149
1520839234352988160 16720.036047
1520835455197097984 12097.593222
1520831686157742080 38379.482427
1520824130190422016 31881.648513
1520820615904694272 17803.008366
1520818220717981697 57635.258538
1520818068242542592 36160.709871
1520817797613424640 24881.949378
1520817471195910145 29900.601588
1520817376165564416 24274.428321
1520817326253387776 25383.814599
1520817209442021378 25964.921697
1520817057176211457 50292.177936
1520816587091161088 825832.428135
1520813794468974595 8822.262306
1520809024169590784 34707.942126
1520805262042533892 23798.977059
1520801490356654080 25542.298353
1520796819063808001 46462.153881
1520793929993658368 27100.721934
1520790174308970498 28896.871146
1520786390245642240 24591.395829
1520780371721437185 40386.943311
1520780249994256385 134209.325679
1520780079709790209 14474.849532
1520779985694474241 12705.114279
1520779834145882112 14580.505368
1520779586019209218 33492.900012
1520779295144255489 54280.685745
1520778838179041281 145303.188459
1520775064228143104 496556.015241
1520771301568360449 16297.412703
1520763740068761600 1089681.464586
1520759958517727233 13867.328475
1520759157930041345 13180.565541
1520757452559499266 37058.784477
1520756195098828800 14078.640147
1520741094719377409 26070.577533
1520733543281971200 24591.395829
1520725991378886657 61095.487167
1520710885911711745 556964.739474
1520695803114840065 36107.881953
1520680698226659328 52827.918
1520665606806253569 11437.244247
1520658041523351554 176867.869464
1520650488936554496 42315.162318
1520635385155567616 63076.534092
1520605203338305536 55152.346392
1520590090631852034 12969.253869
1520575003804188678 27127.135893
1520564917581103104 16244.584785
1520559884567293952 23772.5631
1520548562664361984 99184.416045
1520544782883434497 55918.351203
1520537239717036033 18859.566726
1520533718833799170 79083.393246
1520529687595859970 21844.344093
1520524087591854081 363033.452496
1520522148166651904 19440.673824
1520518380591235074 25093.26105
1520514586822258689 23983.874772
1520507049448194048 30270.397014
1520503269000417281 746775.448848
1520501517702381570 92396.028582
1520500753609203713 8769.434388
1520499509964554247 14105.054106
1520497201998401537 351041.51511
1520491948750127106 20365.162389
1520490321976700928 52114.741107
1520488173293522944 85818.952791
1520484404145139713 34919.253798
1520481116498665472 63948.194739
1520476844625174530 27470.51736
1520473075615207426 32066.546226
1520472217452257285 444678.999765
1520471711472394242 422702.585877
1520471505737555968 1118076.470511
1520471293988069380 479254.872096
1520470842689392640 383583.512598
1520470650875482113 353841.394764
1520470350844375043 323887.965258
1520469881313009666 637104.69108
1520469304176750593 4401833.439432
1520461736997965824 20629.301979
1520457982466736128 33017.44875
1520454202740424705 99607.039389
1520446650275278848 36873.886764
1520442893894303746 78238.146558
1520439108878970883 24115.944567
1520431552232099840 313031.828109
1520427771075432450 22293.381396
1520425421480861696 61967.147814
1520425261740830723 173275.57104
1520424926133501953 69653.609883
1520424493235286016 99712.695225
1520424003713785856 483401.863659
1520416463496134663 63287.845764
1520412689268420608 81645.547269
1520408897810575360 46277.256168
1520401341427945472 105444.524328
1520397584950509568 58850.300652
1520393800753074177 13788.086598
1520387574048735233 19572.743619
1520381454013939712 51824.187558
1520372928847794179 77577.797583
1520358313048907776 50952.526911
1520342704365965313 25621.54023
1520327141321322496 52854.331959
1520313010849472518 47386.642446
1520298921653899265 449697.651975
1520281856163393537 41786.883138
1520266782417772544 34575.872331
1520251610663989254 24591.395829
1520250232700874752 33651.383766
1520246581827715072 26493.200877
1520236512184614912 79030.565328
1520231488859557888 20893.441569
1520221438338383872 281176.593555
1520214884851630082 29821.359711
1520206322712645633 93162.033393
1520201287756918787 33149.518545
1520191243380301825 115561.070625
1520186200547631110 8901.504183
1520176141197324289 24512.153952
1520171087652438016 25753.610025
1520161066294071297 104678.519517
1520159266014908421 122323.044129
1520157245710950400 25885.67982
1520153488067645440 14289.951819
1520151455151312897 29689.289916
1520149696232267777 60276.654438
1520145992754073600 12388.146771
1520143413198430208 13312.635336
1520140891616423937 28817.629269
1520138371003203586 14157.882024
1520137101844664322 26519.614836
1520135602313830400 233842.779027
1520134201676292096 32964.620832
1520133340891951104 41549.157507
1520132070504386561 16957.761678
1520130665672499202 14448.435573
1520130664334606337 19070.878398
1520128292791230465 377930.925372
1520124530777329666 28527.07572
1520123278609768449 44005.655694
1520120753450098690 85581.22716
1520118480502247429 28711.973433
1520118478618955776 34047.593151
1520115749091790852 34206.076905
1520111956371423232 39224.729115
1520108184903503874 12124.007181
1520106159075520512 18357.701505
1520104420779962373 1086089.166162
1520100625429798915 268339.409481
1520096868172247040 80694.644745
1520094053811032064 40069.975803
1520093106443538432 32409.927693
1520085604637237251 26493.200877
1520081774990213123 36451.26342
1520079652383080450 53303.369262
1520078001421139968 26493.200877
1520077071950749696 78185.31864
1520070472993579013 9297.713568
1520067902224977920 47069.674938
1520062890178486273 47624.368077
1520055586578173952 46356.498045
1520051558083354624 79822.984098
1520049359521468416 56842.839768
1520047802323189761 16772.863965
1520042743640346626 29081.768859
1520040216656031744 21976.413888
1520038974382817280 24908.363337
1520037710383177731 62521.840953
1520033430708314115 60408.724233
1520028896556630016 26202.647328
1520025144898592770 45537.665316
1520019070736809986 54967.448679
1520017327718383618 44322.623202
1520013801688551425 21289.650954
1520012784146259968 48865.82415
1520010293459443714 8505.294798
1520001716111958016 50978.94087
1519995700804833280 4939.410333
1519994959138541573 10142.960256
1519987883494580224 32040.132267
1519986119491870721 10169.374215
1519984871313190915 20972.683446
1519982343271993345 15795.547482
1519981089820971008 8610.950634
1519979829520699392 24697.051665
1519977314498584576 9324.127527
1519972018627784704 493808.963505
1519968506086895619 15637.063728
1519963663041507328 16852.105842
1519963660952743936 19282.19007
1519963655206547457 15372.924138
1519963649686880256 5758.243062
1519963310342426625 73351.564143
1519957693582266369 62997.292215
1519949645425823746 16984.175637
1519941586259480576 41945.366892
1519934570782769153 63525.571395
1519919435892539394 39700.180377
1519904351258656770 22266.967437
1519899300267966464 32541.997488
1519889257145450496 12493.802607
1519884187431489542 27549.759237
1519874125027753988 79585.258467
1519874118388170752 101297.532765
1519869087811354624 49129.96374
1519866579026165761 40307.701434
1519861535635558400 40122.803721
1519859040679043074 24881.949378
1519853988660793345 137563.898472
1519851475488456710 158457.340041
1519846444550823936 50820.457116
1519843942103236608 23983.874772
1519835444971806720 12995.667828
1519833869234712576 365806.918191
1519828834480177168 27787.484868
1519823803177574400 41047.292286
1519813757677019136 41337.845835
1519808704731922433 46594.223676
1519798687190429704 18701.082972
1519797372112543745 114874.307691
1519796141776384003 18859.566726
1519791674829979650 46620.637635
1519787315450851332 22768.832658
1519783551620816902 25780.023984
1519778499590041601 43239.650883
1519773482896273408 40334.115393
1519768436016041984 22451.86515
1519764649914384388 19150.120275
1519760920817418242 38141.756796
1519757108929089539 105787.905795
1519753350987886595 43847.17194
1519748308692054020 217492.538406
1519743281004953602 51427.978173
1519738271441596423 15901.203318
1519734468403212288 17327.557104
1519730687569448961 18252.045669
1519728177865707522 576854.450601
1519723172802740224 259068.109872
1519715591292178441 256875.751275
1519714330509463552 24274.428321
1519708049191182336 10327.857969
1519703667770806272 235057.821141
1519703138504216576 6524.247873
1519703136113467392 20444.404266
1519703131365519360 95037.424482
1519700531844993025 57397.532907
1519699290997862400 26229.061287
1519696697248653316 15029.542671
1519693291838652416 71449.759095
1519693188042211328 10433.513805
1519688397970886658 15954.031236
1519685423555043328 307247.171088
1519684629413957632 18780.324849
1519678100979818496 18833.152767
1519675575253835776 31062.815784
1519672293877850117 33440.072094
1519670325268692995 137194.103046
1519667773001154568 14052.226188
1519666515167129600 10275.030051
1519662816923467778 24248.014362
1519662069951434761 5969.554734
1519662067027951616 7448.736438
1519662062699438081 4226.23344
1519662059344039938 4226.23344
1519662050728980483 7792.117905
1519661488650215425 31353.369333
1519659194865139712 101323.946724
1519654938070208513 17961.49212
1519651410110996480 21976.413888
1519647664182382592 123934.295628
1519643873739526146 32515.583529
1519641533275947009 93162.033393
1519639327441047556 41152.948122
1519636305264664577 221718.771846
1519632581163110401 19704.813414
1519628770398937088 25595.126271
1519625023727808513 22768.832658
1519617438358421507 162498.675768
1519609635749171201 14580.505368
1519602400855736320 129692.53869
1519598557682184194 37587.063657
1519594790559567872 26625.270672
1519577180132499456 26572.442754
1519567117783379968 50054.452305
1519548985190535168 37032.370518
1519531875362029568 41390.673753
1519521809649045504 12863.598033
1519519339166195712 35764.500486
1519515775790428168 76864.62069
1519511751125086208 90969.674796
1519506719935799298 69389.470293
1519499164232654851 24168.772485
1519496660367384577 35975.812158
1519491626606944256 89543.32101
1519484056349589504 39832.250172
1519481539427459079 19625.571537
1519476501124685826 164770.276242
1519466481809039361 48654.512478
1519461425554591745 31115.643702
1519451332452794375 132386.762508
1519446337447682058 18119.975874
1519436271554334721 32040.132267
1519432478892584960 64450.05996
1519428795635281920 333344.16258
1519427180928901126 42077.436687
1519424918445768704 14157.882024
1519421217605832707 390953.007159
1519417389665902592 19070.878398
1519413613022306304 27945.968622
1519409835426603008 37005.956559
1519406099077775364 33624.969807
1519403780915490816 33492.900012
1519401013991587840 12388.146771
1519398492069928960 72295.005783
1519394767364308993 272829.782511
1519390953164914691 593917.868115
1519387923765989377 37296.510108
1519384450685181957 403024.186422
1519383394571980801 147099.337671
1519378356655038466 25700.782107
1519375926836043776 100293.802323
1519370825304088578 53752.406565
1519365786279755778 52986.401754
1519360805199876098 182071.419387
1519355726065508355 25463.056476
1519349418998349828 28711.973433
1519345721048195072 18780.324849
1519341917678538752 27153.549852
1519338149347999749 22451.86515
1519334655404781568 44533.934874
1519330615249801216 74883.573765
1519328031009087488 38907.761607
1519325520189657088 31300.541415
1519323027502211075 23640.493305
1519318471737331712 217545.366324
1519315455739056132 17274.729186
1519310414869405697 26308.303164
1519307947855294464 62838.808461
1519304873950519297 76970.276526
1519300357066797057 58929.542529
1519297047542784000 21976.413888
1519292821483753472 55522.141818
1519292038814081025 16508.724375
1519289030663458816 38775.691812
1519287699366109184 57080.565399
1519285239641747456 127632.249888
1519281217316823041 43767.930063
1519277941217234947 57239.049153
1519273920024748034 365648.434437
1519270214600466433 107768.95272
1519266624708222976 20576.474061
1519262845971673090 25568.712312
1519258835353063428 26757.340467
1519255064711290882 41918.952933
1519251285203210241 39937.906008
1519247530751582208 20444.404266
1519244997459156992 16323.826662
1519242457975828480 32013.718308
1519239979423219712 14184.295983
1519224915173556224 18119.975874
1519218324223242240 47994.163503
1519211745335779329 124964.440029
1519209747643346945 42262.3344
1519204987812913152 86109.50634
1519194662455713793 13920.156393
1519188270520934403 91101.744591
1519180824100458496 18040.733997
1519168227242348544 16297.412703
1519163698451042306 231597.592512
1519153126250618881 79875.812016
1519141824115392513 18701.082972
1519138048524668936 232257.941487
1519134296661008384 11516.486124
1519130471770341379 20523.646143
1519126727070523398 24115.944567
1519122931938435073 24353.670198
1519119205894864911 19467.087783
1519114126450171904 58691.816898
1519111630541447171 43107.581088
1519109088025718784 25885.67982
1519104128743522306 23508.42351
1519101542804205569 40915.222491
1519099018386841600 15214.440384
1519096508276170752 11833.453632
1519093980646068225 54175.029909
1519091471449825282 16191.756867
1519088961943134209 75306.197109
1519086436531724290 93162.033393
1519085190546694145 12414.56073
1519081402930798595 53937.304278
1519078888915324933 17089.831473
1519076587790114816 352599.938691
1519073862486528006 68200.842138
1519067801549426690 161310.047613
1519066338806976529 31062.815784
1519063800066068482 43239.650883
1519061263023853568 25964.921697
1519058764971794433 82253.068326
1519057251205591042 36504.091338
1519054998092587010 246547.893306
1519051202457182208 30111.91326
1519047445623316484 48258.303093
1519043704723591173 125492.719209
1519041132520423429 117727.015263
1519038636024635393 12335.318853
1519036096419700739 377481.888069
1519033591501664263 24749.879583
1519028600959287296 47201.744733
1519024827847393281 22108.483683
1519021021852057601 130220.81787
1519017246542245905 41760.469179
1519013529004789766 37428.579903
1519011916554940416 81592.719351
1519008423504924672 31300.541415
1519003388016574464 62653.910748
1518996947419422721 133152.767319
1518994582163365889 23666.907264
1518990828215181312 31802.406636
1518987058261512201 24353.670198
1518983300638982144 35500.360896
1518979557998669825 171479.421828
1518978954677440513 36583.333215
1518977219779043334 13603.188885
1518973661109227527 276105.113427
1518972521370075137 189256.016235
1518968426752053248 14369.193696
1518956846299729921 182784.59628
1518954068722561024 276580.564689
1518953125536841729 25912.093779
1518948051435593729 48469.614765
1518946259758993410 25885.67982
1518945253411237893 18938.808603
1518938033462157312 38749.277853
1518934208177217536 17380.385022
1518929386380177408 35896.570281
1518926380830019584 89199.939543
1518922894922981377 74117.568954
1518918323387387906 32594.825406
1518915334312542210 48179.061216
1518911278193991680 27602.587155
1518907788214386688 51665.703804
1518899953598447616 27972.382581
1518892738913177601 32092.960185
1518889141747998720 349879.300914
1518883602628501505 59061.612324
1518877611275001856 63208.603887
1518873782810820608 133548.976704
1518868502299426818 43028.339211
1518862474094780418 12097.593222
1518854913417175040 42711.371703
1518847395223715842 18489.7713
1518837311387185152 23746.149141
1518824206598819840 85818.952791
1518817152404443138 21527.376585
1518812127196286976 24512.153952
1518807097156194304 25146.088968
1518797042696470528 83468.11044
1518787029638778880 25172.502927
1518781927158861826 50794.043157
1518779420051398656 109433.032137
1518771887693778948 146254.090983
1518767616071979008 43899.999858
1518756787725422593 64740.613509
1518751724416249856 41839.711056
1518741696250466304 24036.70269
1518741694249795585 7131.76893
1518741690021933057 114346.028511
1518736645868208128 17829.422325
1518728651600183296 12044.765304
1518726599650201600 61887.905937
1518721534302556166 28315.764048
1518711521987244032 12942.83991
1518709944417230850 104255.896173
1518707704503672834 16403.068539
1518705422781267968 828183.270486
1518703953126559744 46911.191184
1518700154135748614 57212.635194
1518698890735804417 45881.046783
1518696420974411777 10644.825477
1518695605073326080 29187.424695
1518692605109878784 12361.732812
1518688837056307205 39673.766418
1518686311883890688 20867.02761
1518685050874867712 135846.991137
1518681304514056194 19731.227373
1518677494064373765 31274.127456
1518673768155123712 67751.804835
1518671208111296513 11093.86278
1518668199528706049 151378.399029
1518666374213742592 2044942.291821
1518663956109438976 384877.796589
1518663673774055424 8505.294798
1518661127038771200 27047.894016
1518658635886432257 21157.581159
1518656108134551555 53514.680934
1518653589874483200 681083.932815
1518651465686044679 86849.097192
1518647322477056001 27179.963811
1518643531895738368 13127.737623
1518639763917582338 1250674.544691
1518638477847535618 78211.732599
1518636022300610563 11173.104657
1518633723754954752 621282.729639
1518633456359587840 20682.129897
1518630930495295488 19968.953004
1518628444694843397 43609.446309
1518625929349812225 18674.669013
1518622747865366530 163106.196825
1518620877058973699 179377.195569
1518617095516401673 120896.690343
1518613357103915010 21844.344093
1518609577134092289 26889.410262
1518605798099849216 10908.965067
1518601992557543425 19097.292357
1518598228090007560 26281.889205
1518590742071058433 28368.591966
1518586910888837120 139544.945397
1518585847087575042 306771.719826
1518583367746428928 32040.132267
1518581867687075841 15848.3754
1518579101849763841 51163.838583
1518575819957817345 149872.803366
1518572802911186944 23693.321223
1518571824510119936 17512.454817
1518567761999503361 27364.861524
1518564258145054722 50107.280223
1518561730581913600 21844.344093
1518560536866217985 24432.912075
1518558992640921602 54359.927622
1518552933599748096 156714.018747
1518549154997411841 30560.950563
1518545418803683329 57133.393317
1518544109434281984 50952.526911
1518541604776255490 18357.701505
1518537566940954624 141975.029625
1518532274115039232 55733.45349
1518530315526025216 35711.672568
1518526237819420672 62574.668871
1518522963930267648 41549.157507
1518519641668259840 15188.026425
1518513358240202752 183154.391706
1518506371444002816 32779.723119
1518491009512001536 32991.034791
1518480111510638592 677016.183129
1518476168596447232 68861.191113
1518469104012861440 63050.120133
1518460816198094850 98682.550824
1518445968034783233 48179.061216
1518438614480437249 20497.232184
1518430612104830977 53435.439057
1518424602896224259 202938.446997
1518419537477124096 76389.169428
1518415508512645120 26889.410262
1518407717643329536 59695.54734
1518400662723248131 44824.488423
1518393118135144448 39039.831402
1518389344360452098 21976.413888
1518385578538115082 21395.30679
1518378016191430656 37032.370518
1518374248363937792 81592.719351
1518370471032590342 26229.061287
1518369450650599425 119047.713213
1518367463645368320 1054339.587444
1518363349645410305 755967.50658
1518362919288950787 37851.203247
1518362917577629696 22583.934945
1518361133089964034 115085.619363
1518359130355998720 209409.866952
1518355377057845249 36213.537789
1518347812366430208 14844.644958
1518344050549612544 59510.649627
1518340263596470276 105999.217467
1518336672911564800 41707.641261
1518332723466756096 17512.454817
1518328953227911170 15769.133523
1518327718861021189 600653.42766
1518325724754681856 100293.802323
1518323920264388608 102618.230715
1518317614069690368 16455.896457
1518313865137856512 45352.767603
1518310080227196928 23112.214125
1518306174386544642 48496.028724
1518302509646888960 25304.572722
1518298761033826304 22900.902453
1518298038573445124 97863.718095
1518294964127641603 68702.707359
1518291411837325313 246917.688732
1518287704563372035 42922.683375
1518287426925608961 27919.554663
1518283664219639808 24274.428321
1518281395348639749 60910.589454
1518279881833996289 1913506.431837
1518276018997538818 52959.987795
1518272313485139968 84498.254841
1518268550602973186 19704.813414
1518264778019463169 84313.357128
1518259156934971393 30270.397014
1518258728583274496 61412.454675
1518258355315392513 91365.884181
1518258062221524994 97705.234341
1518257224841404416 260520.877617
1518253471132233728 31432.61121
1518250238989029378 25489.470435
1518242129868427264 36319.193625
1518240849913597952 22372.623273
1518240374157975552 33968.351274
1518238342873333764 16218.170826
1518234571439058944 18199.217751
1518227023914745856 23772.5631
1518224639306178560 37719.133452
1518224406484561920 46435.739922
1518224184744288256 50292.177936
1518223868338573312 54280.685745
1518223627572813824 63287.845764
1518223262240620546 418476.352437
1518219481482510337 27893.140704
1518213273836998656 13312.635336
1518204361889001472 49737.484797
1518174180755521536 95618.53158
1518159074642337792 65982.069582
1518143970517438464 28896.871146
1518128880577658880 108402.887736
1518113770261917697 75517.508781
1518098686022201345 67012.213983
1518084417302011909 19308.604029
1518045297372499968 229986.341013
1518032054566465542 28236.522171
1518023176839643137 19361.431947
1518016914286600193 24961.191255
1518011868631437312 14448.435573
1518008085658361861 20946.269487
1518005191093755909 440981.045505
1518000533537275904 20893.441569
1517996769845653506 13682.430762
1517996767031271426 23402.767674
1517992979390210049 29293.080531
1517985432453238787 105259.626615
1517981658577879041 28896.871146
1517978544328032256 101931.467781
1517977900347240449 287832.911223
1517970316806471690 56525.87226
1517966565991489536 64582.129755
1517962782318157835 18278.459628
1517955228301156353 12942.83991
1517952689769963522 29530.806162
1517947680068182016 24697.051665
1517940134498476032 22504.693068
1517936373147348993 56657.942055
1517930072132497416 27179.963811
1517927875860705282 129296.329305
1517925045712171008 21633.032421
1517921264031182849 25172.502927
1517917476079681539 31802.406636
1517917475999989760 124805.956275
1517909940400271361 12995.667828
1517908370736431104 32357.099775
1517902388090314753 89596.148928
1517894836703084546 25647.954189
1517893582803329025 12731.528238
1517891077675618305 1669943.315898
1517887280618295297 26017.749615
1517881031340273670 18436.943382
1517879734386008067 72611.973291
1517875971004719104 46250.842209
1517872184622043142 115878.038133
1517866056387289089 56235.318711
1517864632538615808 23719.735182
1517860859934126081 94667.629056
1517857095462363137 99791.937102
1517850866648338435 8795.848347
1517836186680705025 39303.970992
1517820623485116416 57423.946866
1517806006314614785 28896.871146
1517792405088608258 27576.173196
1517785263954702336 257958.723594
1517775312205062144 58005.053964
1517761191061434368 7844.945823
1517731506671792129 49711.070838
1517714900663078914 28632.731556
1517709864407126017 19995.366963
1517702309609971715 258988.867995
1517699837365563393 29213.838654
1509289407936929799 22631.009087
1509286859599486985 11695.747454
1509284369034358784 84676.162621
1509281837075603461 22578.561789
1509279313421500416 27036.582119
1509276796507803651 41066.234334
1509275585209589769 403765.523653
1509269264167051267 29527.828774
1509266768954638346 32097.746376
1509264228468805634 31284.813257
1509261686003404808 16625.793466
1509256661743153176 66372.055619
1509254171270258709 11748.194752
1509251630692290561 12298.891381
1509247054043881485 164789.410316
1509244091430846470 13583.850182
1509241579063726088 19353.052962
1509239052930850824 136467.869396
1509237040453459973 28924.684847
1509236561593909259 18409.001598
1509231509319864326 81319.535549
1509229027231416329 26328.543596
1509227478878933000 227385.260479
1509226472057319425 11957.983944
1509223973170597897 23758.625994
1509221489958084611 27325.042258
1509218941276672011 85017.070058
1509216515412967425 30707.892979
1509213924457123845 30996.353118
1509211625961795584 45052.228982
1509210175084929028 15445.729261
1509206334952116235 157368.117649
1509202560376320005 16704.464413
1509198830192971791 20506.893518
1509195025011380228 39859.94648
1509191281599291395 55017.215602
1509187471065632779 468223.252895
1509183688109613063 177193.196293
1509179927760883721 33618.718018
1509175635641606146 20323.327975
1509171615283793924 47543.475637
1509170099034501128 30655.445681
1509168706152243205 4798.927767
1509164813578125313 18959.698227
1509162303048097792 43373.915446
1509160798085656577 241755.820131
1509157323910139908 29973.630807
1509154504041762817 24781.348305
1509153539947474952 10541.906898
1509149971148378121 44396.637757
1509145997007634438 45235.794525
1509140393077710859 556256.042588
1509139647082942474 23915.967888
1509138427048075268 25882.741563
1509137422344466443 9964.98662
1509134627910426632 71144.759737
1509131341232807940 18120.541459
1509127063906697224 26617.003735
1509123285333729283 38811.00052
1509111976693227525 162743.965694
1509109956477431812 34352.98019
1509106092101574657 40751.550546
1509100661115437063 59737.472422
1509097119721959426 19064.592823
1509093133279236099 22788.350981
1509089059397939200 42639.653274
1509085554809487360 28269.093622
1509083027766456322 47674.593882
1509081769672421377 63041.652196
1509078491408523269 10568.130547
1509070457135419399 15445.729261
1509055351290740736 10096.104865
1509040255923625988 63198.99409
1509032681992040448 54545.18992
1509025157364465667 22080.312458
1509017617423609856 14239.441407
1509013817119944709 41852.943804
1509010048927899651 9781.421077
1509006277078401027 32464.877462
1509002543669596167 13846.086672
1508998718518878212 20978.9192
1508994945553772545 112184.770422
1508992431282401289 20323.327975
1508989915102695424 79851.011205
1508987418699083785 12430.009626
1508984868948041729 12062.87854
1508982357306621953 142027.282984
1508979845128232967 26328.543596
1508977326146695170 89239.077547
1508974808012402688 37421.147123
1508972341103013897 81371.982847
1508968516288147457 48356.408756
1508964773530062850 88268.802534
1508961134589657097 25069.808444
1508957241558380550 30340.761893
1508954658219466757 71721.680015
1508952230220779520 26066.307106
1508947148121026560 93277.519493
1508942105334407174 103530.966252
1508938343400321034 148530.747936
1508934555599880196 280461.926055
1508930788406013959 22499.890842
1508929512993656836 157709.025086
1508927063893450755 108592.130509
1508923220870766598 112499.45421
1508919492835000338 42062.732996
1508916939476934656 58190.277131
1508914431048224772 56616.858191
1508911952252309509 556990.30476
1508908183884120074 18094.31781
1508908181866618884 14055.875864
1508908175734751232 12797.140712
1508908169979961347 9309.395395
1508907880019369987 51057.444603
1508904388647133184 27298.818609
1508900636963844103 145462.581003
1508896819891347465 32779.56125
1508893040135618573 24151.980729
1508885462944989194 25279.597636
1508882940675117056 88845.722812
1508877910215733256 308626.125081
1508873345944768518 51581.917583
1508869118262398987 128286.090908
1508866637763690501 17989.423214
1508862018446626822 9099.606203
1508862016856936449 15943.978592
1508862013128286211 4431.796681
1508862008439021571 4090.889244
1508862005230325765 4825.151416
1508862001543585793 41249.799877
1508859047210065923 23076.81112
1508855266200231941 76284.594941
1508854005971275776 20113.538783
1508851537124151297 49038.22363
1508846492764844032 118268.65699
1508843994389880853 136520.316694
1508840185114640387 12325.11503
1508836429874741251 39335.4735
1508831378309357570 21765.62867
1508828874204983296 55253.228443
1508825080876392448 27062.805768
1508819296834801675 619192.800188
1508814007901302790 47963.054021
1508809984942948366 24335.546272
1508806281234157584 28111.751728
1508798653758070794 75550.332769
1508797395265536019 84597.491674
1508791123334111232 35742.833587
1508789091252555791 14580.348844
1508787068037701637 39361.697149
1508783805049548810 62464.731918
1508783371685617665 142709.097858
1508779785404788739 32464.877462
1508776012531830784 41852.943804
1508772486099488771 34221.861945
1508768951265894406 102665.585835
1508765179965759496 315942.523152
1508760915277230084 48172.843213
1508753605465190400 44134.401267
1508745839442894848 29160.697688
1508737990767558660 21503.39218
1508734721039159303 34326.756541
1508730752804044802 14895.032632
1508729274018283523 32648.443005
1508715633151725569 14239.441407
1508707789832609792 21739.405021
1508700525679816707 104396.346669
1508692952071258112 28662.448357
1508685415720620037 38338.974838
1508670308244684801 22473.667193
1508665262933004290 15235.940069
1508655245970362368 44816.216141
1508650160095649793 53627.362205
1508647677562601477 15865.307645
1508642616203751426 17124.042797
1508640123033948168 117770.407659
1508635068830523392 79641.222013
1508630048223510532 45707.820207
1508625005449519107 35978.846428
1508623163533447173 27351.265907
1508619972100173829 128023.854418
1508614949161119750 12744.693414
1508609914771496962 140847.218779
1508604872752603141 12744.693414
1508597077210771457 15026.150877
1508594301953056781 255103.657472
1508589775481098242 35533.044395
1508584748058390528 29029.579443
1508579745147019272 21346.050286
1508575969937874948 31547.049747
1508572145764474881 83443.651118
1508568410904539146 40725.326897
1508564663021314052 57141.331171
1508560854320566274 10200.999461
1508557082395561996 12036.654891
1508553275477565447 121677.73136
1508549562314670086 42141.403943
1508545751810551816 233810.054484
1508542027075620874 40358.195811
1508540709690818565 27403.713205
1508539456239906826 23627.507749
1508536924394467341 81739.113933
1508534456633724932 23915.967888
1508534316153856009 484088.56054
1508532646858694669 113050.150839
1508526902759329807 27010.35847
1508523080083255299 98417.354697
1508519311333380101 58321.395376
1508515521465094146 12508.680573
1508511773091053578 105602.634523
1508509264834437122 38417.645785
1508507987702386691 106940.040622
1508504254633451524 25174.70304
1508500471526436867 25332.044934
1508496685130997772 81214.640953
1508494160298491909 43137.902605
1508491628725555207 73976.913829
1508489170280497163 6057.662919
1508486587360886788 38102.961997
1508484092999962635 19221.934717
1508482879772413952 1462860.035816
1508481575964585988 85725.108581
1508479042994978826 113286.16368
1508476529214435334 288801.046437
1508474010232926215 35795.280885
1508471490571907073 160121.600794
1508470235774726144 35270.807905
1508466492681166850 42141.403943
1508464013608431617 49011.999981
1508462711616778245 18199.212406
1508458940085985283 21844.299617
1508451392066830350 60471.734594
1508447583970152451 40017.288374
1508443834740584455 41905.391102
1508440054850592777 17255.161042
1508436322238832648 119579.83944
1508432489068609547 108303.67037
1508429223773585409 252586.187168
1508426198652788740 35716.609938
1508424688153903110 61835.364342
1508420906250649609 83417.427469
1508416124463034372 572147.573882
1508414880579211277 1592299.96728
1508406113221459974 114518.675183
1508403555178328066 17464.950234
1508398513251659781 32307.535568
1508390978738180100 114728.464375
1508383465451966472 97132.395896
1508379382859149318 21844.299617
1508375354594848771 107936.539284
1508368318650105868 150182.837823
1508360777819955203 319115.584681
1508345905795284995 27036.582119
1508338153094008836 81162.193655
1508334071235162112 91153.403924
1508323025162317826 22762.127332
1508307950099738636 14160.77046
1508296591064674307 46284.740485
1508293430933614593 748134.482321
1508292831676411909 48985.776332
1508290310534799367 245164.894501
1508287105855807490 362699.289319
1508285862706036740 99308.958763
1508285259707736065 54886.097357
1508283195258961921 854943.404698
1508281511535128582 176091.803035
1508280831521009667 2069281.918941
1508279492703309833 56328.398052
1508278310782091265 110585.127833
1508277739996000261 252822.200009
1508272686518132737 63697.243421
1508272244425953281 81267.088251
1508270528343248896 851665.448573
1508267644247588869 88268.802534
1508266400183373824 26774.345629
1508262613519679491 202341.675684
1508259099896684549 88032.789693
1508258771679817732 17333.831989
1508256581888225283 81031.07541
1508255099931566084 80454.155132
1508254550830063616 334010.617313
1508251319269793795 27928.186185
1508248984896294925 154588.410855
1508247530341126152 48487.527001
1508245803449602057 60104.603508
1508242485339955200 38365.198487
1508242387411378177 112919.032594
1508241473409626115 133950.399092
1508239986918838276 32648.443005
1508238776249765890 295225.840442
1508235281354350602 52761.981788
1508233679990104072 45760.267505
1508231148224368642 31678.167992
1508229345365606407 15760.413049
1508228649664847878 11721.971103
1508227382402035717 83128.96733
1508225883429122057 198617.917526
1508224492140699651 149238.786459
1508221105491820545 29790.065264
1508216050650865666 26459.661841
1508212272413478921 25227.150338
1508207260807356423 20244.657028
1508206498006315010 18015.646863
1508202108536995843 266589.615734
1508200964309798917 25672.952371
1508197196742770696 33068.021389
1508193409718276103 63120.323143
1508189637835210760 118373.551586
1508185849866956805 22526.114491
1508182086506762250 24964.913848
1508178307464011776 72823.073273
1508170747440771086 32569.772058
1508166993844785158 48094.172266
1508163223454945287 26931.687523
1508159277713825802 9414.289991
1508155660076302336 99230.287816
1508151218325139464 97473.303333
1508148099474198537 56354.621701
1508140564096684040 39545.262692
1508136793656508418 11459.734613
1508131761364082697 82971.625436
1508129447265943555 24991.137497
1508121688843722761 60996.207574
1508116671021649921 22316.325299
1508114946424459268 242909.660687
1508113129871396868 48697.316193
1508111708841197590 19431.723909
1508104070762012678 15891.531294
1508096602992435201 29790.065264
1508095416302198787 60104.603508
1508086446145654789 22945.692875
1508076394017918976 41538.260016
1508073872876310536 52971.77098
1508071357506109444 927084.663097
1508068827707420679 55620.359529
1508063803463933952 53207.783821
1508061310726115329 71826.574611
1508057525144506370 27849.515238
1508054715992621057 30052.301754
1508046195469529094 20087.315134
1508042401394434051 32307.535568
1508027322447839234 33487.599773
1508012213403107334 29973.630807
1507997131042398213 34221.861945
1507982008793841666 16888.029956
1507952062998401024 54492.742622
1507936712420438016 22211.430703
1507921628285620233 16153.767784
1507905261088002048 57796.922396
1507898974585430022 29658.947019
1507890169977970694 14029.652215
1507875055866454020 27875.738887
1507864998785265664 15314.611016
1507859960381779970 58321.395376
1507852404288598020 375994.679362
1507849895516020736 49352.907418
1507844875764514824 39440.368096
1507839827550556168 87980.342395
1507837313434505220 26774.345629
1507834799209209860 16704.464413
1507832282635198473 36267.306567
1507829769009836036 44003.283022
1507827055089664006 6346.123058
1507826938538254336 9020.935256
1507826804920356868 6713.254144
1507826562682531846 26249.872649
1507822216305864704 53889.598695
1507821256367869957 258748.744683
1507811929485631499 135759.830873
1507809647947833347 26092.530755
1507807490464960518 68207.711049
1507800837967564807 120838.574592
1507795796405768196 96712.817512
1507792437414178816 23811.073292
1507789488218677250 175095.304373
1507786080636002310 275794.116533
1507778938793340932 98207.565505
1507773824170958856 108985.485244
1507771895290204171 123120.032055
1507770724928430085 59789.91972
1507769366821150728 22342.548948
1507766841116082178 51424.575689
1507764299091034120 88819.499163
1507761663541452806 57036.436575
1507755722192392203 997311.595119
1507751749507067914 50165.840537
1507744212619563009 28347.764569
1507739225784995849 50900.102709
1507734620904857602 25908.965212
1507729256348012544 37421.147123
1507725240675315716 170401.271202
1507719160037531650 34798.782223
1507716517697404936 32123.970025
1507712117562036232 41144.905281
1507699320841195528 518153.080591
1507688858225455104 54099.387887
1507673790913953792 10751.69609
1507658663888048138 74003.137478
1507628462718300163 128836.787537
1507613328448835584 15078.598175
1507583157272514563 27115.253066
1507568037381160963 33225.363283
1507563750584369158 730590.86114
1507552938461437953 135314.02884
1507547888649478147 43531.25734
1507537823527804930 25463.163179
1507532964795670531 167123.315077
1507522729490141188 74894.741544
1507512685377818635 18618.79079
1507507665194393613 87377.198468
1507503891570647042 231502.373372
1507500096841297927 692278.109951
1507487520002617345 42508.535029
1507477454889312266 33776.059912
1507474921601081347 59973.485263
1507472412870426628 110926.03527
1507469896052973570 43741.046532
1507467379231526918 15839.083996
1507464862867156999 45891.38575
1507462406707896320 111712.74474
1507458404595683328 36581.990355
1507457319289860100 190514.809985
1507452295595929603 6083.886568
1507447301920460824 25436.93953
1507443485175128064 366213.258285
1507439709059964931 118845.577268
1507437181585002513 19248.158366
1507434178178080771 67735.685367
1507433406140850178 14449.230599
1507429815552552963 21083.813796
1507429813824413698 51844.154073
1507429810087333891 45970.056697
1507427117121814540 62123.824481
1507424630663004162 101852.652716
1507422082942001161 11853.089348
1507420838307454978 73950.69018
1507418300703195156 98181.341856
1507417126763737088 16730.688062
1507416290725670913 713519.265641
1507414784886689792 36818.003196
1507406985666433034 61678.022448
1507405732303540231 21975.417862
1507403099346022401 11407.287315
1507401989554155524 27665.949695
1507400678980952073 30130.972701
1507398176927629324 13557.626533
1507394466461716480 15524.400208
1507386892307898375 22526.114491
1507383101198061575 281353.530121
1507380571860869127 218757.679958
1507374691908005888 231056.571339
1507371519068057615 103399.848007
1507369225790406665 253844.92232
1507364259222724616 27875.738887
1507360173001789440 59501.459581
1507358410118942727 121179.482029
1507353984905924615 272385.042163
1507349598611857414 35873.951832
1507345325215862792 27534.83145
1507343068466491400 39650.157288
1507341568398745605 24728.901007
1507338022286774298 33408.928826
1507333731903852560 57036.436575
1507330483906125834 110217.996747
1507326523061293087 42928.113413
1507323944583548949 151703.809465
1507320916526653444 106520.462238
1507318929844318210 34038.296402
1507315143646060547 46756.766167
1507313114580148260 101039.719597
1507311394869415937 47438.581041
1507307075868712981 99125.39322
1507300029987446799 201109.164181
1507298774422540291 24204.428027
1507296245773221888 118006.4205
1507281146492731448 20323.327975
1507276861000368149 66476.950215
1507273640756363275 19143.26377
1507269844651098115 42167.627592
1507266071375581184 8837.369713
1507262282027483149 61704.246097
1507253468599308318 88032.789693
1507250958933315593 74816.070597
1507235884906729488 16809.359009
1507221874710876162 17386.279287
1507220760200458268 67788.132665
1507205674765365248 77359.76455
1507200622252240898 16888.029956
1507193071355711495 31678.167992
1507190565091385350 60917.536627
1507185523240091648 30996.353118
1507177965246947328 142368.190421
1507175473465499654 54309.177079
1507169170407915537 133950.399092
1507167917472948232 84912.175462
1507160386876940290 246397.406004
1507150298862784515 107884.091986
1507144073089593345 1759318.387761
1507135190107406338 131852.507172
1507130161849851915 17936.975916
1507118971207577611 37185.134282
1507118969181769728 20113.538783
1507118964169535495 8339.120382
1507118956712058882 42010.285698
1507115064096133122 38129.185646
1507111278615179278 24125.75708
1507107515342934023 14318.112354
1507103758823702536 32936.903144
1507099964090036241 58137.829833
1507096204412432395 41852.943804
1507092434936815621 103032.716921
1507088647883042816 109483.734575
1507084901945905170 13531.402884
1507081434338668547 30445.656489
1507081073074790400 235488.36802
1507077316958113792 29422.934178
1507073553983844360 54676.308165
1507071018564821004 2216422.81348
1507069770050461698 39047.013361
1507065995558629384 151126.889187
1507062228952010752 41354.694473
1507058437427015692 32045.299078
1507057521386786816 229273.363207
1507057188090662924 27220.147662
1507054709865168903 21450.944882
1507052143848656900 36922.897792
1507050873846968328 22762.127332
1507050252326608897 24545.335464
1507049628457480200 68548.618486
1507047160562569224 425400.034078
1507043337051820043 60366.839998
1507040815809499141 15734.1894
1507039579647393797 87193.632925
1507037045251878912 101275.732438
1507036524550004748 50218.287835
1507034522814238722 25725.399669
1507032032429412353 18015.646863
1507030754328465409 58688.526462
1507029498931384322 88924.393759
1507028265940226049 292891.935681
1507026984936869897 24938.690199
1507024472540385289 36083.741024
1507021949033189376 18540.119843
1507020707913510918 27456.160503
1507016957899403272 37027.792388
1507009380046163968 43347.691797
1507004355777548294 117272.158328
1507001059566366724 87246.080223
1506998513359626242 33697.388965
1506996769854529550 76310.81859
1506994319437279243 17281.384691
1506989229959786504 43662.375585
1506987978907951114 64536.400189
1506986202406260743 32412.430164
1506984660093575170 175173.97532
1506982953921961985 99544.971604
1506979232097910792 28006.857132
1506976388255039493 502340.220244
1506974114887655430 49693.814855
1506972942558760967 207953.53657
1506971109991849985 11826.865699
1506964080854196228 23470.165855
1506960304399396867 398783.030343
1506956525918687240 19929.97324
1506954507774791683 10909.037984
1506954505128185858 55646.583178
1506954500241825794 10227.22311
1506954498173976584 4353.125734
1506954492545282053 9860.092024
1506954008476491785 52053.943265
1506948986128801805 33592.494369
1506946460545388551 2273721.486545
1506943949415534606 18671.238088
1506943936513912832 122831.571916
1506941848526462978 66004.924533
1506938916536004616 50165.840537
1506935752470503424 38915.895116
1506933902371438605 79378.985523
1506931341971140608 120523.890804
1506928828358303746 20454.44622
1506927119695290370 23417.718557
1506926162315984900 24361.769921
1506921378460614657 51162.339199
1506918795834765320 10830.367037
1506914383426957313 33618.718018
1506911725215440896 266799.404926
1506911250374086659 145331.462758
1506903712723353606 48487.527001
1506895603837591563 18959.698227
1506892043595001856 33146.692336
1506888567301283842 38679.882275
1506881016388018178 37735.830911
1506875133264379905 15445.729261
1506863382686748672 15157.269122
1506853315006668800 47359.910094
1506845466868207620 46730.542518
1506843303274323971 391178.172133
1506838221493256196 21975.417862
1506830694424760325 34851.229521
1506828170586214404 124064.083419
1506823137614344192 38758.553222
1506813103786414089 77595.777391
1506808039948574728 50296.958782
1506798233833644039 189544.534972
1506792950247927811 37473.594421
1506790397707620354 118163.762394
1506782983411359747 330155.74091
1506775338566795275 205121.382478
1506772811003670536 31940.404482
1506764743419346953 923832.930621
1506762736214200320 606133.422986
1506757692777545735 400749.804018
1506752751988056074 35270.807905
1506750152593268744 101931.323663
1506748903118540814 39755.051884
1506747880853417988 15209.71642
1506745147119308813 53522.467609
1506741366222696451 491195.169419
1506737634651119624 7998.212945
1506733801485045762 292603.475542
1506732542325628928 13111.8245
1506730047461367815 63618.572474
1506726248407572482 18304.107002
1506724973179809802 137044.789674
1506722476621021185 23312.823961
1506718123852013577 104999.490596
1506714931311349766 15314.611016
1506712434358341640 26144.978053
1506711144106446857 8758.698766
1506707413688274952 10463.235951
1506706775474675721 2157734.287018
1506704867246624769 41800.496506
1506702346222460938 145226.568162
1506699859386109963 34956.124117
1506695448802861064 101144.614193
1506692556087873545 6372.346707
1506692551243354113 4458.02033
1506692545413328903 10777.919739
1506692335802933249 11092.603527
1506687227740495872 35192.136958
1506685584009572359 18592.567141
1506684738093961218 71747.903664
1506682596008370184 9414.289991
1506682234287411205 20952.695551
1506678303587028993 238582.758602
1506677215475515399 54204.282483
1506674653552685060 51109.891901
1506672147980337152 17150.266446
1506669652776259585 38548.76403
1506667110621224970 75497.885471
1506665851012931587 10751.69609
1506664676662431744 26485.88549
1506662095315738630 42429.864082
1506658309574701060 63303.888686
1506656970580926465 18382.777949
1506654532977274892 50139.616888
1506652880610205698 69754.90634
1506650831923388419 29868.736211
1506650827808772098 61363.33866
1506650801619542022 25882.741563
1506650770707566592 31573.273396
1506650740474920972 103609.637199
1506646974954713095 82394.705158
1506644453662068741 23234.153014
1506639671908085763 76415.713186
1506635654146531336 136887.44778
1506633380309479428 23706.178696
1506632025025007620 26774.345629
1506629364817051651 20926.471902
1506626324210802693 242804.766091
1506624322458300424 43059.231658
1506622314707890178 80663.944324
1506620560368975882 223766.396917
1506619299628208132 16206.215082
1506615739356229632 17674.739426
1506613014170112005 41564.483665
1506608469985697797 23994.638835
1506606086220042245 20401.998922
1506603121547558922 164999.199508
1506601722898173952 50139.616888
1506598651933646848 21555.839478
1506597902948474887 31075.024065
1506595632382943232 147848.933062
1506593877012193281 55174.557496
1506591620388564992 37945.620103
1506590351951290369 41695.60191
1506586583608266762 13662.521129
1506580286351544323 95375.411413
1506578761621413890 16022.649539
1506571481475698690 128076.301716
1506563417020284938 26040.083457
1506556404357902340 29921.183509
1506548564536745988 30052.301754
1506533767166451712 50795.208113
1506518630929997825 15393.281963
1506502517403889666 116459.225209
1506498772599283713 135995.843714
1506496002987069440 22893.245577
1506480898497290243 53653.585854
1506468279182888960 187499.09035
1506464013894524936 94982.056678
1506460749958426624 42429.864082
1506455793159266308 141817.493792
1506453543720521728 66450.726566
1506450726918184969 16258.66238
1506445649386037257 15576.847506
1506443138449166343 7473.739965
1506440558432161795 956481.373626
1506439348866195460 32517.32476
1506435688400629763 23784.849643
1506432175880683532 166048.145468
1506429277767671809 462637.615658
1506426780789399558 214850.356257
1506426431139725314 49011.999981
1506420489987756040 87193.632925
1506417978807627784 68312.605645
1506416142717435909 30130.972701
1506412914948911105 73242.651657
1506410436283015169 206091.657491
1506405393127325696 280854.290115
