1509224891903479809 112617.87225
1509201178432720900 92173.39698
1508938703636361216 180275.2247325
1507427038184894465 280245.2436375
1507063511536455691 199680.1504125
1506809803930099712 259800.7683675
1506675977509752832 192836.448945
1506368456588816384 201239.4747975
1506328776149327878 163757.9368025
1506328770126368769 75482.850785
1506328745652617218 45855.68747
1506328744302051328 52179.6141425
1506328742968188933 306522.7471625
1505684940733620224 220904.287875
1501967117201002497 218218.7847675
1501586154440708100 264218.854125
1501586152804925440 465140.68877
1496631084213157888 368000.55486
1496560686482472960 208602.95106
1496223127835389952 131416.3940025
1495860754943463424 206466.099125
1495860752279875595 148251.322085
1495860749591519234 512266.93685
1494500288031453185 746136.7182225
1494439401912340480 5106007.6986825
1492304743867158529 224196.19491
1491791515131146241 345736.8678075
1491525696530698241 291247.143465
1491112461399117824 997101.315075
1490060045978984448 340452.490725
1489748046745272322 210162.275445
1488195516567482369 222550.2413925
1487943305727918081 168407.03358
1487182374727155715 258501.33138
1486338339997241345 278859.1775175
1486104707722407938 219200.5816025
1485687499158536193 280274.120015
1485388261136556035 261100.205355
1484575054482456576 217265.86431
1484049313483214848 225235.7445
1483941466670252032 206956.9975425
1483664088735514624 318881.8367325
1483487041677524994 265518.2911125
1481785879068692483 288388.3820925
1481440812252598280 307186.903845
1481053000517185536 226708.4397525
1480961918047186948 103348.5550725
1480961916268789760 180044.2137125
1479537175662313479 416512.86906
1478467212801232898 389397.9505875
1476362464124043264 279985.35624
1475599822019121152 475767.19569
1475173144633610243 713737.4226675
1474175674185228291 617838.97299
1473822331344605184 468750.2359575
1473334003973324801 951274.5039825
1473334002903777281 867446.3801
1473334001821650948 398869.4024075
1473334000622063620 384315.7081475
1473333999493779461 467133.1588175
1473333998340300804 814082.83448
1473333996868149248 4462988.5245125
1472256526454702081 280158.614505
1470901274627358720 257288.523525
1469355904994734080 410622.08805
1469011614049337345 237970.2269775
1468955190548066318 278599.29012
1468664794567700483 609782.4636675
1468611799545044992 215619.9107925
1468282157659394055 336409.797875
1467882292827721730 259367.622705
1467657732014497793 341925.1859775
1465778366707998721 246026.7363
1465445663353688066 132975.7183875
1465445661755666433 188014.0939025
1465445659813691394 36499.74116
1465445655900348416 413249.8384025
1465143899949731841 252437.292105
1464659614448771073 278512.6609875
1464288045541199874 320181.27372
1463528104614236167 544290.8394975
1463186751619436546 406983.664485
1462583003272474628 725085.839025
1461762358523535360 366354.6013425
1461470539575218180 243254.60406
1461380998743015425 171525.68235
1461108508250689537 188245.1049225
1461034359582965763 155759.180235
1460734002264883205 208862.8384575
1460317599875534848 163382.543895
1459937906525556739 129077.407425
1459937855577280514 150850.19606
1459937626341855236 64914.09662
1459937588421136388 278108.3917025
1459240086554304517 208371.94004
1458501583906295813 224542.71144
1458448640528183300 177156.5759625
1458196382624276490 172565.23194
1458132018135322627 566294.6391525
1457841063482167302 268059.4123325
1456703061372506112 192576.5615475
1456432517427253251 274787.60829
1456397015743492106 162083.1069075
1456320508882915334 207216.88494
1456291410718511112 294885.56703
1456036362948202498 148049.1874425
1456015126935474176 130376.8444125
1456013903599603714 123013.36815
1455681893328850950 335341.3719075
1455660312145715200 321047.565045
1455632027596644354 115216.746225
1455606254131314688 167916.1351625
1455588313235030018 148049.1874425
1455577063822282758 329363.961765
1455570288792326153 257375.1526575
1455240228445196291 207563.40147
1454902715155316742 164855.2391475
1454902714014453765 284692.2057725
1454823281870004250 257894.9274525
1453449405890060289 283623.779805
1453367874848837638 469529.89815
1453003527803052040 355612.5889125
1452632195621818373 1046133.40407
1452292976114290705 273776.9350775
1452001161603547139 371061.450875
1451682475676102660 242474.9418675
1451417887151779842 3568860.3716025
1451269167231897600 286742.428575
1450674444993585165 126045.3877875
1450674443840151556 134997.0648125
1450674442682523655 26710.6491875
1450674441155846149 338402.2679225
1450552465267441667 186425.89314
1450552463942062080 245709.0961475
1450469322883805258 352003.041725
1450146533073059845 600022.2480725
1449071773274624004 191017.2371625
1448334548152897536 180448.4829975
1448334546445869058 160032.884105
1448334544721960960 316225.2100025
1447969981967204353 184433.4230925
1446116573823967245 331269.80268
1445902684440068097 193529.482005
1445465212774064135 175164.105915
1445392566363566090 245420.3323725
1444362321309024256 443714.416665
1443992530324844545 441028.9135575
1443618257395589146 185039.82702
1443339404022468611 175683.88071
1443253813071077376 156538.8424275
1443001944658755597 166703.3273075
1442973036081139714 4083610.6769175
1442517577394098177 282757.48848
1441518443895820293 252870.4377675
1441518440305487878 329479.467275
1441191677465481222 232859.10816
1441179318374191106 85329.6955125
1441176198139170827 153449.070035
1441086893806944270 276433.5618075
1440874865095942152 218565.3012975
1440722206351233024 130290.21528
1440508603849273353 269416.602075
1440440604744249348 300891.85355
1440094823856291845 335861.1467025
1439968005467742210 200373.1834725
1439773362364944392 384460.090035
1438915048571686914 88708.23168
1438915046613012485 84232.3931675
1438915045203726336 25584.470465
1438915041277857793 209498.1187625
1438216750697365506 324368.3484575
1437817616530227202 165634.90134
1437427173174898691 204011.6070375
1436731841893920776 725432.355555
1436005956907720704 202625.5409175
1435650793080717315 319228.3532625
1435355631767080961 263872.337595
1435292695652536324 237219.4411625
1433896533758410752 329710.478295
1433112909911969793 278252.77359
1432809700618211329 152813.78973
1432746395669200896 225495.6318975
1432365544074723329 895398.71352
1431674157306056707 288301.75296
1431389983164616705 1403478.5756325
1430921737307267079 230346.8633175
1430594098696650753 369299.9918475
1430313520881541123 324426.1012125
1426589349240401927 327111.60432
1426295503050870784 169100.06664
1426254813876998145 130809.990075
1426254812153204737 184548.9286025
1426254810479685634 357287.4188075
1425828373054386192 260060.655765
1424867719153733632 122840.109885
1424867718319116289 172334.22092
1424867717467697152 43170.1843625
1424867716645625863 38318.9529425
1424867715815071746 469212.2579975
1424409672308596736 297224.5536075
1423710979913785344 202798.7991825
1423478170393579522 336467.55063
1423370661485973504 251397.742515
1423338651061145600 195088.80639
1423070537966780417 191537.0119575
1422963100144209921 111145.1769975
1422620457384124421 461848.781735
1422412317359153155 197774.3094975
1422220758827159556 204098.23617
1422041111602765829 356161.240085
1421186855857360896 230866.6381125
1420823414613319682 318275.432805
1420505627462307845 205397.6731575
1420423383213248516 183740.3900325
1420164781244227587 728464.3751925
1419728206991544322 175712.7570875
1418724069063618562 373544.81934
1418266043512877057 244900.5575775
1417604296422694913 397714.3473075
1417328143103266816 295751.858355
1417161086575337472 243167.9749275
1415752955152666627 570106.3209825
1415360904351293440 266384.5824375
1415025933090656257 263092.6754025
1413558189128249344 223676.420115
1412799723434504192 280158.614505
1410710798997987328 271928.8469175
1410637816720019457 383420.540445
1410266283476602886 205051.1566275
1407733718198808578 398667.267765
1407733716617629699 496327.17647
1407391385670483972 249260.89058
1405564300266139651 224398.3295525
1405267364057206786 246373.25283
1405201441669619712 345996.755205
1404841704507674629 254516.391285
1404514533788377089 504787.9550775
1404442043099717636 274354.4626275
1403082193216303108 287348.8325025
1402741727224426497 248972.126805
1401939942654169088 272448.6217125
1400870268814258177 437303.86086
1400478260966744067 332598.116045
1400126638067576833 289774.4482125
1399863361383276545 244120.895385
1398800221132312579 738773.24196
1389316412259270657 34885638.2868825
1385629820780908544 861266.835315
1385344183523635200 666264.6580575
1385245518842896384 385413.0104925
1385008987838455808 784600.0530525
1381664682499481601 252610.55037
1381641702088187906 548391.2851025
1381389752591548418 439123.0726425
1380599008238792705 387665.3679375
1380231432006631425 284749.9585275
1379459602903785474 497164.5914175
1379092816089862145 366094.713945
1379091675759271939 417234.7784975
1378030258692055042 820897.65957
1377722043584503808 486509.20812
1377331633024425987 364622.0186925
1376572513195413505 554339.8188675
1375520512651063297 433405.5498975
1372974769306443784 803831.7204675
1372963034205810695 322087.114635
1372926429210451971 482870.784555
1372645545471143938 706720.462935
1372221245303844865 662539.60536
1370159252401053697 220990.9170075
1370111353059377152 345188.216635
1369722836764426241 277213.224
1369013992039968769 322000.4855025
1367940046519640065 622863.462675
1367519920393654274 427341.5106225
1367274659402584065 331789.577475
1366508993649123328 575563.95633
1365426141457125377 407590.0684125
1365338574908891138 343657.7686275
1365064031107645441 290034.33561
1364743888997548035 316369.59189
1364710914008653824 263699.07933
1364662601473429514 373718.077605
1364604015103778820 279147.9412925
1364279047937683457 381456.946775
1363221676557623296 319055.0949975
1363140977821503492 409409.280195
1362940399745073158 734528.4144675
1362929413931687937 244034.2662525
1362859066079383554 414260.511615
1362533658557440001 230953.267245
1362499076189687812 164855.2391475
1362205392743198724 213714.0698775
1362194795867766785 562742.84472
1362108877173444609 588471.6970725
1361738984716574720 276606.8200725
1361662371245166597 912551.281755
1361353802796855297 344783.94735
1361152602419814404 2530177.0729275
1361124071379898368 629014.1310825
1359244572279201792 341665.29858
1356374923078369281 1375930.5114975
1354824962645712899 427081.623225
1354452894146154500 672848.4721275
1352732374568636416 404124.9031125
1352662770416664577 8681018.7386925
1352333862144077824 730630.103505
1352021075358482432 513104.3517975
1352021074544795653 491995.719845
1352021073756254209 155614.7983475
1352021072980295680 1938009.199535
1351256621993738240 472302.03039
1346184604827279360 10770600.043725
1343553372125728768 288648.26949
1341457994396024832 1189417.989225
1340371845992775680 564562.0565025
1340126858013147136 243514.4914575
1339979894332088321 324945.8760075
1339743564419371010 958637.980245
1338947631091892224 365574.93915
1338629121354526721 283537.1506725
1337546673610887169 217958.89737
1336751572043194370 216572.83125
1336366810443042818 807383.5149
1336027841289277441 268839.074525
1335246628609871873 353302.4787125
1334908118162046976 277906.25706
1334550143031361536 207043.626675
1334550142104477703 185588.4781925
1334550141160673280 54172.08419
1334550140179267585 409091.6400425
1333842686458036224 390090.9836475
1333491826641158144 483910.334145
1331301975074344960 720841.0115325
1330959611868766209 283797.03807
1329855643495190528 111751.580925
1328810796172726278 550268.24964
1328407079346786306 678161.7255875
1328051034128744448 437130.602595
1326953686455574529 178022.8672875
1326953684383621120 348537.876425
1325138315964682246 4019245.23147
1325138314861580289 6251620.22324
1321544230007758848 491360.43954
1319712659814510592 403085.3535225
1318292961398902785 1091440.4403675
1318292960639774720 791819.1474275
1318253044937617410 1223549.86743
1317194467007287297 470482.8186075
1317129291151273989 476027.0830875
1316110014508007424 572098.79103
1315508269457186816 488674.9364325
1314601821374087168 572012.1618975
1313854584700379137 508686.26604
1311723478886694913 634731.6538275
1311372943604068352 342618.2190375
1311077469831622656 321480.7107075
1310642001432383489 833574.3892925
1309902604755849216 763751.3084975
1309228127726395392 313684.0887825
1309147157040111616 337593.7293525
1308875248314601473 228556.5279125
1307123218717777920 1339806.163245
1305993098682445824 7007979.1790975
1304817461687017478 679778.8027275
1304071051178061826 500803.0149825
1301604266738507777 350328.21183
1300901312393932801 502448.9685
1300110510738698241 1929692.802815
1300110509455282176 15651834.0199475
1299474339041931264 1165854.865185
1298639188904931330 585959.45223
1298321590153748480 1946729.86554
1297219798925860864 474207.871305
1296474314221522944 529217.3704425
1296101267152859136 611774.933715
1295746102654713856 474900.904365
1295414038394888194 548015.892195
1293946125540446209 441548.6883525
1293648528850395141 329623.8491625
1293200772432195586 300198.82049
1292903457959972865 378944.7019325
1292672627312656385 415646.577735
1291796706552684548 1884703.40667
1291517502187438080 264074.4722375
1290737051910803458 1039809.4773975
1289266330407964673 463379.2297425
1288994039367262208 336640.808895
1288869949927170048 1133946.4680475
1288615136777760771 672068.809935
1288606082248486913 525492.317745
1288575466199117831 350328.21183
1288485036396666881 573051.7114875
1288188016444366848 460866.9849
1286729555013640192 433318.920765
1284344478254247937 1475207.4973425
1278763974914236416 425146.9059325
1278763932547612673 1698508.52455
1270563828435046400 2654085.60878
1270563827298385920 1438765.5089375
1270563826115600385 5676604.9180825
1265770438543605760 1251184.5606975
1265315854683525122 1280984.9822775
1263877289240035330 1033918.6963875
1263541319961632769 572676.31858
1263152510845571072 1238796.59475
1262433965434122243 2451575.5733725
1260374775144251393 1348093.6835875
1257729137697054726 2040866.85619
1256292084954230784 4154473.3073025
1255902245922709506 6023525.7173675
1253362888678371329 3097800.025445
1252978035692724231 1342693.800995
1250292126643941376 56679968.6994975
1249497817900433408 1335243.6956
1247629990675374081 4169055.87794
1246923341769986051 2061686.7243675
1246174663778025473 1761083.6345925
1246121692914540545 847117.41034
1245738296027697153 960197.30463
1245738295008489473 416686.127325
1245738294035410946 307273.5329775
1245738293058097155 469443.2690175
1245738292089221120 171092.5366875
1245738291011280897 173691.4106625
1245738290088538112 234620.5671875
1245738288972853248 362802.80691
1245738287899148288 4501134.21919
1245059667840995328 519197.26745
1244719799663501313 3026793.0131725
1244293238606962696 1358315.9212225
1244015172089339910 1861948.8212
1243932782843305984 1057683.95507
1243568815641853953 2993614.055425
1243418437163995137 939868.33487
1243246023943663616 950234.9543925
1243199284209737729 335514.6301725
1243189897655009280 1498741.745005
1242848916971892736 766176.9242075
1242482338145030146 814458.2273875
1240767543213768704 1036633.0758725
1240319616980643840 3212063.8512125
1240305103313072128 2222354.8887775
1237235176452706304 2756423.49064
1233449330348085249 2520330.2282
1232721832450486273 486393.70261
1232382252778172416 561356.7786
1230881872915369988 681193.745225
1230548925947486208 886533.6656275
1230217510185652224 1017141.52106
1229780754680418305 407618.94479
1229570023242354688 760719.28886
1229252775327854595 1902260.24419
1228462433230098433 497597.73708
1228067489340280833 499416.9488625
1227725115766394880 524250.6335125
1227302648820289538 829358.4381775
1226776586298388480 1156008.0204575
1224493906328317952 291045.0088225
1224493811344130048 1609049.507055
1224382720941314049 526012.09254
1223295181635510272 633172.3294425
1223031839717117954 1870640.6108275
1222982945704640513 363351.4580825
1222607474336858112 583245.072745
1220394569675575298 2677619.8564425
1220006544789532678 241291.01039
1220006293282230277 352262.9291225
1219750261268209664 570539.466645
1218240511137370112 1169810.9289025
1217863316548116480 452897.10471
1217519024843771905 1034467.34756
1217166996753780739 602187.976385
1213998376213086208 1401283.9709425
1213843596811612161 1455022.90947
1213158756915105792 583591.589275
1212794686630436864 1532353.848415
1209169446868262912 707615.6306375
1208046545913962511 545532.52373
1207681997612748801 2042079.664045
1207318970166128640 494017.06627
1206953208813371392 381168.183
1206631210530656256 980526.27439
1206385201594671105 2170954.9368275
1206243266276077568 558757.904625
1205570585373401090 474207.871305
1205168553583923201 398609.51501
1204830710911184896 372476.3933725
1204481201156894720 1411823.84873
1203887178192785411 2297895.4923175
1202659858538872832 526329.7326925
1202283177211047940 479318.9901225
1201876939427987459 508455.25502
1201591581385486336 455293.8440425
1201120511671111680 772067.7052175
1200966347259297792 545243.759955
1199479929768947712 680183.0720125
1199086944220676097 511891.5439425
1198796062993125376 2332489.3925625
1197898412261281792 566641.1556825
1197270223700791303 799673.5221075
1197204122933563394 340481.3671025
1197012446092894209 492890.8875475
1196962613709684737 607645.6117325
1196923893065359365 878332.7744175
1193580102237319168 975848.301235
1193324249852846080 1050031.7150325
1192871641044226050 768111.6415
1191896232643497984 1059849.6833825
1190274676330766339 577556.4263775
1189874673741381633 831177.64996
1189580223194509318 1128979.7311175
1189326495900209152 395808.5063925
1189225626919530496 620264.5887
1188430895960743938 818067.774575
1187734206144753664 925603.404385
1187437217771225088 636464.2364775
1187141652835721216 1177376.5398075
1187107678050574337 419053.99028
1186644627853598721 673137.2359025
1186249019393302529 886793.553025
1186057003686219781 1114859.18252
1185602762127613952 725634.4901975
1185284415246753793 570568.3430225
1184196873877413888 479636.630275
1183098590253764608 841371.0112175
1182747700548329472 488530.554545
1182717669755293696 421306.347725
1182341221303275520 535685.6790025
1182025200658984960 823150.017015
1181943800140324866 1164930.821105
1181686200068800512 1078446.0704925
1181274713559052289 1731254.336635
1180452588640186369 841919.66239
1179432009929768962 2281147.1933675
1179267012918464512 471897.761105
1179120926010609664 3322775.8825475
1178706822498308096 1626317.5808
1177588711552409603 1132531.52555
1177290900281520128 2734997.218535
1176943084984242178 752171.88112
1176719600098013186 3364357.8661475
1176565357508780034 322289.2492775
1176209619804459009 790895.1033475
1175774293294297088 807008.1219925
1175384932882907138 2010373.40155
1175133910956748801 1152109.709495
1175014995605774336 493410.6623425
1174830244584230913 2103875.111895
1174721566250360832 359308.7652325
1174385982885584896 645560.29539
1174079837738287105 591099.447425
1172179815702704128 356940.9022775
1171481339893149696 285298.6097
1170305718425137152 793927.122985
1170147147746074625 1111278.51171
1169288834137251845 998111.9882875
1168131391508373507 934526.2050325
1167845853538603008 689712.2765875
1167405102547816450 697739.9095325
1166424894416007168 1067097.654135
1166260706322321409 596152.8134875
1166101764506099712 678306.107475
1165013203769802754 543078.0316425
1164507513708056578 533750.96171
1164224148819849222 1408329.8070525
1163647988247322624 767678.4958375
1162729039888433153 861844.362865
1161732473249783815 1142031.8537475
1161605386924900354 505711.9991575
1161284341198217216 614980.2116175
1161238469135470592 774493.3209275
1160212690041745408 1407896.66139
1159831816188022785 1547080.80094
1159146620186955776 806574.97633
1158434613250920449 950783.605565
1156978147398705158 1559844.159795
1155911372888260608 554484.200755
1155855503949553666 741949.643485
1155629006823337986 1588951.548315
1154787966256058368 1032532.6302675
1153762593967955969 458874.5148525
1153090277911027718 632421.5436275
1152548711517622272 621390.7674225
1152336845700648960 1089361.3411875
1151892739832893440 1482628.72636
1151813363812446208 482148.8751175
1151624426502287360 498926.050445
1150605518291001345 888439.5065425
1149722840847015942 2265034.1747225
1149446129945366528 550528.1370375
1148674683883151360 1206599.4338375
1146559254104616960 1078417.194115
1146468903838715904 619138.4099775
1145696067285114881 861064.7006725
1145366855693082625 640853.4458575
1144995630848208898 712293.6037925
1144655202622083072 1261002.5290475
1144213033679491072 706114.0590075
1144032597145636865 274729.855535
1143490271528833024 1048299.1323825
1143139460718239749 966809.9950775
1142292377748627456 1168944.6375775
1141743009404522498 1210266.73378
1141389493238263808 603920.559035
1141045038698442752 657457.36292
1140675225031335936 535310.286095
1139912424784637953 677959.590945
1139571584342138881 546341.0623
1139204917757956096 429074.0932725
1138846928635084800 603689.548015
1138520780042465280 17177488.5487825
1137416347057414144 1585053.2373525
1137372711154528259 1878870.378415
1137033099722842112 299245.9000325
1136273150524760065 639842.772645
1135880629084495878 1295683.058425
1135400926892703745 408571.8652475
1134503018030743552 277270.976755
1134502239815360513 403518.499185
1134132864004558848 470540.5713625
1133786736109150209 565543.8533375
1133451373356474369 484805.5018475
1133409228280872962 403171.982655
1132286949295775745 797565.54655
1131977661419593728 440278.1277425
1131930463688306689 8418128.1979325
1131530219360325634 312269.146285
1131296426993115232 681222.6216025
1130876635274723329 407532.3156575
1130608918957309952 535165.9042075
1130530501943545856 939002.043545
1130272680056373248 950610.3473
1130085946442100737 549488.5874475
1129397977963876352 617925.6021225
1129104553029251072 331269.80268
1128770048175136768 1021213.0902875
1128726963990827008 562627.33921
1128452039619555328 520872.097345
1127968902728826880 550701.3953025
1127697236660326400 1263457.021135
1127587355018371072 2086751.4200375
1127264908758929408 554310.94249
1126682286542311424 1495969.612765
1126525681788014592 384835.4829425
1126132075277348872 582552.039685
1125879230074621958 347267.315815
1125468987901370368 419689.270585
1124761460964458497 632017.2743425
1124310352848674816 618676.3879375
1124070620722094087 278397.1554775
1124070618553618432 485469.65853
1124070613344292871 459711.9298
1123977200708018176 463263.7242325
1123726002654515202 303028.705485
1123625634943635457 340943.3891425
1123263708258377730 687142.27899
1123036364130406400 958955.6203975
1122533432247095298 694448.0024975
1121772973235605504 1026526.3437475
1121411728237981696 928231.1547375
1121019454857474050 846539.88279
1120689966076403712 848330.218195
1120332875725803520 1238132.4380675
1119676070981038080 366874.3761375
1119627018646298625 555985.772385
1119344923910840321 992278.9600325
1119244969741410304 170543.885515
1119244968806076417 163122.6564975
1119244968013340673 324021.8319275
1118881118831435777 1244802.88127
1118669724131500033 1068310.46199
1118512708201189376 455351.5967975
1118196606975787008 957511.8015225
1118156708742860801 633836.486125
1117839639782408193 308948.3628725
1117839639195205636 256046.8392925
1117839638612234240 94772.270955
1117839638050160640 78226.1066475
1117839637236465666 712351.3565475
1117529962007945219 563638.0124225
1117466510019186690 891327.1442925
1116826581815767040 516800.5281175
1116700881817305088 305627.57946
1115948541828972544 617954.4785
1115664645887389696 315272.289545
1115664645245661185 323242.169735
1115664644742320128 103002.0385425
1115664644230733824 73057.235075
1115664642070564864 1611590.628275
1114937129455554562 830628.9987875
1114137361552748544 546312.1859225
1113916056408477696 1786696.981435
1113818765664444417 567305.312365
1113447815714418690 411834.895905
1113159049019822080 751218.9606625
1112413736944451584 930339.130295
1111626456021397504 761556.7038075
1111364562920431616 624336.1579275
1111364562354229248 1052312.948855
1111364561733480448 202741.0464275
1111364561033027585 1515807.6841075
1110608032528924672 500716.38585
1110608031283240960 746425.4819975
1110013437793443841 1292622.16241
1109837383590182912 3608854.15444
1109091698808807425 1009460.404645
1108731499262533636 266009.18953
1108372488768159745 760921.4235025
1107733413862232066 1631457.575995
1107430413394423808 2390328.776695
1106936120842092546 512786.711645
1106525459498573824 836086.634135
1106193271380951040 693437.329285
1105903994495479808 455178.3385325
1105461928791425025 1891806.995535
1104796275432742917 496962.456775
1104086883519352832 516800.5281175
1104043306785206272 559970.71248
1103733555618856961 461415.6360725
1103346333828567045 754048.8456575
1103005488860549121 588558.326205
1102665448632606725 1414105.0825525
1102626156640169987 1412719.0164325
1101875664850964482 522373.668975
1101499585493716993 1209227.18419
1101209791672795136 1048270.256005
1100814068192108544 741083.35216
1100093050330669056 937125.0790075
1100063576398618624 760950.29988
1099349062795517953 831062.14445
1099083381239734273 990199.8608525
1098933680939192320 487057.8592925
1098692088105975808 433896.448315
1098615103912476672 515154.5746
1098250973477199873 679114.646045
1097948300420870144 519226.1438275
1097526407020847105 688961.4907725
1097164590335442945 2302371.33083
1096756082083577863 871633.4548375
1096423584887562240 2209331.642525
1095699931560636416 876167.046105
1095699929618698240 2244936.2159825
1095537251331788800 970361.78951
1095375446080917510 372822.9099025
1095305592619626496 921676.217045
1095037538081882113 910876.45186
1094940099467505665 845471.4568225
1094817491346325504 985117.6184125
1094359981149712384 489252.4639825
1093960563565228032 996870.304055
