1520757460918747136 149074.2845775
1520725821635407872 48335.5269455
1520169024587538432 9454.9517555
1520160374024200193 129400.884623
1520160157841379329 234502.479075
1520098970005311488 106649.973794
1520047135957389312 32205.8625845
1520027631479050245 217579.3772335
1520025466920476672 28510.2831605
1520022899519897601 113305.43859
1520021194212315136 71251.113478
1520020071455854592 161581.0834615
1520012577417355266 3749.0455615
1520012244708380673 7983.5636515
1519787575749357570 21797.074936
1519759230861025281 11756.1343135
1519678599837716481 6696.0990605
1519674323207925760 120510.5352795
1519673927798333442 22402.3116125
1519672380284706816 33215.3032605
1519666616245567488 67198.3802555
1519661617847406593 45433.385002
1519661395251507202 117045.9295695
1519461101208956928 44212.2184215
1519433025745940480 19998.4740705
1519431739495444480 32404.756616
1519429857351938048 58034.284288
1519429734584573952 469295.813938
1519429382065967104 674723.4074405
1519424512504176641 22770.1586385
1519421376456650752 462080.024021
1519314850312302592 22658.9490725
1519314512570200065 68342.555598
1519311980397535232 19938.5919965
1519301019284697092 74290.1287335
1519299663580606466 266541.5273105
1519294849668849665 16888.8835135
1519285908796760065 35400.9989615
1519285702357356548 27158.6592045
1519285510115667969 41611.6254935
1519285316217188353 60645.5704435
1519096654066069509 44297.7642415
1519033213053771776 146075.9035865
1519032901886742528 33202.4713875
1519029860970151936 201141.7479205
1518957018891145216 210737.850279
1518924939709005830 965698.9595885
1518728907020713984 19791.025457
1518717659214495744 43050.933915
1518717350756950017 28704.899901
1518717138235805697 91677.3166485
1518713955300036608 267935.9241765
1518708770863554561 167932.8605965
1518656700101926919 36517.3719125
1518654547924852744 2859.3690335
1518654381075402752 6818.001854
1509285316171112451 6704.401908
1509284108836474883 8601.910791
1509282537369227266 13797.239616
1509279278852149251 1975.196043
1509277068722384897 986.626932
1509276869627195392 15345.156279
1509276481767231499 7007.381832
1509275991809703937 9167.08488
1509255985122189316 4043.616678
1509254846439899141 10349.871891
1509254478863781888 1977.138222
1509207494681411585 21764.057874
1509183324023148544 35650.637724
1509180604058935304 241076.852733
1509179104448368651 30325.182906
1509158184023437312 17625.274425
1509148457713512452 227555.402535
1508956926553505797 92218.543278
1508909731989139469 8667.944877
1508909406733406214 11521.005828
1508849456338329603 106081.81698
1508845354145488902 246887.852301
1508794908324372480 4424.283762
1508785873529233409 314199.892083
1508608329475661829 22443.820524
1508591905914949633 21583.435227
1508591095403495426 42438.553329
1508508676495134727 58702.360275
1508508451386888213 5121.526023
1508508246851657732 157209.679155
1508438484519985162 25601.803578
1508432147836813316 79841.036511
1508426965757403136 128632.457349
1508409708918497290 321290.787612
1508406559747063808 284166.036027
1508179984145432587 10009.990566
1508178762898325505 30915.605322
1508105704233746434 120916.180182
1507347029252583428 14008.937127
1507345555730669571 184011.749355
1507142129897906187 65723.33736
1507140051259514882 16842.576288
1507139924327378946 6112.037313
1507139018676482048 94108.283445
1507095256214523911 20557.74243
1507094799421165571 108854.071584
