1485714267269738498 133882031.810883
1470506710901084162 123549530.301687
1463277431700262915 86850725.846472
1462908811107307533 27123336.277935
1462908809542787072 38945676.491451
1462908807034679303 64458576.68451
1461732893852590087 40067801.668476
1461138558962610178 71184683.138361
1461094648819167245 46282318.484721
1460387539060146177 61337283.236409
1460266792023207945 76626933.745161
1459899686945447936 123575837.526381
1459698548522508289 47292886.56459
1459698546098282497 30969841.260384
1459640685397745664 110168554.827177
1459331432803880962 136952518.866276
1459320569246228481 91288194.154779
1459305182790041600 56539198.023276
1459041713209630728 93619954.452141
1459023801480474632 182844703.92087
1458876078525759491 141750378.072324
1458791263193477120 113066236.865379
1456604921898360843 154130322.965952
1454961583508033542 97400691.372855
1448329324365484032 41533141.204782
1443619878062235650 92644101.060528
1440046696394682375 46239015.527235
1438854975485059077 129481267.05318
1434358271004094466 31014952.27455
1432029787107774465 49854722.074482
1431302774277480454 26055045.988557
1429827296060391432 40695332.940687
1423645701075046401 34935225.969543
1423645698868891648 79275194.364357
1423318726749802496 74591287.930566
1423283014604185607 98004537.102558
1422692337499660290 74036847.349644
1421897870559612929 182755702.330797
1418919887251156999 40348547.669463
1418919884994584576 81499962.90768
1411038296071827462 34652762.31471
1410813373307105281 39288167.62806
1408413919094489093 38651279.66253
1406676486459772928 84349008.22119
1405946647092371464 208206134.165562
1402779122540199944 46646732.308575
1401650471060787203 55484829.770334
1400423352699924483 22790147.638647
1400423350229417988 49516841.482407
1400228426951413769 32928644.666079
1399755907928571909 75535771.538781
1398248516410130433 61735824.130098
1392577233546530816 56665761.990876
1392258056080302090 65451109.398996
1392198404911030273 125271885.095055
1384251457793261569 32880143.545638
1383881320640630790 73412615.780874
1383138600364224519 35479451.030223
1383095782866350082 55294079.790594
1383095705326252042 61922596.385142
1382009274751201294 35155356.870333
1381716206865031168 36805796.209254
1381706629486362624 20435199.014364
1380375175661772800 115392663.395535
1380178408529887236 80471449.865262
1379783234242940930 81721675.858065
1378377402582204418 29585276.656257
1378377401596579841 23248716.014112
1378377399667154948 94993987.126107
1378014758583025666 60806030.982408
1375299060119244801 52679855.838399
1374709342881087490 23522365.39263
1374709342008655876 26328288.554322
1374709338665799680 81358256.465385
1372201639168335874 98880721.369686
1371311667892645888 108725002.373865
1366401657685245955 163955890.583493
1365437047578783747 54887312.239011
1365086295857508354 39841071.360804
1362815522463748096 52049386.474083
1362563255697301505 37910428.4379
1360987111176892418 157250124.767292
1360631252571873285 24041277.65979
1360093736932429828 90879573.345099
1359854050544615425 181366888.793472
1357196791062687745 42751500.1986
1354658220585922565 34731683.988792
1352389498542428163 36144183.068625
1347544605928075265 24882521.231577
1347544603730333697 35695468.602066
1346562058653937680 38649788.015769
1344667704372957190 114983906.981604
1342918732486594560 63916521.291846
1341154037572509697 53158267.635927
1340311964472520706 28497007.340565
1340061126013403137 29937034.083351
1339594259251380227 19214579.949696
1339229320934547456 16322005.671615
1339014864791089152 26018387.63937
1338922045195886594 20989368.386784
1338854535217950720 25680823.457214
1338718606885064705 32525222.019354
1338527612356923393 26826498.572496
1338493091418935297 19608781.507353
1338107617273634816 48330801.501744
1337877056181456899 23476485.954375
1337500493040529408 36912335.949123
1337467398820163587 22745217.430149
1337264763924049922 24992857.890474
1337264119536291840 38496012.795135
1337263259469164545 83207717.643357
1337245958787244033 23831136.272157
1337022746824499203 17976558.339483
1337022745914306561 14488907.406597
1337022745025110017 8803201.967835
1337022742646972418 90364774.406886
1337021907464499204 15701571.021873
1337021906583769091 21183327.667131
1337021905728118786 18242116.664358
1337021903417044992 122670543.546705
1337020338916499463 22249764.698412
1337020337926647812 23498047.030284
1337020337091964928 21925534.934271
1337020336190185472 23433589.809642
1337020334122397697 170365587.118344
1336764704488902656 16036649.126094
1336363561795395593 28797144.749445
1334962815979941890 29656740.096534
1334509984688840715 29358410.744334
1334144808693223425 64558517.017497
1332411708208508930 36683797.584771
1331602461010894850 26539876.387299
1331510937812168704 23298663.579897
1331389046065684483 51386552.895195
1331224929233227777 71487939.445014
1330575546208686080 90714859.381551
1328471874318311425 88466360.094303
1327247562655608833 42055759.988136
1323346718189080576 53111122.557996
1318297296254226435 14872351.027008
1317480984862879749 31506653.288676
1313938080290803715 74011263.347622
1311031952544235527 28033150.399311
1307895164174823424 40840881.503427
1307031585624076288 23665021.064682
1306044431850770432 34061392.176099
1305204230060494849 35895032.858121
1298833883350413313 25757530.261863
1297748490647490560 26724704.981412
1296662967359070209 32510757.565914
1295710489318760449 26564285.152479
1294685438528159749 70129320.454245
1294685437362155522 152684013.226203
1293327291850907648 40129275.595596
1290347477418336259 51333848.042973
1288689416639254529 23640386.292417
1288687288046714880 29228140.26054
1288624417187270658 56486493.171054
1287963786842968065 27728673.654399
1286516175627792385 29582880.981156
1286515957033127936 45346739.555655
1286513561553047557 113293147.978719
1286504215012048898 32819799.653943
1286273095200845824 20642628.316977
1286273092726267905 63508668.906255
1286272156607840264 87435993.793788
1286270136006184960 201436317.941472
1281655579929346052 26434828.294191
1274026559062638592 12851260.068687
1273828192663605250 13705838.058489
1273828191627550720 13771741.724475
1273828190251814913 19861231.421298
1272580877231456257 35711289.098016
1271534730828283905 20974225.912089
1271534729691631617 16030592.136216
1271534728777252868 11615001.313737
1271534727846137856 13082194.10814
1271534726457823233 9613663.374645
1271534725321101319 10067937.615495
1271534724662558720 9847625.909037
1271534723697909762 11727643.244901
1271534713396748288 9204906.960714
1271534712423698434 72629862.842685
1270432966058160135 15203089.795197
1270432964976009219 14223891.498726
1270432961591205888 47624122.548366
1266392274549776387 431101960.432035
1264740730771300359 26856738.320469
1262472716608835591 15385522.714209
1262069307237941248 34329255.773241
1261312219477934081 19397419.681461
1261054225867472897 70186274.239665
1259664254430560257 14824166.316486
1259664250391465984 30802189.204731
1258740237179801600 29925643.326267
1258508331280240640 47226666.488685
1258448468907081728 72651604.724262
1254880164447760385 96317981.831454
1253123395010658306 45245623.985826
1251193743912456192 38446472.042103
1248676845958107139 22906450.884588
1243527098154848258 13925064.930939
1241062380332814336 17537019.760575
1239670332958674944 38581262.667597
1237360590110294016 22970546.493894
1236339640656973825 15692937.551226
1235917883726852098 13007566.568673
1234937694121287684 23429250.47361
1233213342002618368 5341993.863894
1233213339607719936 10975220.457519
1233182854231863301 5066536.428696
1233182852092694533 13256355.167841
1233165419407642624 5323687.290009
1233165416643616768 10340004.944418
1233034912883597312 7490914.429491
1233034818033569793 5986385.264646
1233034629461860353 20243680.610535
1233000748373417984 23811970.871349
1232978414350536705 12218259.425019
1232652348209664001 28731421.889127
1232413954460258314 32054584.86555
1229637685599522816 17927786.01054
1229422992482086912 22956353.248956
1228091115602993152 15483971.400435
1225828992286154753 22300028.674116
1225543939530395650 27551936.113929
1225465576891568130 6652880.158311
1225465575482068992 6852715.622868
1225465572588171264 24063381.152703
1223231083044593672 25261987.127292
1222714493110837249 12694591.957365
1221876454213943296 18758497.652166
1221545674988310533 99178372.700631
1220007771669778433 52293926.140053
1217573039719768065 37639174.734483
1209520234241105920 12701598.177
1209113259737047040 12305000.944242
1207326203713118209 15801420.952026
1206789620551344128 43759898.610453
1206638031584866307 16299721.373034
1206257431472410626 20970157.784559
1205897714657042434 19131861.356586
1205892248065527809 26653557.951054
1205882643746820096 49155862.966245
1205353772836409350 72619556.919609
1204897750476840960 31600988.645955
1204883158027644929 16209544.546119
1204876929779810306 13409045.554467
1204456959203778560 15109568.063424
1204409610360250369 16182920.911506
1204049430476984320 6504212.697798
1204049427830333443 15764581.797171
1203041891761176576 19126843.999299
1203018045800812546 11681221.389642
1203016661999243266 7258488.743277
1203015872832557062 9955657.295667
1203014687723528195 9303988.466778
1202817140920930304 21330955.495053
1202577960907235333 32831913.633699
1202286055044636674 42555100.041735
1202245998241886209 15243093.049242
1201190384543485952 57461804.145663
1201188834844635136 39543013.217106
1201185542882373632 18878417.011467
1199196728123113472 23513505.914898
1198872090494955520 38597173.566381
1198865849227964416 73711080.737325
1198015842623139840 15200694.120096
1195123215657508867 210438993.762528
1194967650599866368 21473068.750101
1194589142841282560 30152102.425437
1194285514544877568 30426610.630878
1193891411860639745 30951489.485082
1193586009457528833 37439248.867092
1193009311645085697 29368626.264576
1192427495330648065 20428735.211733
1192278652823703552 21516642.916089
1192260651370131458 12078722.65074
1192235653389533192 15905655.419628
1192201172142215168 23260287.576864
1191961478045294592 19534289.572137
1191877457592438784 8238319.859586
1191484267311841286 9714959.750142
1190068285653602304 7180968.313122
1190067401200734209 12302514.866307
1190067015362457603 4417353.677742
1190066805332688896 5509736.322381
1189611984997748739 8269192.427397
1189309730025549824 9716406.195486
1189252505026387968 23540671.966515
1188933423957794817 13852697.462322
1187813584891469824 7493671.715928
1187525727886987264 11993427.576861
1187453924111986688 22783231.821846
1187453920068734978 57752178.048471
1187121314630426625 9762104.828073
1182693894556966912 16110598.644306
1181689469998682112 15783340.385226
1181672379799539712 15689863.85487
1181246335552540672 14141760.524037
1175406627920449548 17230328.14623
1174388907250769920 17711316.424527
1174331829597261824 21732298.876596
1174299694304043010 13795020.45423
1173967112735547397 21996365.55471
1173629719310491648 16481340.66654
1171188777584418818 9588395.782542
1171186922884096001 17038176.922563
1168583212630708224 11211804.674097
1168223576320815105 20030872.339299
1167830330616819712 31474695.886857
1167470957818187776 6795626.233197
1167179903260930048 9635631.263307
1167178511251058689 5605970.139174
1167177367187574784 5771859.339564
1167175550932267008 4564529.491494
1167174723123470337 5360571.646281
1167173440215887873 5070378.549141
1167118633480400901 8191988.407161
1166815720803622912 10127603.485935
1166813887267840001 6356584.869876
1166811211066937346 5726748.325398
1166808813690920961 4881346.223247
1166807029303975942 4763189.719209
1166804898035437568 5119557.690837
1166767597985161221 6545481.591519
1166752681039409152 6875723.144121
1166485344965074944 13343955.513987
1166480521532252165 8855726.014389
1166479816494915585 12184900.779273
1166461955323899904 9202872.896949
1166454924361773056 5834192.093607
1166453013650792448 5882241.199878
1166451400131469312 6047587.983264
1166449835010154496 4402889.224302
1166448755098497024 4888036.032963
1166444409921134593 11844353.303595
1166084970231861248 8173184.617689
1166082105811619840 8610417.92433
1166079607688302593 5275954.593657
1166077650219216896 5569266.58857
1166075573153783815 5151876.703992
1166073605807120384 5004384.480321
1166040528443662338 12846287.912817
1165731487918018560 7791594.255375
1165712242068865025 6732886.666401
1165709990826598402 10082808.881688
1165708688092516358 6213612.787905
1165706699111419904 7505695.29285
1165704176711667712 6773748.747369
1165701966082793473 7305859.828293
1165397943437996032 10913565.724731
1165364970214891526 8778883.605489
1165361714608640000 7718187.154167
1165359745580064769 9108989.55384
1165358301086961664 6930326.455857
1165356943877316609 9013298.154051
1165355565444489218 9044306.326113
1165354492470206465 7120940.831346
1165342616541630464 15582239.280993
1165083784481579008 16009844.685813
1164995436169629697 18182315.189667
1164988205676060679 17758054.689705
1164895535964270592 12328550.882499
1164750451209900032 77336324.783559
1164741819856576512 20729053.426281
1164655881499369475 25819049.3904
1164564294341681157 14982280.873152
1163969541019447298 14680742.220345
1163900392624840711 9320532.1854
1163805418336006146 13248490.121283
1163494258416005120 18765006.656214
1163118375607963648 26448840.733461
1162788369593708549 16623499.123005
1162787978890108930 22853248.816779
1162447632096272391 33273576.679206
1162433477935075328 31552803.935433
1162220028592181256 27599126.393277
1162064925067567111 19607515.867677
1161293291608035328 22546195.591098
1160748766447710209 17051556.541995
1160664364543827969 23207989.537395
1160342039134949377 28069040.324409
1159658701118029824 24443389.465422
1159602795097362432 27867442.004589
1159525974637084672 25892863.304361
1159481139804999681 13409452.36722
1159466408893386752 31241411.37372
1159452041355415552 20863166.03052
1159229511587827715 21238609.000122
1158457914870456326 27395177.599773
1157562333297664000 28665066.208971
1154499139088113674 36586433.732553
1153786331845103621 17962681.504464
1153778107150557184 31390802.056905
1153321330223149058 14371654.930899
1151964046423465984 39343222.953966
1151887396021112834 7781197.929465
1151528260993474565 23342780.162889
1151203871332716544 14618319.063468
1150078711355650053 38026686.482424
1148984795302694914 12725012.511006
1144631824980828160 34933056.301527
1143906143800111105 6208505.027784
1141040592534802432 22246103.383635
1140746118432776197 26003245.164675
1140640776390664192 19726983.212808
1140611098225369089 5285040.078474
1140611097076125696 7685054.515506
1140602666890014720 81432974.407686
1140599648182243328 9457447.277493
1140594511325908992 24194736.470505
1140579059769978880 9219100.205652
1140273222274945025 28870009.433649
1140025869706104840 16171936.967175
1139939719113060352 22166187.278379
1139749718362398720 18129384.33036
1139585079418785792 7063037.816169
1139562838891139079 22835439.458481
1139384677813219330 26496799.436898
1139365833011015680 16560623.951958
1139282660860334107 47162164.066626
1138895438101323777 23368544.970579
1135601687274541057 13343865.111153
1135217534825881600 18921222.753366
1134673128301453312 28359911.442804
1134524686388404225 8617198.13688
1133936366977540096 33789822.062763
1132625617596375040 49363292.268858
1131897953684197376 10520403.799665
1131801512458489858 10042082.404971
1131308071328763904 12264952.48878
1127222384300367875 9957239.345262
1126578686638030854 28862460.79701
1126528136605310976 13942422.275067
1123788207886426115 27139518.385221
1123712843956801537 15842509.040079
1123694904000110593 8702674.016427
1123672570585395200 8790138.758322
1123459212007346178 7963676.049894
1123421348406206465 16972228.05516
1123405248243097602 4361123.114994
1123402112984125441 4022157.688911
1123396039220834307 4061754.130203
1123391730819182592 5646877.421559
1123378889810763777 29200160.583417
1123276356173860865 7545879.352563
1122640462094000128 10805353.532433
1122639285100978177 10197530.078034
1122638154484396034 10191970.303743
1122607543971246080 19642049.750265
1122310982712397824 12986141.097015
1122306245313138688 32195884.495092
1122202643584122881 17138930.881056
1121935013484867585 28377223.585515
1121916103373074432 26494177.754712
1121903669706989569 28785934.798029
1121859634061430784 40647781.050003
1121783620329459712 40727742.356676
1121628001353908225 37315351.783095
1121606769661313025 15391037.287083
1121585987434500098 27933662.080494
1121546208336416768 40281875.579388
1121528489176252416 29710620.185598
1121485124636274688 26523694.280013
1121052946257600513 28190993.747475
1120813348717768705 47818759.849968
1120319047353217025 26093919.207177
1119978101419671552 27407201.176695
1119642906871177216 28350328.7424
1119272091516325894 24837952.634415
1118961657013833728 26587292.673732
1118553998473269248 30677749.70373
1118241210676711425 29440134.90627
1117972365021986821 37484269.478424
1117767375225597952 36769137.860067
1117495812936871936 38850346.702998
1117091141596385280 50335936.359864
1079649830300016640 27541901.399355
1079072920759078914 45637339.465548
1075098307955998721 46675344.805536
1073205888801009664 49526740.59273
1011033150259105793 14663927.293221
999804848991227904 9381599.299767
999022383871807489 12506237.652726
983857638940307457 10960846.406913
979585838374948866 18915482.173407
979343067026214917 18360996.391068
973010858526806016 21723846.211617
972979103358947328 16092020.861919
970649231466823681 23589399.094041
969342733088444417 35619259.013004
960640367942144000 16088766.359895
951680840706048000 18746654.880912
951441082432282625 28054123.856799
941039587849146368 10724985.413007
938591306842034177 10154136.717714
937739344827371520 15462184.317441
936749706629271555 8148640.248258
931256622277648384 18096839.31012
930647090933493760 9159434.335212
930553587423502336 5828813.124984
930553398906249216 5489124.476229
930553093338615809 4654525.512741
930552369057878017 5638198.749495
930551866232135681 4766715.429735
930551377830522880 5493373.409427
930550844117970947 4785654.823458
929515475612196864 12986547.909768
929463968485306373 19987478.978979
929449365630017536 5755406.023776
929443465062158336 5625587.554152
929442865687748608 4870452.68175
929442339491336193 4560732.572466
929442028005490688 4957239.40239
929441570276954113 4779914.243499
929433416520683520 5017673.696919
929432942434242561 4843151.025882
929432139933810688 5006599.349754
929431413253951489 4679431.493508
929431039344246784 4568914.028943
929425348680470529 6427144.281813
929424351119671296 5403015.776844
929423847509692416 4937124.771825
929422816079941632 6773974.754454
929422372884578304 6651795.324303
928840621556674560 27752540.002575
928707446759190530 22007937.117462
928688847701135361 8283340.470918
928448941615656961 18451941.642072
928426425522294784 11117604.921069
928338488570863616 6519626.380995
928276956315045894 15606874.053258
928104179926749185 15142926.70917
927988470059905025 10836000.093159
927894296983932928 10094832.45861
926418754069843968 11561392.433175
926304551069736960 22141326.499029
926063770853625856 34654299.162888
923762079382884353 23432188.565715
914863569031827456 53588675.528601
913774451862450182 14632964.322576
911330863769628672 10448985.560805
905810889693159425 28528286.721129
905810715570835456 17022356.426613
904314458079727620 25819456.203153
901998494214434818 32399471.67726
901050847043497984 35932956.846984
900923703424413696 40967083.859691
900399489126629377 105589606.08366
900357555289034752 41780076.545853
900010249163112450 36911477.1222
899647503859032065 60107443.082673
