1520650036865949696 145457484.2888655
1520021098934554624 124604517.1880235
1520017094007476224 202761849.1214205
1519783048228843521 64463400.043254
1519781958578016256 101167194.1846185
1519735033950470144 297107555.154144
1519495982723084290 427357582.848168
1519495072802390016 448167682.550967
1519480761749016577 913975479.1341465
1519469891455234048 245059703.904258
1519415674111672325 277931359.358724
1519377424437243904 84721975.17207
1519367926708588545 73970526.189105
1519363666377908225 80608996.6132965
1519179787163652099 109860918.1927605
1519047548509466624 93285793.8890775
1519046094461702145 66649277.868411
1519036983137509376 158926294.9377135
1519020176884305920 307626019.3794015
1518677066325053441 508244004.3204975
1518623997054918657 607108266.6213615
1518614732839735304 136177007.1532125
1518234561150427141 63363631.1049915
1518194746052726786 84603977.491503
1517716718382166016 101832178.066839
1517707521343082496 253865988.5330475
1517650251926192128 36493186.704648
1517649402449510401 57279516.1206915
1517236891606790144 55529591.6454435
1517234911035412481 71701924.1712885
1517234027970899982 49230151.1145795
1517215736606957573 75361155.365871
1517215066550116354 152622540.7064175
1517214299923652609 45580446.008451
1516977323576381441 31461659.5601355
1516620752040116231 57603987.275061
1516483038242385928 87627836.5599555
1516167738909249539 33988634.260077
1516057871108165637 29297395.171518
1515799688296943636 99497881.9861935
1515728751912534016 40400545.5428295
1515405264740134918 68129326.460382
1515059837448691715 62974679.1160395
1514726980909948928 43596098.8753515
1514720245113577473 211851400.078578
1514698036760530945 43901203.3121565
1514681422212128770 30438009.460746
1514564966564651008 180383584.508451
1512944276983975936 27675488.7434655
1512886651940491270 127317699.956613
1512886157876600833 39911030.4125565
1512786909315096579 18328463.791773
1512786361983676424 20712007.9523505
1512785529712123906 41815843.693941
1512771744720994304 12739211.1289065
1512382427876007940 32294877.759204
1512244590874710023 11256870.883581
1511982702819520512 197668042.926921
1511982141965586434 53628373.114419
1511951232117604354 12880754.4243315
1511950918366814211 11608752.0094455
1511950430539902976 20668196.932338
1511940411685801984 14699653.172112
1511939175934742531 27492381.147003
1511143607385874434 83906371.2497655
1511011921495011328 159991329.6006225
1510711332366131209 35842851.4301445
1510546313276014594 29720227.682613
1510510978286428163 55112420.8661655
1510502229219938306 11874359.12667
1510493628979888130 2513763.9923685
1510482294309535745 3142665.5678505
1510481875160158208 11195894.9305995
1510480256905404418 8062935.188721
1510479915711352838 23368932.877806
1510449836633604100 15231900.8972895
1510435828841000960 24360679.5677505
1510435042694250499 43079847.789276
1510427915657351179 22066420.0192395
1509690744746905638 47586002.1686745
1508983155205804038 15910679.6340165
1508565936449622018 10540841.5462485
1508540042817376256 22702061.7516465
1508375633054760962 17370507.7552125
1508367467269136387 61716920.899455
1508356357967122434 28981955.827428
1508111817079341056 46194294.5668005
1507777913042571267 64656887.481381
1507777261654605828 52138394.0245785
1507596559831101446 28024134.594006
1507272763597373461 27581486.0215515
1507259709224632344 47313430.2226275
1507164164208402435 9908569.892304
1507162047171153925 31885345.824441
1507144087689912320 9878733.464316
1507143572226772993 18409839.9530475
1507091587041484805 14681993.9609685
1507041396242407424 15291438.950127
1506262079963111440 45695747.626248
1505977175488483339 34420768.1877285
1505100708256825347 133622487.6786375
1505058886130311169 8786468.56743
1505058536857997314 13055639.0293455
1505022792554663944 12962759.666919
1505022319915421696 27896206.4155695
1504351035560763395 22773821.955708
1504349978487324672 51418365.5274705
1504311459924398083 45838234.5436425
1503831484523819011 57921493.600608
1503828461235982339 41850667.8380535
1503533028127264772 20404611.862191
1503338552016482308 21819865.078923
1503327421839417344 82746255.4398345
1503322032477552641 18140413.4135655
1503305538356011009 15273240.5264295
1503287788652871680 219531134.878923
1503276966874595330 137125706.707596
1503186160524439557 6464169.966111
1503184467397128194 11717403.3390765
1503123611988766730 32757701.868054
1502963281249673221 20336940.686664
1501558771293765636 28053027.4000245
1501449525831081987 121670706.616089
1500740461115461632 68952030.0146475
1500621510188285956 28960611.9971655
1500615542758985728 31419915.52158
1500613952031444995 58539835.5969075
1500475796623749120 15857836.8037245
1500472879724392448 34027727.170242
1500330068228280321 42551329.617597
1500316700922757123 60745439.614665
1499976967105433600 104339426.57418
1499972826828259328 25247279.809665
1499918115018313728 51806778.3038685
1499917894767063043 93687417.3730485
1499909806504779779 35643612.3914415
1499907549746937860 95171195.518518
1499472139333746691 63919020.0356115
1496252264171941888 39806108.636424
1496066844284928003 9834338.29737
1496064747254525956 25735132.3678965
1495917323911409670 8208387.7751625
1495901654872383499 37763886.0225285
1495229925799825408 14061629.9175915
1495229521443770370 17580755.716893
1495228461350227968 62463999.893022
1494821520815779843 32502744.198771
1494401652299898882 13927186.2541275
1494400631712501764 47767986.4056495
1493412698696171521 10721792.292495
1493411717019230209 13746999.3923325
1493358044989767683 21939480.397152
1493310083014475778 13911144.680646
1492227328386154509 120493066.398153
1491817170258563080 48726032.310969
1491639263686844418 14348985.274494
1491636510642167809 40247004.768078
1491634769934753799 6802211.3030895
1491631000232759305 11430901.7353845
1491525871517286404 6296205.25554
1490832993258450944 27228661.2737175
1490827367753056257 64637161.2887805
1490749693697081354 46913424.3763185
1490742889344864267 9965681.4886485
1490137716377411588 8918890.1838165
1490137536806727683 28649845.8285435
1490120045028122624 7078063.45884
1490119570752950272 5712327.928317
1490057614436282383 60868514.8801155
1489351220628230147 6909379.798197
1489340604215615492 13242386.3105475
1488916075781799942 3526989.315714
1488823885931941893 25348606.8354375
1488749873210052611 3931578.468732
1488746173498212353 9143112.7375215
1488269452588326913 36193159.8527265
1488039236494311424 36304776.8514045
1487921357476155393 47072896.489164
1487879449798270977 18263353.8758775
1487861173626101760 46239498.5525775
1487842692704862214 57337571.3390055
1487703756112154628 65875238.247144
1487571050636484609 19295002.294818
1487385441292754946 37248848.1646995
1487316787385581570 38892952.176225
1487295769749168128 21349087.5849015
1487119404382961664 9189979.29534
1486850549928579075 38641319.651025
1486846468887560201 117086006.9413245
1486827458632503297 48311377.856943
1486806256027422730 20070659.553747
1486772334635536395 85334655.4365525
1486753860555358216 27905283.1602285
1486143850368360448 37502862.212013
1485955529813987330 92900256.9129675
1485953263040188416 80003415.980775
1485927658294845442 81417545.8380195
1485926395633152006 46162121.5510785
1484456594775678976 24807551.971878
1484453889671942144 39586738.995705
1484012192915677184 16323761.38476
1484009139756056583 56865266.076081
1484002196538671106 11894849.203722
1483728729545363457 15179237.8045155
1483717933700366336 36542884.128375
1483633282482847744 69547725.083679
1483632730298621954 19008231.084849
1483631831748685835 45398102.29644
1483526984223367173 5154377.7380655
1483526459021012998 4447515.014151
1483486559336910850 10221133.436106
1483485798548840450 6918231.8709585
1483484932961972227 37206385.176072
1482858399889084416 11186773.251561
1482858149900136448 44367352.5650895
1482853293814599686 58750083.558588
1482598301694238723 41725166.11611
1482495353542754308 36332411.494797
1482424984962101249 24962845.18743
1482248590151983110 36009243.437433
1481873421390680065 67235851.258404
1481116331680440324 13830397.6006845
1480326831031173124 23930882.227833
1480093419334782981 51194906.858217
1479595757388845059 4909934.7135855
1479595300360757248 4795621.6521375
1479590995595517958 14383270.2060525
1479236333516165121 45294573.486072
1478982460981481472 50749023.0104385
1478419298032836610 71069607.5829645
1478125263233990657 8933448.9227745
1477775713172402176 83120918.2961055
1477706142461706248 55007454.1556535
1477700424933253123 11163137.767944
1476439722046238725 53542638.318333
1476437555717541893 72500632.766901
1475939200218370049 15770394.5012175
1475313375597019140 9326804.4809175
1475312943420121088 23692640.147724
1475081021423038468 74053385.184903
1474860884359094275 56900809.1702655
1474836752619741188 84271957.3613775
1474493189688070148 6804862.43148
1474406965938114560 18445113.440955
1474144811951214592 6173264.793228
1473824879820615680 8507381.1363555
1473814525774336006 22777102.1654115
1473794952719224836 5550114.818322
1473778335390048265 15455539.304061
1473328171726651397 15158837.5962225
1473165434518224896 34238649.147615
1473079467404836870 13044630.106368
1472754632325795843 110931659.521866
1472745072277995526 7417992.0397575
1472739649890271239 16613363.4606375
1472649843713757189 9148639.6662
1472649556965969925 17530878.555648
1472647410568642564 64605212.944956
1472371245744373760 20672600.501529
1472119590222184450 18902904.899301
1472109555739996166 14502256.4429685
1472065241420898306 10824781.890309
1472054278613254147 8389203.7182705
1472052839316963329 38103994.340964
1471563333841137664 8139638.1745275
1471546572836122625 39499746.036993
1471338213549744130 67050407.0742075
1471216386332667908 6410742.9888855
1470703708677840896 75923329.3877955
1470519361295335425 17323596.2630145
1470519292651352070 61304288.4925065
1470157804304572420 95976464.5335375
1470012460509937679 41112800.392284
1470007920846852104 9233970.0528705
1470007410521780226 17202318.372744
1469875780901609472 12177576.319536
1469762144786919427 21047443.095318
1469364444782280707 37501828.7212845
1469358667023667202 38091277.9115655
1469356039694864384 24920966.345736
1469153995428085762 76098438.664707
1469137649269153799 70105899.945828
1468689628161052674 38594183.4869295
1468685877970935809 17356712.900706
1468685044239814666 9270456.7690245
1468684576407101440 13937970.5052075
1468631917138522115 103449456.253803
1467965723876208640 6688886.7979905
1467731226609999872 19963356.255501
1467149074705096713 18701868.485418
1467148751248801800 66701940.961185
1466942645545099272 50975672.0206365
1466797158737268743 26549837.602611
1466515315802705922 22178171.821056
1466328271390486531 68933337.3127755
1466074646240014340 43869614.443368
1465956882548506625 12549677.9161755
1465955035133657090 29159536.495212
1465943719807438850 6260931.7676325
1465842137392680963 13619206.0170345
1465838829370228737 17548807.3730685
1465817742632792065 35857634.841
1465487982312501252 32618360.3572245
1465476843063156744 15058004.8486245
1465474116622946307 16483503.1038825
1465468742570229767 25792333.833
1463959830142586890 55076203.7562885
1463828765151272962 36860660.060199
1463389553155260423 15468884.8147725
1462653836800180231 10117469.8225995
1462652210739884035 44512895.02029
1462650961105670148 21786613.638093
1462642282746765321 28709788.2907965
1461809183205036035 65719540.6221765
1461802264058859521 16888406.797557
1461751344415617025 45034987.5757005
1461372314424164367 14223618.355689
1461245049585426435 43142396.44554
1461131168431190016 3948743.401701
1461130602627936256 6352687.7705715
1460810034913361921 50204238.5933805
1460062031084761090 66906077.8472535
1459563497403170824 33899978.7293235
1459480404600176646 74516299.162512
1458095048076283911 9594433.6452195
1457984721892352002 35722067.8180485
1457076751360724995 10116121.7912145
1457067904583798784 7790947.3896075
1457067398712942592 19834484.455095
1457066048944066565 15367378.051482
1457064697782489088 41303591.767641
1455980193647108097 8808576.282144
1455800444505178112 65993190.9933315
1455327010302087173 42010139.950899
1455186850155479048 14215889.642415
1454876031232380928 43688618.762742
1453973981195685890 19986542.395323
1453955363263291394 28625895.80427
1453954994546229253 113016165.386871
1452726479649914889 46341993.872217
1452576223620747266 3836542.2560895
1452547774386515969 6694728.2673255
1452546064591040513 3383423.9732115
1452457749275623425 7244185.8598515
1452456674070044678 23379043.1131935
1452442007784263682 10909797.736323
1452373897366618112 16307450.2050015
1452345284483235841 4137827.270637
1451923868050939907 11122696.826394
1451907229796417542 3254327.500908
1451612930047369219 38021854.295238
1451015695106560000 131624345.6910315
1450435645655195649 68336294.212359
1450212973314658305 124429318.042353
1449863421973913603 32775675.619854
1449862940610514954 81665763.3503775
1449566521357836290 7187298.9354045
1448850617661861916 4255375.607409
1448558569922703363 57457591.06665
1447733010074271748 19321828.1193795
1447472059152408578 4423250.449221
1446752265012908032 4276674.503292
1446751520909930496 13890879.2754915
1446402790205579264 6616452.5782365
1446402077014515718 5689276.5916335
1446401165965529088 13177680.8040675
1446125877494833162 8022359.4440325
1446104772092772352 16239329.6856795
1444840184500129797 71679546.8502975
1444644149395959808 3597131.8821135
1444424110961041408 8729626.5773625
1444362694165938180 10985377.362642
1444362460459323392 4211070.309222
1444361244996259843 8884560.3178785
1444360445888974850 32545521.728055
1443891369035042820 9782079.6140115
1442716005936078855 3135476.0671305
1442706542839701510 3679901.0091525
1441560961593262081 11264285.0561985
1441202383732699141 44264857.24545
1441201947785121794 73193970.242586
1440159176685088774 13946373.234174
1439366880310046721 20304408.195906
1439090465698041861 17602818.4972275
1438928760846290948 8475882.136326
1438747500010168322 7340884.6445355
1438591328082923521 17122290.2428545
1438019248589258755 18546260.7292095
1437267254564073473 2811993.46911
1437220114613555202 21649833.386895
1437214098274537474 4161372.885495
1437204825800851460 17435752.4742465
1437179881260032016 54615895.9726905
1437112222698909697 36830913.50097
1436283089215442968 12485242.0159725
1436265776550490112 6433569.6536715
1436088215186911243 4810045.587957
1436086743720251394 21050273.9612265
1433713164546293767 89187643.675539
1433227637351088128 5629109.457483
1433226358398734337 10135129.033743
1432818021836357634 80961372.0173355
1432497810004402177 96489300.606771
1432494177674203143 22581682.548966
1432491362105143298 69012601.5582135
1432280874616250371 5524771.828284
1432270085415124995 12646331.76648
1431867661164687360 7105832.905371
1431762773185376262 19267861.9296
1431717794001850373 36597749.0057445
1430654259255783424 24276921.8843625
1429924523822829571 7190309.538831
1429923342044176385 9342261.9074655
1429907171639103489 15046276.975575
1429906835872485391 4084669.8996885
1429898852673343524 7530732.397923
1428936432907821058 32926745.003733
1428809514946416642 75205322.937765
1428556821061541893 19322726.8069695
1428521477624631297 6743392.200324
1426558939336937481 35633457.2216745
1426176396657897481 6244485.7847355
1426176083854905350 12079754.1753645
1423830326665650179 56493209.413821
1423701991587344388 10315765.239333
1423685209640226817 31128156.5954865
1423659261452709893 38734109.1446925
1423391960836960259 7516218.5933445
1423353739394514949 31463546.8040745
1423104512479334402 23331996.817857
1423041387587641348 8455571.796792
1423041198764265473 31819427.0897145
1422780001183834117 32915556.3432375
1422608233995382791 14465185.579881
1422607954101084161 28695948.5019105
1422222995305676802 34631824.96824
1422006989576622089 32815262.8081935
1421622513918955524 15143874.447849
1421570729255002116 20279829.0903195
1421398959927578628 7565152.13262
1421395561324896257 42061320.2091495
1421152540394143746 38917081.9380165
1420970469516263426 31996019.2011495
1420819718701780995 20518475.579844
1420594788567601152 30532865.9358705
1420251936444588036 32656015.3672455
1419825607622500352 15040076.031204
1419543615999823875 26430716.5625565
1419543347467784195 33240521.7757815
1419151233739378689 49461832.7752815
1419146036413714437 32743502.604132
1419145985180282882 56366404.594872
1419145934693441537 45559461.6532245
1418893195220561923 88025146.3434945
1418882021519241216 6753098.026296
1417274819461095432 21734534.6922525
1416663763151949824 48377880.738603
1416453816069857283 5474130.7825875
1416444660055224329 16477347.093891
1416435673494695938 37265114.4100785
1415454980127952897 8677862.1721785
1415423461267107842 21769942.9832985
1414782972474048516 50818356.758007
1414776079789797376 23654176.318872
1414774147998179329 50439919.413858
1413736546373718016 23749032.7939965
1413697255291465730 6775340.5441485
1413616454692450304 23950878.0267105
1413601488987992064 5125125.457011
1413598670331711493 24640351.1457585
1413283591660974084 5026809.034665
1413280234313506816 11878403.220825
1413274839960391683 33140138.3719785
1413273908535599104 11878403.220825
1413013632464662528 19752928.5563025
1413012804437696513 20428516.952085
1412845920505372672 6324603.783384
1412845593106403337 10811436.3795975
1412818236203102214 34409669.395992
1412534204491960321 54593338.9141815
1411945961815826432 77936209.8518775
1411748343257079810 13106954.0907345
1411746457464438793 37326719.444373
1411435425789448193 15840177.592581
1410951450604175366 36156987.677229
1410948739145994244 27141533.511867
1410886804019068936 37302095.404407
1410670645948653568 19282106.1279015
1410537991236243461 23784216.413145
1410529698497630212 67316193.92895
1410519466518233089 23890261.548765
1410519086417813510 19365010.058079
1410330088906838018 21380541.6505515
1409608806875615242 60007617.103275
1409152382345244684 50672454.8277705
1408560379463077891 9593310.285732
1408558492009566214 27571735.2612
1408380216653844480 58175462.713542
1408375014261395462 33963471.007557
1408246534093918210 9389802.4809765
1408246196603346947 18937908.7809315
1407868620680699908 23791360.9794855
1407050578149183488 19244001.7740855
1406708267141648384 48962252.3440005
1405597886826512386 14517039.853824
1405293441106460672 24161350.6602885
1404711878501318658 21763562.3014095
1404707141102059520 24045464.895558
1404353618518499329 8279923.3073265
1404353357469212673 11692689.4303515
1404351360644964355 39290711.303559
1404303796075859974 63254260.8252885
1404288216400764940 13766231.3067585
1404287845028667397 14196747.596748
1403960366703337476 29010039.8146155
1403240595582111744 9764779.877904
1403212326199644166 8706889.7813355
1403211775760224257 15711710.2015905
1401642134583791624 17841195.380475
1401641625500229632 11778514.0951965
1401641347040284679 23141115.573741
1401496033264377860 48279384.578739
1401493801131298816 43013659.4482725
1401457989618446342 12714766.8264585
1401287393228038149 87716986.3688835
1401251430015582209 37387920.069252
1401096409428934659 59644232.7762585
1400654905149476865 54815853.9614655
1400645833150840835 32628919.936407
1400620080090730501 46618430.174901
1399985389725753346 64717279.287429
1399088815705399305 21917148.0105405
1398504702988390400 22929609.4494345
1398141080000942082 15057555.5048295
1398123830871150600 42377163.962655
1397625923256549376 20921267.357682
1397625459437826049 49832721.1436745
1396926365996261382 22055680.702539
1396916392629137409 38394405.2356725
1396914548167233537 60364980.2234385
1396230120692543489 74606841.9372045
1396033766490087426 49484075.293134
1395328697436033032 69438938.9509095
1395286896842985479 33466766.376564
1395041849438519296 29479154.7365955
1395027147161489412 92640805.8057345
1394649803599093762 14878806.5431785
1394620356674134019 26943103.291995
1394584856386961411 45312861.7785285
1392985728271884288 68242201.621686
1392974251011895300 110560726.2190935
1392950720979030019 69704096.724339
1392947696470659072 44664234.010446
1392780304138473473 19173499.73265
1392602041025843203 120643641.5038575
1392030108274159619 99566991.0618645
1392012701522669577 14570646.5685675
1391899092666572800 31657079.176581
1391523807148527620 111136560.292386
1391382766764298245 24045464.895558
1391130755787599881 33730665.9873675
1390955387654914052 15402381.9331125
1390839584225955847 41921080.01073
1390774840135766019 138385666.708776
1390772894951673858 36837024.576582
1390522866979033092 43539706.229079
1390387635961610242 110897060.049651
1390387429375369216 38898883.514319
1390073153347592192 56212010.06691
1390069456177704965 17722793.2904925
1388693126206918658 86895540.977244
1388613426868625416 13701256.1940015
1388612603480510469 14378686.8993435
1388611645560262660 31278192.488637
1388608259255377920 24494269.478004
1387901003664699392 25890964.7960025
1387326627160408067 10184197.376157
1387290679794089986 89078003.789559
1386836238771105793 27006685.4389875
1386158212970340354 34618030.1137335
1386155357739921412 51195760.6114275
1385882094296092672 38353245.3440505
1385880018417557506 61716831.030696
1385879790381641728 77251949.1208515
1385530714662133763 14289042.812241
1385507154531074048 13171794.400353
1385337043618836480 68862700.4682015
1385108424761872387 27582160.037244
1385099771220688906 4269889.4119875
1385048499415183360 8465682.0321795
1385042598692147204 19985823.445251
1383548841438236674 27843093.9790005
1383295895043600384 34642699.088079
1383280704042127363 38449180.244283
1383233200885882885 96428504.3913075
1383182615411232770 10931231.4353445
1383177151541743621 29739639.334557
1383103246470811652 43135027.207302
1382879908645392384 25603339.832823
1382858937792307202 52394160.5126925
1382552587099062272 61462637.2458645
1382540937700671488 13342140.6330375
1382539825421582339 54830232.9629055
1382452890468421632 19873667.234019
1381273076709478403 13446927.6060315
1381221447322935303 40248217.9963245
1381006333864861696 27180222.0126165
1380788962558496768 7145824.503126
1380788934905503744 12446957.9246385
1380785053542666242 10341198.09813
1380784868729122818 27950846.6210415
1380781539647053826 89669340.223779
1380772975733923841 43526675.259024
1380647716959645700 52730179.8025935
1380481743531089924 5350471.3702035
1380480918243090433 8964858.054045
1380423408542904326 56740842.7792455
1380372826071330817 33981265.021839
1380336699847233537 12664125.780762
1380334998524321792 8319914.9050815
1380316949087854595 12801939.5226885
1380315654524301315 29943731.286246
1380313600187719682 22761734.6076225
1380093374833729537 26895023.50593
1379887294933467139 31846747.1924505
1379516358040244225 19565866.734444
1379026401341419520 45346023.3505995
1379018148570091522 33284961.877107
1378661987324993542 9855771.9963915
1378594549086482432 21162789.6474945
1378513398044971009 69042123.445545
1378203527219183619 45900738.265527
1377567762919292938 91171496.530464
1377567369191583752 12789582.568326
1377340744340361216 18176226.114027
1376908285677297671 11039478.35556
1376904492478791689 12330757.6192515
1376903913564160002 54853104.562071
1376901399867441156 30906045.957618
1376558233624666120 11210858.078973
1376235871989551105 50425180.937382
1376129545112260610 71041343.858259
1375652425814704128 92918095.861629
1375033483148451842 119760141.7341285
1375031060753346564 29674978.7624565
1374991664280834054 41458974.851952
1374619672973221892 21329990.473614
1374619379929772034 30108146.1808365
1374617643446063105 157458513.431346
1374167754404630528 73870457.3259585
1373203066556588034 59738999.382624
1372739631846936581 52056253.9788525
1372688191803768840 34385719.3717185
1372444955050971142 39365849.934588
1372437344851214339 12450184.5506925
1371994922291765255 9390873.368808
1371969967176957956 9253775.672448
1371549960030842893 40643249.749626
1371103308425928708 82348687.81419
1371101369797591046 6504966.86043
1371098915559383040 22932857.742693
1371093416008941571 5671859.231154
1370950463017861123 14554235.6500035
1370946514974031872 36409122.9010845
1370917400263192583 13917169.755726
1370885153262817283 34378682.105604
1370883943143251968 11099891.803491
1370882536101056523 25960923.4030815
1370880599641231360 15955820.4713955
1370635836044238854 31205787.0764445
1370522745709158407 3390178.9362975
1370449655855788044 13339924.68768
1370449101402353669 34390837.5699615
1368915472142401540 58506322.3596855
1368867769211514881 16786058.6140035
1368693859203436548 56559455.3634105
1368332350602420225 4199015.49084
1368329387733512193 8911788.6571965
1368058884837928970 59994270.758988
1368017749851598850 19485926.7367395
1367967590597816320 37789903.9441335
1367785830111047680 11192592.16446
1367784992961531905 26512901.0468565
1367272378766614529 25854154.586643
1367213114228318209 12350948.1367575
1367205667321171968 26325268.5019545
1367082108863320070 11203591.863354
1367074939317157888 32511602.780292
1366860749503557636 12081296.0979285
1366848696298561536 30076883.1964755
1366820931184717824 20708607.035178
1366808202701012995 28320279.1078815
1366514542939828224 17549740.6075065
1366477626429169666 40735750.8406875
1366463640451256323 42006973.288593
1366463008398970880 27278256.9075825
1365241433381339136 21027120.055326
1365237858165026818 34780729.070976
1365061022084698118 35962559.038377
1364906065985499144 18479175.310068
1364895495764721667 53405849.661297
1364826301027115008 54122185.124778
1364806085610147844 24552961.9446495
1364748430883631111 27354816.406044
1364563280522453005 24649049.894046
1364560733472579591 86996020.7429235
1364180853866131456 28769712.457257
1363627518830338051 11006115.3850215
1363609428281360386 24617246.416809
1363601164344823810 48787610.1390585
1363272961684201472 25231994.0814465
1363233627601989633 14306583.0089625
1363230177002622976 39412239.969054
1362871307516452865 67467968.3477385
1362863263982247940 39848641.066479
1361962505573031938 20114224.755087
1361255427669909504 17996224.762251
1361252063926251521 116910658.3807125
1361094185412100096 51479308.195587
1360700181658886147 12491752.253397
1360697159767711749 27902131.1339835
1360592735409946625 40239409.3550865
1359956852520325120 60376669.7114805
1359791422711492608 39283392.0468645
1359612035374473217 17636303.4553245
1359589782402326528 45833832.300186
1359545545900048386 23755443.920853
1359519541219500033 82841283.02553
1359401265017610247 26698580.746665
1358930781314322433 17241430.2066225
1358658587644596224 65073700.5551445
1358584801003884544 45208682.746377
1358568715403468801 35464224.853701
1358542364948668418 123149440.498704
1358539071824424961 38806818.1360875
1358319935978496001 119890421.015523
1358177870703517698 18216776.695872
1358177385678467072 19966087.5058515
1358176884312272898 54845774.012892
1357991946082418690 63451244.9682795
1357970517165182979 11537647.936287
1357943711997415424 23468056.8602565
1357914696645414913 51379035.578133
1357902434580918274 52165832.880906
