1509290332856463371 737.102664
1509289461405949955 229.059792
1509284359290998786 199.693152
1509281897943384070 1259.828856
1509279311206961157 995.529096
1509277930354098181 1806.04836
1509275539764391936 3676.703328
1509274792821678090 446.372928
1509274312179699716 249.61644
1509274311185649673 390.576312
1509269256629796866 860.442552
1509267205690699776 2816.260776
1509266776546238467 1444.838688
1509264224048058379 499.23288
1509261283195080710 408.196296
1509259211359797248 255.489768
1509255675246960649 264.29976
1509255088220655617 328.906368
1509254163884126215 707.736024
1509251994246025216 278.98308
1509251666612310019 419.942952
1509249143646081037 836.94924
1509244870912884745 531.536184
1509244100301758465 1855.971648
1509239046568038413 637.256088
1509236570808848390 146.8332
1509234034529947652 370.019664
1509229093371404288 977.909112
1509228501227945988 596.142792
1509223954740883463 208.503144
1509222205019852812 220.2498
1509221477375258626 349.463016
1509220472659091461 1873.591632
1509219797279690752 4049.659656
1509218958485778435 895.68252
1509218924973510659 505.106208
1509214051435483154 578.522808
1509213969034190856 502.169544
1509210024589074444 3617.970048
1509208852889280520 2728.160856
1509207478747152387 5855.708016
1509206682143973387 149.769864
1509206369471287311 496.296216
1509203842847719432 270.173088
1509201627625971712 1544.685264
1509198877605433348 560.902824
1509193759711547402 290.729736
1509191270924750848 7629.453072
1509188739356147714 190.88316
1509183768233496580 440.4996
1509179926880083972 472.802904
1509178666139410441 1368.485424
1509178661810974729 187.946496
1509176411419992068 458.119584
1509176182587199495 196.756488
1509173633113071618 651.939408
1509169646385217542 11282.663088
1509168705523138564 481.612896
1509166941071712261 1347.928776
1509166055926771717 4123.076256
1509165074203787270 71205.292008
1509164772427718668 12143.10564
1509163589655011335 1858.908312
1509163570646429702 813.455928
1509162457100599303 2258.294616
1509161081360556039 278.98308
1509159588398092297 17596.490688
1509155104338939908 1427.218704
1509153558314328072 361.209672
1509145976799477764 434.626272
1509138458840813568 463.992912
1509130897798451209 1104.185664
1509123342267305985 1262.76552
1509115779496689664 16301.421864
1509108230756216835 3488.756832
1509100644933812229 455.18292
1509093104674091013 1600.48188
1509085544034279425 695.989368
1509078889741668354 1853.034984
1509078029385056260 599.079456
1509076415156785154 1709.138448
1509073697876885505 816.392592
1509071391945015296 9000.87516
1509070451783389188 828.139248
1509063966365999107 302.476392
1509062923787948040 234.93312
1509055375395500033 237.869784
1509047838176653316 1876.528296
1509040249250398210 948.542472
1509032720063774724 1559.368584
1509025144995561472 1650.405168
1509017601992704003 745.912656
1509010066392993794 1233.39888
1509002524501680128 998.46576
1508994983130537992 402.322968
1508987443562831881 9676.30788
1508979871694872579 510.979536
1508972351874084867 10994.870016
1508964791771086856 5415.208416
1508957272831111170 825.202584
1508954490921230340 33099.139944
1508949671389155332 270.173088
1508942188960493572 651.939408
1508941123686969350 16084.108728
1508937069132931079 992.592432
1508937067102982145 643.129416
1508934569617145863 878.062536
1508933479446335494 2134.954728
1508932035443896336 399.386304
1508931326078070797 5009.948784
1508929891227611147 625.509432
1508927052300357633 4093.709616
1508926983069073408 728.292672
1508921965247180803 264.29976
1508919506495758336 267.236424
1508919482374397953 499.23288
1508916936280784897 3303.747
1508911977313325057 13764.144168
1508906878767710216 361.209672
1508904374860455949 1844.224992
1508901856076091394 687.179376
1508899135050686472 3385.973592
1508896868847308806 1480.078656
1508891771761315848 1136.488968
1508891429636091908 1286.258832
1508889290209693699 1045.452384
1508889013842812930 933.859152
1508888053191954435 28929.077064
1508886739519221762 613.762776
1508884194281369605 1735.568424
1508881817654419463 693.052704
1508876670840803332 214.376472
1508876670836617220 637.256088
1508874185153650690 1151.172288
1508871651265495044 2998.333944
1508866692155420682 854.569224
1508866126091997196 426212.72964
1508861572139073547 831.075912
1508859771067195394 795.835944
1508859090121990152 1083.629016
1508856527586799619 1497.69864
1508853148043169802 308.34972
1508852518868111367 1083.629016
1508851551825244173 3976.243056
1508849469642711047 472.802904
1508846486179700738 375.892992
1508844023754153985 516.852864
1508841435080323075 789.962616
1508838405207166977 784.089288
1508836423801188368 384.702984
1508831370092625923 590.269464
1508828910053695492 223.186464
1508826341109547013 187.946496
1508826142052163593 1080.692352
1508826036275974159 105.719904
1508825222333538311 355.336344
1508822538310225923 707.736024
1508821310880858116 528.59952
1508816266550726657 246.679776
1508813809741447183 402.322968
1508812152919965706 878.062536
1508811901211447312 226.123128
1508811245775994895 449.309592
1508807850105184267 2725.224192
1508807346172174346 4243.47948
1508806788505817101 53086.075128
1508804739810709514 9083.101752
1508803676600782867 1418.408712
1508802688238116874 989.655768
1508798376879480855 619.636104
1508792284749471750 516.852864
1508791177478348800 4948.27884
1508784804153733121 1571.11524
1508780525422620673 569.712816
1508776069247250444 2519.657712
1508768484565700614 3535.743456
1508765432450330626 880.9992
1508765186857086983 596.142792
1508760936168968202 916.239168
1508753380080033792 2361.077856
1508745863983685638 1086.56568
1508737740455780358 1506.508632
1508734237272383489 660.7494
1508730735129251840 1873.591632
1508723180856393732 1283.322168
1508719626192101381 1782.555048
1508716392845127687 5315.36184
1508715613493026817 205.56648
1508714060933648392 889.809192
1508711535945920512 4093.709616
1508708869253566466 1359.675432
1508708800236339203 287.793072
1508706481834766338 179.136504
1508704518120386562 4490.159256
1508701591272099840 202.629816
1508700506344067073 408.196296
1508691940140892160 372.956328
1508689169316462592 311.286384
1508685398599512071 760.595976
1508678097331183624 414.069624
1508677893622272003 493.359552
1508673815487954947 2575.454328
1508670333536067588 129.213216
1508655233760702467 904.492512
1508647902805114884 1024.895736
1508640160271024139 1474.205328
1508625048483029000 425.81628
1508617718601326599 5476.87836
1508609946547535872 8090.50932
1508600089010491392 443.436264
1508595056915230725 1406.662056
1508594867567534099 1905.894936
1508593759625355267 3609.160056
1508590024408940554 361.209672
1508588890130718720 1239.272208
1508588613528961029 20618.317944
1508587281149476871 393.512976
1508585005320126471 299.539728
1508581990995476486 4804.382304
1508580644984606723 1530.001944
1508579768219930624 2366.951184
1508578788761874433 205.56648
1508575544354476035 4757.39568
1508572415554736143 4898.355552
1508564669748891654 751.785984
1508564038967508996 1380.23208
1508560901510676483 919.175832
1508557313191432192 2290.59792
1508556908537552903 1421.345376
1508554549887393796 367.083
1508549543012573194 2531.404368
1508544472111538178 240.806448
1508542011707727874 701.862696
1508539432353386502 1433.092032
1508538428476076044 572.64948
1508536730152058889 299.539728
1508534545070575632 1409.59872
1508532220855832590 28156.734432
1508531134526898181 27404.948448
1508526895851356163 1412.535384
1508519380170199043 1136.488968
1508516324640759822 5820.468048
1508514285122736135 816.392592
1508511775175720965 3641.46336
1508507080663216129 654.876072
1508505306241904641 4487.222592
1508504744226140173 20997.1476
1508504241220030472 1891.211616
1508499189168234498 651.939408
1508497949235503114 4469.602608
1508497152275890179 2648.870928
1508494159652573189 1019.022408
1508493659871666181 314.223048
1508489212407988224 4948.27884
1508484091389386759 469.86624
1508481627026255872 1074.819024
1508479840147718153 1820.73168
1508479047529078793 402.322968
1508478991392514053 234.93312
1508474068944760838 16665.5682
1508472494482767876 3500.503488
1508471571593183234 4463.72928
1508463929541992452 813.455928
1508460410441240582 916.239168
1508458978346520583 604.952784
1508457209855889414 4413.805992
1508453869482922002 634.319424
1508451403655745537 387.639648
1508449223993344007 2560.771008
1508448849123237891 390.576312
1508447581646561283 325.969704
1508445051008995334 1330.308792
1508444702579822606 15408.676008
1508444493233672208 2317.027896
1508444127788208139 46181.978064
1508443862376796163 972.035784
1508438779044012033 3021.827256
1508437140329406465 27936.484632
1508436278144118784 431.689608
1508433756645998595 596.142792
1508432719604326402 1515.318624
1508431736266530819 563.839488
1508418802781929478 55981.625832
1508353984121262083 1468.332
1508349131139526659 599.079456
1508343931578290179 428.752944
1508341468100022279 1556.43192
1508339282905284612 499.23288
1508300392748224521 831.075912
1508292826496487424 1703.26512
1508291330602115088 5955.554592
1508287076566974473 2731.09752
1508286594142412805 44963.262504
1508285256302055433 631.38276
1508283216972681223 22932.409176
1508277733490671622 463.992912
1508276100073467906 62932.70952
1508270165837983745 1007.275752
1508262833292820488 1245.145536
1508262624131268608 372.956328
1508255092960550917 822.26592
1508252175247581185 951.479136
1508247764962103297 737.102664
1508247513047969795 240.806448
1508239971550957572 193.819824
1508239269982359554 3955.686408
1508235998026768393 622.572768
1508235426049449992 684.242712
1508230087036084230 599.079456
1508229901433856000 619.636104
1508229614908448773 869.252544
1508226481331265542 2155.511376
1508223236173139969 552.092832
1508219754204573696 1324.435464
1508214821677903882 701.862696
1508212297025691658 1615.1652
1508209831487975426 534.472848
1508209824105959432 657.812736
1508208585330860035 628.446096
1508205859511353346 1838.351664
1508203165036027909 1007.275752
1508203027068555265 29771.899632
1508194683142512647 1048.389048
1508188090241884163 687.179376
1508187166882607112 2587.200984
1508186440169046025 760.595976
1508179575813062656 660.7494
1508172056394964992 1759.061736
1508164501211910152 1430.155368
1508162371403108356 1665.088488
1508156944456073227 425.81628
1508151888730013698 860.442552
1508149369010335752 848.695896
1508146847889690629 264.29976
1508146847482851333 258.426432
1508141886929784838 631.38276
1508141873210314762 3074.687208
1508134311882641411 525.662856
1508126738408263686 760.595976
1508121683445624835 9858.381048
1508119203940761604 842.822568
1508117639155097608 8187.419232
1508116668647682055 657.812736
1508111704189722624 375.892992
1508111643972182018 472.802904
1508111541970870285 208.503144
1508104108787515392 1298.005488
1508104080849313794 440.4996
1508096588559929353 734.166
1508096558973206534 364.146336
1508089409358503936 361.209672
1508089001051406343 889.809192
1508081454588342280 510.979536
1508080662179422219 1717.94844
1508073879763394564 346.526352
1508068939213033479 28747.003896
1508066369513918470 1911.768264
1508064283653021700 4029.103008
1508059371812663301 616.69944
1508058960875692037 3732.499944
1508058783456677896 328.906368
1508051251656806400 599.079456
1508043705344745473 334.779696
1508036167345844228 487.486224
1508028592495734786 889.809192
1508021039707607040 258.426432
1508013477826371588 325.969704
1508005949289766915 414.069624
1507998385973960710 2361.077856
1507991747669995525 9614.637936
1507990820221292549 334.779696
1507989066968702976 540.346176
1507986555826233348 443.436264
1507984214251249665 1245.145536
1507983305601388550 751.785984
1507981597844418560 681.306048
1507980305063366659 1861.844976
1507979038496804864 4325.706072
1507976936978583552 305.413056
1507975738154266629 772.342632
1507968179074707459 331.843032
1507960653063020546 481.612896
1507953097640927241 1682.708472
1507945560870998019 317.159712
1507937998763171841 1171.728936
1507930474643087363 784.089288
1507922886505476096 789.962616
1507915354818891783 1118.868984
1507907770414215168 839.885904
1507900263704707074 1039.579056
1507892677538369539 966.162456
1507891718103912448 9893.621016
1507885137924603909 919.175832
1507877605051097093 552.092832
1507870048056229894 226.123128
1507862488561422343 1579.925232
1507854975040372748 528.59952
1507849895562072071 214.376472
1507847580692238336 3098.18052
1507847400299405315 405.259632
1507839861386006537 449.309592
1507836406839877638 42091.205112
1507832296610615303 505.106208
1507824796171751428 440.4996
1507818069464338437 10757.000232
1507817960118890497 1104.185664
1507817228653277188 328.906368
1507810108813844482 1159.98228
1507809639244742656 875.125872
1507802428762120198 9382.64148
1507802092467101708 3852.903168
1507794597665292293 378.829656
1507789492278734857 434.626272
1507786992288948225 813.455928
1507779504474935310 6346.130904
1507773966282334215 2830.944096
1507771906518364163 1060.135704
1507769371338448904 276.046416
1507764368628453378 325.969704
1507756800665399301 299.539728
1507754280996020227 1450.712016
1507749298556997634 358.273008
1507744210757242883 596.142792
1507741721207185420 543.28284
1507739182940237828 390.576312
1507734202162294790 290.729736
1507726591954141184 1218.71556
1507722036747067394 1535.875272
1507719076675788806 892.745856
1507717385201106944 2939.600664
1507711506594648068 4910.102208
1507710053586984963 2281.787928
1507707885270315009 1300.942152
1507703983254683654 2314.091232
1507696399466569732 367.083
1507688887749156871 628.446096
1507681298894229504 287.793072
1507673793216536581 3021.827256
1507666208367251459 405.259632
1507658692086353924 684.242712
1507651100953956361 519.789528
1507643571125506054 1609.291872
1507636008115920899 1162.918944
1507629329655767046 2622.440952
1507628474235826177 2114.39808
1507626683385450497 778.21596
1507625609761075201 202.629816
1507624175283888130 1920.578256
1507622891856273412 657.812736
1507621797327421445 152.706528
1507620908726374401 264.29976
1507620379262652416 604.952784
1507619305973764099 748.84932
1507618047233822724 613.762776
1507614369173147654 208.503144
1507613374573600774 496.296216
1507605830958567429 836.94924
1507598304984637449 704.79936
1507590693950300162 825.202584
1507583134388428803 443.436264
1507575611296034817 1030.769064
1507568069752803330 775.279296
1507563580035588102 40041.41364
1507560515807199234 546.219504
1507552968874377229 754.722648
1507545429621178372 267.236424
1507537914342916097 587.3328
1507530386682916867 1920.578256
1507530308605853696 155.643192
1507522799040180233 2082.094776
1507515226408853509 848.695896
1507507713122738191 719.48268
1507507626183053312 208.503144
1507504599875395589 2754.590832
1507500144962551808 1060.135704
1507498547570257925 27772.031448
1507498035475095552 1074.819024
1507497567667564546 484.54956
1507492655789314051 675.43272
1507492633777688582 461.056248
1507487515703394305 522.726192
1507486090709684226 2205.434664
1507485029848555522 1283.322168
1507482476087848961 440.4996
1507477473239437315 340.653024
1507469910888583168 461.056248
1507462379881185285 258.426432
1507457314017619968 693.052704
1507455706651410437 895.68252
1507454857506132009 966.162456
1507452293473783810 707.736024
1507449691977494535 974.972448
1507447324938747908 1406.662056
1507446789523267584 7597.149768
1507442222832271375 193.819824
1507439755763593219 690.11604
1507439732774559752 402.322968
1507437182746779651 367.083
1507435766447632386 522.726192
1507432206406504451 701.862696
1507427106510225444 287.793072
1507424616599457800 863.379216
1507422081717260292 284.856408
1507417068253102088 922.112496
1507412022387957768 417.006288
1507409553054388224 719.48268
1507408378280169484 731.229336
1507406979320455176 675.43272
1507406712990539791 6096.514464
1507402041089536005 267.236424
1507396919114485763 390.576312
1507394443384602625 2610.694296
1507392771954548736 105.719904
1507391874499289122 593.206128
1507388929095487488 14874.20316
1507386894803476490 278.98308
1507386454565134356 20747.53116
1507381809012740096 328.906368
1507379334012674049 317.159712
1507379303830507534 237.869784
1507377600271982599 886.872528
1507377445074518020 4375.62936
1507377134167154691 1541.7486
1507376805833023501 481.612896
1507371882902917128 522.726192
1507369870626807819 710.672688
1507367535699759104 46783.994184
1507366726438117378 237.869784
1507364333709312006 7318.166688
1507364250850934784 164.453184
1507363384517279748 267.236424
1507361692967178246 302.476392
1507360429407981568 848.695896
1507359208349605892 396.44964
1507359061662130177 163252.088424
1507357433949306883 522.726192
1507356772373311503 543.28284
1507356759261909002 372.956328
1507356729507463171 105.719904
1507353093054345226 778.21596
1507349574704271365 1776.68172
1507349141529284617 883.935864
1507347875239497737 5098.048704
1507342402180329482 1688.5818
1507341632554872834 252.553104
1507334029808488486 713.609352
1507326530510376977 860.442552
1507318934382551048 1541.7486
1507311409159454720 801.709272
1507303841036918823 5374.09512
1507303838033793025 381.76632
1507296292665450507 693.052704
1507288741278363648 1403.725392
1507281185826914347 563.839488
1507273632015433754 96.909912
1507266933682491393 1221.652224
1507266092259024896 992.592432
1507261896524718082 716.546016
1507258537356972080 452.246256
1507256921732042776 1729.695096
1507254380042633218 11781.895968
1507252148723142659 249.61644
1507250973575634944 240.806448
1507243398914359298 452.246256
1507235905379127300 261.363096
1507228313978384394 372.956328
1507220775002157072 634.319424
1507213214219657217 452.246256
1507205685733384195 540.346176
1507198127933202433 449.309592
1507190607344717826 1027.8324
1507183038714851336 716.546016
1507175519330123777 549.156168
1507167929342828550 2038.044816
1507165400068509703 270.173088
1507160435602112513 317.159712
1507159030917173254 654.876072
1507155329745924105 179.136504
1507152867744002049 795.835944
1507150296694374405 91.036584
1507145356269821956 557.96616
1507140215089111042 2607.757632
1507137753615675393 819.329256
1507136788523102211 4217.049504
1507135494861340673 199.693152
1507135196545568778 502.169544
1507130288035573764 414.069624
1507122658504286215 223.186464
1507120104517029896 516.852864
1507119851902492689 8199.165888
1507116169664335876 1133.552304
1507115153762000898 185.009832
1507110029094174727 490.422888
1507109450464706573 3744.2466
1507107547265867789 179.136504
1507107307251015688 1309.752144
1507105000060862478 1159.98228
1507100049486098433 152.706528
1507099991982104581 7036.246944
1507097877868335116 707.736024
1507094922465357830 390.576312
1507092461046358017 293.6664
1507089880408596483 3670.83
1507087983773687817 819.329256
1507084953628004356 651.939408
1507080278795337741 17966.510352
1507079816398397441 231.996456
1507078106032525321 769.405968
1507077326957330447 167.389848
1507074814292418579 314.223048
1507074801088794624 434.626272
1507069848379088909 599.079456
1507069738345799689 143.896536
1507064735560343557 1024.895736
1507062267816390666 1333.245456
1507060821364465670 707.736024
1507059689351270401 640.192752
1507054724981399552 6440.104152
1507050017655119880 628.446096
1507049022921469953 560.902824
1507048087772147714 1286.258832
1507047165176254467 293.6664
1507044595464646657 179.136504
1507039661662875657 1365.54876
1507036994202963972 2223.054648
1507034520545107985 505.106208
1507032062632640527 566.776152
1507029494154080258 167.389848
1507025442452221954 299.539728
1507025232825098246 6628.050648
1507024508233916425 602.01612
1507019738290929668 772.342632
1507019442466615303 149.769864
1507016965021331459 681.306048
1507016963482030083 452.246256
1507011903909818378 787.025952
1507009470450180097 1450.712016
1507009467589619733 3142.23048
1507008862485835787 311.286384
1507008011054694407 1656.278496
1507004458315702275 792.89928
1507004374928699392 17634.66732
1507001892861267977 249.61644
1507000909955571716 2026.29816
1506998867354660868 693.052704
1506996497614835724 1553.495256
1506995063091613699 607.889448
1506994372172210185 5359.4118
1506990282901970948 4355.072712
1506987936369487882 596.142792
1506986751545466882 305.413056
1506981685598076932 1092.439008
1506979934052438026 2120.271408
1506979249428779013 1142.362296
1506971660104175627 745.912656
1506964083819651081 546.219504
1506956574518124553 769.405968
1506949031737581568 834.012576
1506941445747392517 408.196296
1506933910508343298 428.752944
1506926324039966722 528.59952
1506918802814083072 1879.46496
1506911225950740484 449.309592
1506904612514709507 1785.491712
1506903723578171396 12489.631992
1506901895109038082 5497.435008
1506899576036417539 199.693152
1506896925215309829 270.173088
1506896137160208388 2278.851264
1506894563218235393 452.246256
1506892000536281093 443.436264
1506889769686601729 349.463016
1506888584552456197 358.273008
1506881036596166657 411.13296
1506873486110826499 1662.151824
1506865937831669765 695.989368
1506858390319996928 531.536184
1506850811229442051 969.09912
1506843317119635460 196.756488
1506835750888738819 599.079456
1506828229046374405 484.54956
1506827023100096514 4857.242256
1506820625947664384 698.926032
1506813130273439755 246.679776
1506805537350037507 883.935864
1506798054329958401 284.856408
1506792944988307466 519.789528
1506790453831733254 516.852864
1506787898917638146 361.209672
1506786182520311810 334.779696
1506782954604875776 425.81628
1506777824388075523 684.242712
1506775384775397388 1415.472048
1506774966775136258 158.579856
1506773561742172169 1001.402424
1506772834114277381 804.645936
1506768126326841348 1189.34892
1506767830590570499 231.996456
1506767446480412679 687.179376
1506760288472911884 472.802904
1506760282877870086 569.712816
1506756590363414536 16970.981256
1506752782212427778 1700.328456
1506747657187909633 2038.044816
1506745178715004928 2948.410656
1506745015069990914 352.39968
1506742595514474507 1885.338288
1506741013968158720 387.639648
1506737661138120711 540.346176
1506736040815570946 270.173088
1506732540262027264 364.146336
1506730061587795970 320.096376
1506729135829364742 875.125872
1506728746539266049 1403.725392
1506727510347759625 681.306048
1506725419940298757 2804.51412
1506725235076259842 1295.068824
1506722534749835264 393.512976
1506720885625049096 1606.355208
1506717455447691264 264.29976
1506714973174702081 1051.325712
1506712424187142160 240.806448
1506707915775922193 1882.401624
1506707493250125832 443.436264
1506703575715618817 179.136504
1506702341155823616 2196.624672
1506699834966921221 854.569224
1506699424822616066 596.142792
1506697311233232901 458.119584
1506695640423837700 9412.00812
1506692286117289996 193.819824
1506687227740528646 1066.009032
1506684766644547585 690.11604
1506682210522435584 983.78244
1506679202782797833 466.929576
1506678145365204993 281.919744
1506678036523065353 7291.736712
1506677244365836291 452.246256
1506673498621624323 1039.579056
1506669666021916676 599.079456
1506665021748748293 857.505888
1506664078483337230 229.059792
1506662363449245704 795.835944
1506661104197459968 581.459472
1506659439067213831 2816.260776
1506657045302456324 1021.959072
1506654915334184962 255.489768
1506654574207246342 1503.571968
1506652013865615362 314.223048
1506651122014031875 478.676232
1506648159652569092 30024.452736
1506647048069787658 789.962616
1506645459443535879 2067.411456
1506641959112294400 1092.439008
1506640326030774273 452.246256
1506640225044475916 898.619184
1506639484355596297 320.096376
1506637804847120385 129.213216
1506637071582171142 3670.83
1506636286999867394 75636.717984
1506632767702016009 446.372928
1506632029374500865 469.86624
1506627289412423692 11828.882592
1506624366804713473 185.009832
1506622431867383808 240.806448
1506619414686355456 405.259632
1506616852864110599 1045.452384
1506609281386356737 798.772608
1506601771963142152 513.9162
1506594157741187072 983.78244
1506586614872608771 781.152624
1506579037396873216 939.73248
1506571513255927808 276.046416
1506563960400662531 311.286384
1506556430815485952 261.363096
1506548848117927941 296.603064
1506542074040041475 399.386304
1506541339403563009 196.756488
1506539662332116993 364.146336
1506537015738867712 772.342632
1506534629423079427 643.129416
1506533742206201857 2543.151024
1506531944787591174 1095.375672
1506527349092802566 422.879616
1506526171076440066 290.729736
1506518648130879490 690.11604
1506511123255812096 995.529096
1506503558702718979 1142.362296
1506496022767353858 334.779696
1506488444603797507 1016.085744
1506485903438618624 455.18292
1506480882835726339 393.512976
1506480861151080459 343.589688
1506475850442678275 698.926032
1506473348787847170 516.852864
1506470810277535748 372.956328
1506465892833665029 560.902824
1506458266393587718 252.553104
1506450743661940743 992.592432
1506443182145421316 693.052704
1506440916428636162 208.503144
1506440790071033856 822.26592
1506440615638278155 135.086544
1506435907016138757 255.489768
1506428074166034438 528.59952
1506424945101975561 308.34972
1506424933521502212 208.503144
1506421695481004033 1045.452384
1506417322382217223 337.71636
1506416358883569665 281.919744
1506414400974077959 173.263176
1506412967436464129 293.6664
1506411967455637509 1027.8324
1506411895124860940 358.273008
1506411775843094535 264.29976
1506411622612488206 182.073168
1506409544364089345 1471.268664
1506409426500128781 1720.885104
1506407776569987073 2408.06448
1506406205593432070 273.109752
1506405968866947080 358.273008
1506405525046632452 649.002744
1506405475939766273 516.852864
1506403007650484231 766.469304
1506401600608382983 505.106208
1506400360323239938 337.71636
1506400345030897664 117.46656
1506397873981775882 340.653024
1506395321542352898 537.409512
1506390352672006148 425.81628
1506385265077669893 646.06608
1506382777847066643 2026.29816
1506380234806988806 2428.621128
1506379008233062408 21290.814
1506378663968874496 7265.306736
1506375315794321417 836.94924
1506370152006393863 1594.608552
1506367660312907777 593.206128
1506365133894963204 372.956328
1506360146167017475 405.259632
1506355055494156297 311.286384
1506352593894875136 496.2932585
1506350027316371462 372.9541055
