1519865588482330624 57798709.677045
1518994867539505153 31671609.801982
1518984095224672257 31009789.281247
1516513206335774725 15048776.110449
1515937424840351748 46118523.751008
1509667568897998852 50391912.694284
1509562913496961025 35334361.271197
1509203001222869007 64715350.838659
1508474453247684609 87144880.4611
1506662230892314634 117850170.160037
1503773436568428544 26038687.658678
1496153435103801347 22893679.635105
1486988030208462850 18843590.385523
1486747810728857602 18621721.858697
1483819425715220481 49284133.045023
1465709188642865168 17864031.988949
1465709186923204635 15952689.805592
1465709185023111169 29369427.24566
1465704653752995842 32769766.73717
1465382727826358272 33630557.114843
1463295416393469958 29536704.288929
1461465708206850056 34572453.225417
1460460184787042304 27606700.442859
1460277682256572419 62203747.141034
1459711183624097802 38087022.430365
1459004492909744130 33234820.644698
1458659825135480835 34583959.05379
1457957361457369088 34662051.803811
1455252230664114177 38900377.158821
1454929592284815363 51629890.866247
1454131133856243719 36735511.297255
1454116861176688647 13968678.241398
1453881366815330307 36947888.928009
1453475519060643841 31716823.376325
1450167753726324737 53891266.335688
1448335483122061312 15390278.888754
1440523264288120839 32268594.697368
1440038113636544512 33634530.486016
1438701802463981570 58318957.664706
1437509364923785216 34910208.606265
1436545685000704001 40939733.452292
1435831835196628993 43308032.151687
1434652587882520576 58224105.197415
1434429819245060100 62285681.444227
1415349147536744450 30888045.941752
1415349145850695682 23136469.561804
1415349143770308612 48105397.648938
1371599610196631553 119128729.445165
1356424619960410112 140596646.750311
1345071240424275968 79205614.078871
1338891655097634817 39064283.427493
1338891654250426368 58062872.951049
1338236105657749504 75171022.859978
1334213571283091456 110669798.840708
1332066698858352641 92194545.612265
1327236227439857664 82369754.543732
1321174540223795201 107491986.966029
1320758350187905024 104658634.359106
1305885356068200454 45092508.924653
1305885354394673154 65533338.028293
1291431352013750272 57298309.714106
1286307118836940803 126791460.492439
1286307116169363456 104481791.095193
1286307114902679554 71752398.328615
1286307112608440320 213161062.796229
1275208251869519874 29213505.38162
1270794843652976640 24009198.884139
1270794842591817728 19049358.285084
1270794839806734336 32566672.859915
1266813330867404800 36895274.714467
1266813328430522369 72726024.915144
1266523512023310336 43825436.636755
1262413894816952322 65209272.888406
1242708707965689856 19576460.808797
1242708707034542082 13809310.278189
1242708704966795265 24194855.122976
1237457039862845440 11466169.985842
1233407408103358464 37544384.213677
1233044515788906496 29210944.346172
1232651995489718272 16424993.703175
1231957017067126784 56461227.74547
1223475761132249090 34267332.215388
1217562122307227649 23327869.299256
1216363331864485888 25287117.910405
1209062698484412418 55020362.838825
1208085367481614337 18575660.882919
1206686730285441027 27922310.399539
1206256127198892032 9594505.020786
1206078048912568320 19870961.054174
1205351799051444224 75557607.394625
1205160406219575296 32224077.875316
1205040255512064001 28752443.676408
1202948225470210049 45564643.341949
1202935795880996866 19153965.284449
1202815074752237569 21775467.532622
1201879815676157952 14463033.407434
1201504825223131139 26717154.909825
1197945730675007488 10272953.44079
1196875129046781952 10254668.400937
1196858078471307264 38456225.820023
1194604459625787392 22570819.68837
1194602281775304706 14927842.510103
1194601872067305472 18048859.657494
1194601076382720005 24393147.058766
1193206437452881932 15868156.804665
1192138849675292673 18564286.872547
1191717440138420224 15018156.671931
1191400063500771329 78115893.495747
1191049385909608449 25115114.250243
1187383977197391873 31158592.973233
1186791982536024065 93802103.796746
1184064895836446720 28357724.087985
1182509673817235457 27648486.749176
1182506407641395200 33953322.905863
1182498728055312385 39175293.015478
1182492276179832833 61322656.791207
1180471476849401856 71418409.176367
1127593200435073024 48383778.435907
1115030015895375873 45053942.743789
1104051974322843649 60335057.496572
1091550763447287809 53816977.476553
1080024633309507584 58432923.742142
1077329899168313345 55365914.312875
1057789019453448192 71785315.166579
1021666343861477377 79584835.636605
1018944588357165056 33635396.718594
1018944398820687872 36465453.875492
1018941659826946048 15258479.718897
1018690873708589056 19726620.343079
1018212090283155462 19333331.921524
1017835790527709184 19314594.934239
1016800295953707008 21138861.912364
1016136462696189952 15785356.268894
1015732564261199872 17316102.221078
1015308503227891712 17101464.853164
1013878316875505669 15137225.98912
1013520669756100608 21735545.509462
1012705851046387715 16979721.513669
1012116171561160704 18188304.271409
1011417062021873664 14942097.685354
1010690908176580609 22338895.331182
1010188993059700736 19378451.340152
1009190475469709312 19762945.617926
1008443321088274432 16775761.403836
1007999709485494272 17004220.830712
1007741598690508800 17733061.389384
1007026241424146433 16802558.120325
1006684055776083968 17526728.555533
1005984560184635393 17614895.967059
1005263169575514112 21072576.289004
1004467985916964865 19356644.876558
1003430327363121152 21417449.841906
1003139365948686337 19672367.820096
1003138776732856321 12389404.433703
1003001907932160000 22442014.67025
1001937463508533248 17801795.061334
1001213893404868608 27173226.362142
1000484024647741440 24474215.129381
999746755381022720 23151026.035343
999470523196129280 25932517.674444
995621510894075904 10548547.218595
995572474480742400 9203099.713531
995572121802702848 15772494.598225
995562548731637760 14423130.215417
995542502345093121 13261625.315177
995166774235512832 32518860.587838
994855650369957888 12690966.357705
994551706447790081 16647031.710288
994035889620664320 15144344.161174
993422693339881472 25602388.906511
992351973197340674 15493925.499826
991510339337404417 22942019.179186
990463828080013312 18190338.034853
990073358539608065 19057738.143719
989061604011634688 16791466.577098
987981505887522816 16573496.096873
986287455677513728 18002158.422854
986025940995067904 11859722.043399
986025518666432513 15835183.473272
985477951461322757 20813327.943323
984843592219815937 17792473.645549
984364825634422784 22504082.117578
983781379123982336 19455621.364166
983029331424243712 17795430.135
982605882595860480 37536343.315616
982196397523939330 18089195.9658
981938373928431618 15183814.236902
981210028320305152 26322698.957404
980469257312980992 22547864.525053
980077437022126080 28937271.344953
978951309557579776 18015886.326101
978224737393418240 15234865.465575
977589213326581761 19077699.155299
976811918508810240 17254204.254037
976041868646477824 18317636.561533
976041746948698113 15385514.609575
976041658935463936 13337307.678894
974310971073114113 19460705.772776
974310883659726848 15909641.812694
974310817775562753 15367775.672869
972564662817472512 33251203.739108
971809023262474240 41510750.201481
971175408207937536 35263160.719514
969525897198907392 14634773.431594
966442783501266944 22987703.532104
966417152990314496 20308879.284639
959211090583302144 45658610.745519
947927057551433728 57252493.543187
939116591601500165 32419601.633085
939116347761483776 20833044.150044
938635028514226176 20080965.96091
936079518275575809 14512540.482381
935468757895454720 19927172.016029
933919161226424320 24757021.234955
933728142874701824 15201063.56389
929101674995630080 15453231.399803
928248816171548672 30379925.210183
927857916761141249 18538958.985212
927498605975429120 17097491.481991
927125049374474240 18159003.012901
926766822812086274 20218678.109669
926436045817704448 30169619.005159
926099236596236288 19052747.890824
924769636842799105 16880161.260628
924704467366305794 19328360.499772
923301534066028545 15819045.183721
922938546964402176 18906090.94914
919730582115905537 21156958.640787
917958812761337856 19061993.982037
914840104748720128 32371205.595575
914209219674497024 17782173.010328
912487593169739776 13016387.339888
910181227633664001 30042697.101339
907872801750528001 17947548.108154
889320270304915456 87510524.764731
888043639305248768 37911478.515319
875405857554444289 32286804.412649
872813538158403584 29134263.931876
872796387787784194 28846524.066836
866815699343114241 59651223.36967
865983562977128448 19156432.164182
865679827960905730 16262066.653939
865478156592922624 15877421.727021
865042229278105600 17292412.643184
863654914194513920 20371266.861398
863287851676467200 17068585.677486
862808025664413697 47231689.107167
862657688479514624 23952102.858563
861708874797039616 13315633.033301
861574036710498304 26542138.266783
860818785036521472 38096871.118154
860551179360550912 40599680.671998
859445550818615296 37258791.098939
857928900839587840 37878900.637929
854343027682299904 33294477.705722
852731672734740485 33986635.19783
852490286244573184 43717440.03165
852490199783292929 43189169.977071
851437592428126210 38836652.570909
850247127326273537 56134356.765276
847781236776902657 58985542.46462
845740757705207813 18177137.40361
844663440186605568 22855960.855676
834536475358273537 45769206.048358
823320495885946880 49463028.903523
815566765216317440 92063556.181557
813114700762206208 50526367.055304
780421632712118272 19451723.317565
780421499110952960 17242980.892809
780421360552140801 17535767.504173
775160262852616193 48494166.596173
756820126620459008 87760112.734053
742056632641683458 22072058.034872
742053697778155520 21724020.849946
728624506248400898 39724804.599361
723712801223516162 40133892.349893
723221671855820800 37914491.498199
721587903642492928 39172675.486601
719912310450425856 41562592.33816
714190015073427456 39476553.641192
712394001052086273 38725492.33378
710542925432684544 40430671.163573
709389141235130368 45678647.081671
709175887577616384 35596810.911188
707348811547541504 52509794.854065
705080570896900097 38702141.71646
703623610867576832 43000180.625923
702616495558242305 32081318.980233
702156798959030273 21977544.528155
701208548257075200 35301331.446375
697602716101513216 36237653.538621
696792356679348224 22273080.486397
695752972370726912 62765272.994151
695666864400171008 20289125.415632
694928132986437632 43091172.708899
694229236677120000 133021442.855701
692035137760993282 56971608.214199
690796688378736640 51240839.451867
689736000436899840 33959913.805913
689351152001941504 22916973.758996
689056367718576128 33359746.44736
687601497945862144 36497222.013733
687578085089251328 31059691.810197
687232060587683840 33535196.206691
686496322367565824 26792441.819539
685061008453320705 22232141.581515
683153656166903809 65496617.299443
683041046905909248 58380309.5286
680072198258847745 60965599.488784
679278946584674305 22048349.625835
677213187129933825 38480762.799352
676201517888708608 64870632.443837
676201415929430016 63125757.5646
675270147779764224 29343195.463461
674973060152299520 27217818.508766
672327123504267266 21969202.331806
672326164791201793 21267101.996194
672090879314661377 41627540.950367
671948284135518208 22986140.547235
671833763123367936 31840581.648121
670119504337346560 35384207.306718
669998734206304256 37635263.309795
669918790075854848 34369604.153021
668935250299346945 29675169.683408
667838730837716992 38137715.867321
667423584273461249 25750947.793638
667328340236242944 17936400.071498
666695450464915457 21063273.704362
665688711108104193 52153754.433364
665337419848245248 18394524.118402
665284325542371329 37700513.22029
665080536499638272 35195632.240716
664875066958725120 23338866.686768
664776753622228996 32252136.278386
664590373457629184 23118994.2611
664466164345610241 22053358.709873
664396843930001408 31306775.2375
664118985328353281 24712692.724333
663754832080162816 28260159.936102
663320196921323520 31419291.316925
662691957039304704 35973151.304043
662684950081183744 27397429.9507
662380344218411008 61393386.564315
661591605984567296 34810874.32694
660791609697681408 43428720.947174
660789327744647168 37994392.037948
660473536172068864 20273194.268654
659400733243101184 24516227.409414
657267944179789825 22049046.378126
657178759766888448 48342914.855597
657175897796157441 23689182.439997
656616523784716290 27386602.043475
656578370503888896 33655527.210461
656435693267324928 21822131.104976
655430944996896768 24373995.786335
654973264092119040 46762209.881034
654966304172978176 16527849.406241
654942846710104064 22170036.471901
653914676548399104 19344781.256468
653869654377533440 14543103.42747
653701047886741504 20196683.334645
652552923398963200 49489091.205435
652478982693253120 38732516.350119
652447115487145984 36506825.896663
652264006946816000 19989672.579646
651789068787826688 16832612.624553
651503734233673728 55076649.125252
650434168686555136 23479911.947838
649894994468278272 47299594.208825
649356640471371779 21919149.153712
649356191101906945 14351628.365446
649253078185738241 19728484.626236
649246353852231680 14447083.429313
649244444017999872 19155452.944746
648506687284973568 22851987.484503
647769273801179136 16401624.254712
646378672757284864 21777764.932068
646378329474527232 25439763.155563
645891226294689792 15359207.502804
644290440343121920 29434451.182439
642901994122936320 35253745.148014
642901229291634688 24188565.521214
642788336940265472 27022407.737855
642526299274276865 44297307.418049
640399143693893632 29629353.512489
640181775822663680 22729057.782999
639142655109283840 25920898.859213
637777399950757889 17789535.987241
637743550667563009 16315415.282058
637738773757865984 43484065.676451
637421080735518720 9630321.854772
637340063425163264 21119352.848216
637126162242781184 30961581.555167
637123320090112000 18879426.050652
637019601155584000 24748001.117458
636988416140406784 15577742.917319
636755572021268481 21508366.60031
635864345310728192 29278887.110116
634613654894198784 36570286.848573
634493692154408960 18418326.683154
634183534110871552 25975640.991914
633245153344552960 38196883.318627
630519588720091136 37896112.302631
629712690483597312 42770158.214178
628596355745849344 30907950.459903
627869141030998016 48896343.317224
627340898766958593 32027574.898111
626984828878123008 35221186.101767
626545932071473152 19383498.086476
626252681372409856 26851194.985699
625703859181195264 32239594.737148
625383645990285312 35188740.042378
623949792583000064 69158050.588648
623949307838877697 50700950.582057
623949252394356736 63024333.028402
623946186379104256 27566156.99198
622293704280252416 30478656.892932
621566591478566912 29453564.792584
620402256840519680 31788701.849156
619576932879851521 34247390.034951
619290693010366464 22931925.686538
618943328407564288 28414763.620132
616593683102601217 30512515.288046
614975836094132224 37133187.375129
614502027784286209 24769016.673046
614444585121619969 48397694.650584
613634053980450816 30867821.29417
613308751181934593 18648443.250614
613110904549416960 25183339.481332
612223567250485248 29083871.793208
611924864493072384 25919166.394057
610050534368768000 39811201.883445
609022518435823616 31092589.817018
607307212273414144 34419883.304831
606384971318718464 32789633.593035
605801837204107264 20872005.784911
603541007473467392 26810971.664251
602961627961516033 23928827.565815
601434663257649152 25495992.948561
600154445775646721 33953492.38615
599084268149608448 27265461.300556
598303181739794433 29460381.66635
596343972324184064 26521292.191482
596323579785936896 55027462.179736
594404421397676032 33622346.736495
593936445288493056 41423505.515962
592430845886996480 28858105.219781
592385503543955456 33734260.219344
591732996022996992 24372508.126038
590762505573642241 39867921.286161
588607795424989184 26676084.186942
586922381899276289 82616499.010461
585041529112141824 44809909.961652
583846349554089984 34772665.937793
583639766685593600 35292424.315736
583254494042939392 23652442.880004
583229153677340672 28842249.397375
583228003473321984 31619786.496446
582111746430763008 43614396.017154
581925485153796096 32133763.713488
580932146874957824 133122660.249326
579941221809815552 23669409.739847
579727279095459840 34427528.748889
579564026075574272 30933090.035808
579557890022838272 19952368.085363
578952623602032641 34862603.476761
578249544451768320 27896379.915628
577751445224579072 29819529.225646
577012483778441216 25377695.708235
575945850033074176 17618775.182517
575182478069121025 29396939.545583
573546326983581696 22083865.161533
572378266067062784 39571801.562486
571225063426539520 23991422.285147
571208378082586624 17371202.145496
571182482424401920 25782301.646733
570905214850433024 25318415.270071
570680005983903744 29235368.338643
570678821655093249 26663260.178559
570677888669904898 27775483.977568
570611070592802816 17585406.397121
570566675101167616 25938110.523915
570080588880674816 29864177.865699
569715508339220481 19323219.597733
569462353617682433 39252105.247775
569344931359170560 24621738.303643
568630953385574400 21693495.567143
568382481063419904 19693609.3494
567901428158726144 20624206.774174
567683371577647104 24058762.452515
567661879510958080 21671331.311832
567661600614912000 15909811.292981
567464028956409856 21832864.856486
566420705743761409 28522609.576093
566419857634508802 46602107.503248
564976260762591232 19381332.505031
564400885665525760 35957728.597926
563950423535800320 54143773.132175
563558222523817985 35814480.093125
562024007185072128 65128148.324362
559897760808591361 34839008.054582
559767981098807296 39631703.428369
558859191725473792 41712883.690443
558051694043738114 36758918.408004
556572908005249024 45238299.633759
556340119846670336 31512957.422207
556149504693780481 46066060.18661
555936413502296066 35595586.886893
555243528742506496 69879396.352406
554027871946436609 23986093.071678
553686674203353088 31701683.137353
552999570716647424 36978301.223954
550770738186452992 52035174.725893
550592998615314432 67383083.542897
550465107218923522 52318338.623184
550364634549850112 44898491.658324
550249436337963008 35722546.452999
550100146630176768 23039225.539352
548046082551582720 46194281.439297
547157797365112832 17839174.880189
546459145374031872 21628339.812363
546071143426555905 27104925.806481
545458924305276928 34970468.263865
545367263512383488 31659181.247602
544901479719763968 25109653.218773
544860022480842752 21105549.620397
544815000997466112 14440360.711262
544801726680027136 20966669.940772
544426421331169280 21910562.152504
543881949061062656 20380042.174036
543446570117910528 17115437.56127
543349476338204672 13088228.150433
543183822352056321 17275389.289912
542811008327499777 29435260.921588
542698322084257792 14667596.113843
542597686898470912 13642974.79207
542357976825487360 24501501.455588
542312315568525312 13555541.795121
542088016810876931 14520298.913297
541922283917692928 38649979.45035
541705278962802688 22987439.896102
541611187558162433 13272340.235544
541581320590479360 12477345.871513
541568323499331584 14184746.77618
541333986824687616 17121745.994175
541255121079140353 13348399.222121
541210075868954625 12208550.136331
541170276344819712 11374255.176859
541150987197906944 15671258.373457
541014477312098305 17644253.718996
540967824127430657 11926271.302761
540900056539607040 12590954.157232
540494602642665474 28916707.736797
540340811947585536 12234348.802241
540231515071066112 13407773.816
540229599259807744 24488470.304632
539828135403864064 13528782.740918
539165380992716800 20442128.452507
537841400340307968 19084760.833924
537762236190973952 27762208.021753
537455475236028416 17235147.137321
536744299044413440 26662827.06227
535830345073954816 31120102.116941
535466409359581184 17865820.947534
535118999428677632 14539638.497158
534915680030949377 19450744.098129
534715328614645760 12508266.608319
534378043066707968 14321818.666077
534377505575432192 12125749.60056
534377416526163968 11236863.157531
534377355952029696 11009947.884381
534377156697411586 11394065.539295
534317309620678656 11967153.714214
534290303591911424 12555683.426393
534287110338277376 15725774.532442
533928095565512704 20214798.894211
533913784771833857 12117991.169644
533638312419147776 21596967.128125
533554238782451712 12244423.463746
533293584901230592 13473739.309929
533279252003966976 12759153.926508
533230369336987649 13395043.963332
532885261144035328 15789066.004065
532816476504616960 19409466.232673
532129721774264320 24144745.451453
531990277092032512 14653227.951734
531641421468794880 22954711.369568
531603545636995072 21908038.779342
531541225107505152 15132085.087081
531514332463763456 21799590.226805
530426014711971840 23411799.703607
530047384001478658 39476723.121479
529627368001126400 14867130.905071
529441959598125058 22404879.656254
529250158522150912 24054732.587913
528886072491900928 21715189.043879
528885630470991872 19261641.760123
528884781858422785 20159529.489506
527906042127339521 21336513.589292
527878672548921344 31111515.115733
527878277177016320 39693582.564267
527758784245280768 22572683.971527
527608041890660355 20650344.400658
527185116582641666 15742157.626852
527096604319567872 27477782.437881
526715873017724930 41289559.595803
526096382848155648 25307681.518561
525736404174008321 15219103.798884
525702579511361537 13453853.622921
525543659710988290 20744895.569661
525438894943506432 27659879.590691
525414419132874752 11568536.07919
525035074576580608 13185641.653172
525020869857665024 13881471.218165
524667003890851840 13731669.4756
524630499613237248 24912340.502419
524497293316468737 21610224.252797
522055249201479680 13960034.746761
521247823258730496 23759441.43453
521017427518173184 29434921.961014
518970646697877504 26500803.907898
518866625739915264 33241788.167608
518866141390049281 13655817.631596
518797468180692993 25893706.688721
518796915585323009 26685198.460154
518254349920006145 31745936.323403
518099117034471424 18656766.61582
517739045666189313 20164595.066973
516623553639489536 26633092.687473
516623107927580672 12782033.765253
515165253068660736 63377944.231656
514512476629917696 20346899.362356
513922306503372800 20445423.902532
513563211681894400 21177898.871803
513441261185810434 46722495.000447
513139368777625600 25227875.134527
512061091069693952 22615750.795568
511932051721691136 28808428.664547
511789938396762112 16321422.416675
511663030531551232 31192112.407773
511205457336492032 14695541.530055
511188262980182016 29511677.699882
510209301038628865 26956743.542214
509356202959335424 19604820.510155
507864917157117952 30314731.793117
505794567032299520 16279692.603787
505535581401530368 25440196.271852
504344077710925825 24453086.586935
504009620609060865 16273214.690595
503271463408111616 30927534.848623
502865136005443585 24015996.926762
501874212349689857 44208895.201664
501631756576243712 59858422.436099
501108827430064128 20626297.031047
499417945656029184 50582013.082869
499042364846268416 37050876.449076
498314310343729152 22608858.59723
497075680023437312 25168820.670079
495940463552380929 38901394.040543
495764376402800640 29502638.751242
495291203156705281 21464188.738832
495173758458789888 27164356.893789
495047816725954561 21607606.72392
493942354806853632 20010650.472948
491949421395845121 59320793.303449
491948709635055616 55048101.112464
491600782546837504 31876549.131251
488988559677067264 19757654.066743
488316147977437186 28952844.700214
488315826656010240 22347745.968392
487569470148587521 34278009.473469
487422628047507456 16720755.635133
486838451116208128 19780854.034919
486465914968502272 36175491.935578
486106232919318530 16864399.593937
486055188948877312 51187867.446608
485923587183091712 19665400.297186
485754445368946688 14654828.598889
484979518554525696 22404427.708822
484438647543193601 17954892.253924
483661365836382208 18548431.050141
482997666214084608 32593224.771545
482935629937143811 13620961.185903
482821565340733440 15517765.726864
482617261824700416 13978489.266901
482066293701771264 18153240.683143
481942103728349184 23970048.937842
481900017461264384 12370441.472702
481899178747265024 14358369.91464
481851768520073216 25587003.86268
481795249740996610 13286990.864798
481541576540561408 17186995.90467
481490122316464128 25629204.454143
480996815437709312 14947238.587393
480352373617872896 15482664.476312
479951468041359360 23886344.507207
479420475609989120 22708983.784561
479327003611373570 14119308.554255
479253977658589184 16761393.241727
479044412907872257 12624341.773771
478909058515501057 12982943.22992
478908175492861954 14681719.471093
477863254094798848 30965912.718057
477369342817239040 16325734.748422
475773524926537728 19620695.163704
475640187750346752 13560306.0743
475208114464378881 12938803.030728
475042019308765186 16269071.839135
474975207648927744 16936014.430766
474931570696941568 13333560.281437
474651100805877761 12432960.867462
473937737163108355 16891817.738145
473443361492201472 16287319.216702
473118465838952448 14032158.024451
473112625749176322 37503671.282511
472853473416187904 16760188.048575
472140069453963265 29627093.775329
471796750257516544 14168062.383482
470875784778100736 17708467.916626
470675673611509760 17617061.548504
470568105484492802 10877188.326231
470561965681561600 16663584.284985
470557567811600384 15694477.172776
470264088120274946 12596980.122992
469744987421540352 26433275.4291
469304441607557120 14683734.403394
469010151970983936 11631300.278809
468904854216536064 18209225.671282
468860955364192256 10857151.990079
468486375247843328 21294331.828972
466948556448727040 18733880.146405
466236252216229888 39844344.695125
465825052400037888 28430054.508248
465505013041987584 33298997.180042
465318496755523584 26338121.663521
464843780785336320 13206563.053045
463361361884741632 14512276.846379
463173970137976832 18064357.688183
462771216148099072 30170202.770592
462688959114776576 13599418.358311
461598594718781441 14679139.604502
461185748054446080 22292062.278541
460277640159444992 25942234.544232
459900625203904512 27480983.732191
459146640939814912 29087920.488953
459135128594575360 23739612.240951
458280400708579328 25050937.714899
457154746457919488 32281305.718893
456961131408801792 13296086.306867
456884343193866241 13721086.373234
456128518439845888 11812945.484187
454623388502593537 34100394.132693
454577979713413120 38775940.965877
454396580914003968 18250503.536738
454326964573458432 20429869.378414
453121029452599296 12906865.4122
451805571382259712 25292917.902449
451086851710128129 30366573.929796
450668523648733184 20540954.290971
450380241668964354 21561564.579285
449337063872425984 21545143.822589
449185738924777472 11956551.780705
449184428729061377 9406118.266214
448850671442624512 12267058.497632
447299169460686848 29069560.124528
446626168931115008 21387207.026248
446273684995846146 12484746.510712
445915038986305536 13082898.936964
445567705966706688 16961135.175528
445564612701073408 11661467.769895
445511093256208384 10673491.8524
445510622202298368 19474019.390877
444520727186644992 26598575.202354
444301586492555264 12795855.824215
444300322685853696 11336178.605713
