1508835639445245958 3510248.716368
1508520952635617284 5667547.538448
1507119421734768647 3778247.953296
1505633992694853635 4184502.732432
1500572909735137281 7816417.152336
1498696495045951489 11244274.490592
1497702168173977601 5738514.033888
1495769272680861697 9361627.368768
1495088053773340674 4742070.062544
1494346449001324545 11035754.88696
1493739090977517569 11403437.774688
1492896159324508162 8003367.899712
1490712316391739393 20320197.153264
1490088970667048964 3415068.9072
1490088192703287298 3757216.252464
1490065036726919176 4443432.306624
1487985469275066369 5105827.583712
1487810669931950087 7032934.646784
1487810084663029761 16789660.489728
1487810056447934469 7028637.403392
1487185267299549184 3203760.227328
1484617144365043712 3244418.76096
1484542986302025729 7687355.231808
1484533927171616772 4657220.165376
1484263167073132545 8798337.267408
1484262970435776519 6506666.950032
1483331759638859776 7557033.062016
1482502733055676416 5477229.23976
1482502215436693506 6135616.510992
1482501763932459009 6074670.030192
1482008640609562625 6619903.445376
1480583261868933122 5379756.190128
1479537705423937547 6735412.52136
1478055690547642370 10028443.848192
1478027909315059718 26566199.103888
1474697215104987136 30547595.106576
1470865021181870082 4755209.710608
1470635919908687875 4860202.936176
1466452675466309644 10213803.78912
1463989780816015361 18516656.497536
1463662915282739206 5929452.127296
1463210278569578496 4561213.963248
1461808999431553030 3166593.203952
1461799430420635649 3554419.42008
1461799428092829700 7359318.546336
1460629270066200578 12298937.845968
1460301606474317825 14501192.445072
1459262853098225665 6108676.100496
1455687980111122434 13999633.897824
1455592460353085444 6034548.651984
1454629025083658241 24882154.870176
1453763054814908419 25796806.598304
1452080851353698304 31230195.691536
1450918631806697474 22792145.094864
1450322038120280071 34939253.894256
1448757260860080129 12848551.14384
1446495306783158272 5310339.181488
1443998102881374209 5261354.738784
1443607970017726470 4803801.616656
1443343431477125122 6640046.773776
1443289802728747008 23596886.559312
1441566920940167169 6450306.95016
1439110472679239687 7655642.401968
1437459758148059136 9063836.665632
1437444194268848128 34293448.45584
1434993413741494280 6877221.553296
1434984458709397504 8500236.666912
1434970409917685766 4612181.749056
1434962981595619335 6126236.950896
1434919208744325124 6055786.951056
1434900571966754820 6029569.6344
1433499516687245320 8640475.552224
1431604946881982468 9367536.078432
1431576853836353537 8587028.587536
1431285416888606722 13460267.872656
1431271624951488518 5004429.16752
1430603225636298753 11638195.3548
1430364104846282753 13505037.711264
1430227950071291907 8257277.136672
1430179011158855684 12075253.93152
1429869543770378253 13418658.98712
1428811857897222147 6232862.30256
1428748918523715587 12623524.340832
1428571206274338821 12163595.338944
1428382300526432260 7575854.16168
1424579936979800066 21882885.5808
1424000588379983897 9169284.407328
1422516914052603907 7980600.773664
1422513976819306498 8040142.386432
1421062227671592961 8156395.21608
1419954261434245121 8211928.822992
1419703875527843850 8851949.510688
1418330350531629058 13508178.004512
1418167269465726978 9165999.495312
1418114900048625665 8236369.394784
1417502138658291713 6331822.85952
1417260798330642437 6585277.580352
1415808979196805120 6868358.4888
1413186223158530051 26418316.083696
1412792005743181833 18501967.362672
1412130447035813895 3583405.153152
1410635016057483264 6115349.223648
1410615979382435840 7192862.344368
1410252086260862979 7589592.94464
1408104378133880837 11354701.249872
1407740658438205442 11134095.6492
1407081818566774794 6231684.692592
1406997286240940033 11070318.772512
1406773496626225155 6287445.557568
1406771697164947457 6036655.954032
1406701156554973195 6272384.545872
1406689861550186497 7926967.87056
1406571069667004417 7843584.820896
1406314860720365572 11125521.82224
1406006414716325890 6103077.288192
1405845041545891840 9409082.984496
1405599767493754882 10789799.68224
1405599322993999877 5684860.47096
1405554138772082688 8523231.051024
1405202011453276162 8055513.295488
1405147398826082304 10348423.202304
1404856486283591686 8987973.791904
1404832401772232704 9289441.943712
1403768220666851332 11815559.94384
1403744227960537096 10213204.654224
1402623103293927424 10166410.152864
1402307709265920000 11595925.354896
1401942588488392711 11709099.870768
1400861681425715200 11368274.75424
1400560208024260608 28395667.838736
1400125812347658242 11882456.453952
1400107732569497609 44712486.936576
1399775939828068356 12440953.476144
1399441198700548097 9074455.815168
1399036328000507912 8655887.780928
1399027738070208514 12279786.18912
1398355484109807618 9974191.150368
1398352919246741506 9416045.345184
1398316782012682242 10972163.948688
1398308784481525765 15878500.271856
1397572644464062469 8014358.92608
1397277030815649794 11837025.500976
1397243526593777668 19749076.978608
1397222375956090883 11932907.74416
1396940519767429126 16766562.806496
1396613973097730048 14375353.457088
1396612852396478468 10159344.493056
1396191513181401092 18264544.665264
1395778506739523590 12302202.09816
1395712397600432137 20447564.968224
1395637460021960704 23912300.09232
1395416938436698113 18130627.686096
1394344044722102275 21150908.01648
1394318523569082384 9785856.194784
1392845769082867713 26285411.435904
1392767313502359552 23790469.110192
1392766607601115136 7161170.174352
1392181960978673666 25287108.0804
1392135988130959366 10115277.088464
1391423201788432391 36860927.423616
1391026770825125892 11661788.873808
1390939984568406017 14649550.641216
1387392183972499459 15238231.666272
1387034885123018754 19150375.938912
1385949769667944448 16501621.22352
1385898906119245825 13321020.658896
1385317941818929157 30338579.667168
1384608818068393987 19891092.608784
1384523126118092805 10810645.444656
1381393931628392453 14491771.565328
1381307541536313345 16080697.969344
1380283018913320963 44720854.165296
1379903959649775618 9104061.34296
1379820638924283907 4477975.532352
1379820633433862146 9903389.93352
1377297648420581379 21189108.031056
1377297217384546309 32307440.234544
1375476447834349568 21257863.925328
1375131759726104578 9907315.30008
1374403360267198465 12658315.484448
1373350772667207686 19865433.107376
1372939829227483136 45322179.00264
1372201178449256448 36287307.410256
1372137480657457155 30216707.365392
1371946582040576004 17909319.651408
1371536263942049792 12686268.22632
1371174705600733184 12712816.10016
1370867298056216576 39059545.893696
1370782087431606274 20230120.320624
1370767212043137025 18357018.037488
1369607686791327744 17167136.134032
1368659589084942336 15200816.725008
1360975854076108803 60213304.965888
1358971137724588036 61031372.016816
1355930028194885634 12162562.347744
1354440304452116482 8460817.72272
1354432367159631874 11659640.252112
1353220162585915393 11294044.006608
1353212663497515008 12453535.30896
1351948667054297089 22023000.507168
1349381915468591104 10375859.448576
1347608591746916355 11328876.469872
1345488826735726592 20841031.316304
1345074447036919815 47338536.505392
1341084297231527940 10862253.685008
1339979456539226113 16355866.1652
1339933313067311104 8223725.582496
1338517640508272640 12367425.162528
1336334919161671683 30264555.517776
1335992662986530818 10441392.410304
1332750409094623234 10981088.992656
1332730633467129861 10207275.284736
1331648521540431875 11860433.081568
1331600360524410880 43212439.095408
1331397109145169921 27079265.173104
1331154595922382850 20984741.052048
1330914354036924417 7461006.200064
1329916586556264451 7237342.94544
1329464129539620864 10999703.49408
1329424189808250881 10934563.069008
1328074100414136320 11632472.583552
1326991355625824263 11857478.726736
1326959342025904128 10481038.61256
1326620990273712130 14290999.395696
1326232634914172928 17075737.072656
1326226665333284865 8437162.22424
1325870974290554881 13851193.062384
1325495126047731714 6128902.068192
1325216334246862848 13903255.818864
1325162028072382464 9418793.101776
1325153024445095937 10266217.762608
1325145644332421120 9873639.78696
1325122588666949632 8556328.089072
1325102681669636096 14559577.107696
1325039166871261184 12086885.412432
1324800861978173443 12840555.791952
1324767935186014208 18709144.077744
1324410911524818944 13918606.068096
1324120141014192128 9235003.307472
1324078343201935360 8533602.282672
1324034637849657344 9842174.875008
1323893109944684546 24273723.053376
1323287645313769480 18455255.500608
1322450344476057602 11190414.329424
1321409661334151168 33038756.684496
1320795912592121858 17233144.271712
1320661720470298626 14779129.057344
1318456743693877248 22779212.04504
1318240690925613056 10169364.507696
1317510927235883010 11949600.881952
1317160546517602305 14482867.181184
1317013039506509830 12594414.648816
1316046477274353665 24983532.626544
1315686167476613122 35968732.924176
1314862121075781632 34944832.046736
1314483554903093249 21161589.145488
1313535042874867712 8641177.98624
1311956992542547969 10920555.708336
1311412616829394944 8647313.953968
1310969387533377537 33519923.985456
1309920021985079296 14017070.78928
1309561877861560320 10944355.825584
1309523448587325440 17678756.015568
1306141957077557248 11422300.194
1305290206703124480 42956897.732352
1304506018290835456 9847835.666784
1304427003790135297 22797888.525936
1302522307764772865 11879791.336656
1301846520896122881 13497910.071984
1301530110332473350 47714462.662896
1299423114783264778 7988389.527312
1298706244673273856 7896184.7328
1298361393406603264 8390367.72288
1294290690210435072 23436339.067008
1293957933265346561 18150006.601008
1293546111236476928 13160948.342544
1287750670452494339 12829399.486992
1286420764460277764 87705146.824272
1286306383063900162 98017745.89176
1286288419614855171 115796330.176896
1286288294012215296 130595168.706336
1286278302261481473 100369019.801376
1284863282722070528 20453514.997536
1283113631668932609 8866679.9652
1281728426634706944 6382997.243568
1281585727445311488 34975759.803264
1280579795038941185 7881743.515824
1280067163659919361 5187309.929568
1279573960770846721 5298294.504096
1279195724371165184 5179748.433984
1278652367743922176 3837314.390112
1278652366468898823 3826695.240576
1278652364786937862 8107947.9288
1278629492018294784 4125952.791216
1278327936089800706 6348805.234848
1278283370351472646 4566027.70224
1278274649764192257 5049798.141024
1277542575612801024 4708663.127136
1277029008677277696 4889353.94784
1276663481031245824 5584825.603152
1276180626203344896 6527016.876672
1275395960777121792 15679298.248848
1275149309542109187 4210348.172256
1275118761817899008 5071036.440096
1274042332237762562 8161808.089968
1273354144003371008 6145781.1444
1273343866352078849 7611616.317024
1273284459572400130 2883966.811632
1273284457223655427 7047913.019184
1273277269608456194 4301148.098736
1273235651564130304 13633541.816544
1272922353098514435 10269874.551456
1272559687033110528 7789662.680256
1271504293070114817 5461878.990528
1271374723474219009 5373351.644688
1271226879857569794 3439860.696
1271200509525921792 4706328.567024
1271199901108654081 2963610.433152
1271136406816141317 3926606.14944
1271105163093258242 3260347.485264
1268828157244854274 13226047.447968
1267940905711013889 16642934.41968
1267799285497765889 13914019.587168
1267798663063121922 16200917.4852
1267601778922721280 18569070.471024
1267583427496292353 9132179.363424
1267553125315076098 10974767.086512
1267548607659606016 20524646.771568
1267512132779872257 79041387.6504
1266773053305950209 7471439.411184
1266326184113176579 26880951.522528
1266319868636389377 59987782.327104
1265711411105353729 4360255.8552
1265667170664513538 2405051.431488
1265584775500304385 11001790.136304
1264660929628770305 5147787.686256
1264608403176988673 4941230.765904
1264240945974910982 5037877.422576
1264180359488561158 2949127.896528
1263871304593268736 5157208.566
1263402515317624832 5933873.329632
1263206006894575620 6381736.994304
1262426707358650371 3269768.365008
1262088296596934657 3241753.643664
1261389469623578628 2618880.609888
1261294203927216128 4125580.914384
1261102166044966918 12323667.655296
1260925972070580224 8767182.252816
1260348949862457345 5177186.615808
1260157105136377856 3446347.880736
1259226396246736896 4646105.180064
1259142701347373056 3584727.381888
1259119803706626048 5043269.63664
1259107384338911240 5596581.043008
1258833220642017280 5294741.014368
1258703548021424128 4200018.260256
1257420321273122816 13700624.265072
1257256760278163456 12846795.0588
1256355940451975187 7383201.30288
1256323231994179584 3565059.22944
1256315922173710336 2278902.546144
1256281950660161536 4289371.999056
1256275203082027008 2298612.01824
1255907768327946240 3614167.631088
1255882443321729024 11739490.471872
1255580292506685440 2895515.653248
1255036527693803521 4728579.197472
1254424948766052353 2979435.858336
1254375509724725249 4009142.14632
1253599376695492608 7478236.49328
1252667881629921282 6240010.601664
1252644740337668096 5546253.711744
1252601718820556801 2859650.198784
1252291624224223232 5876686.9368
1252265776045854721 7991426.52144
1252235572552269824 5200201.659744
1252205375786373122 7067663.810928
1251573163357503489 3223882.895904
1251503711047819264 2113954.511328
1251503709365907456 3228200.79912
1251229759922569216 5308913.653632
1251184404178886657 2773602.031824
1250511112484851712 28038955.317552
1250429412014608385 2240888.469984
1250161232788615168 2875310.345376
1249838181983424512 2329932.311424
1249825678578585604 3419221.531824
1248022713165393921 2123664.628608
1248014195670388736 1916715.1716
1247919731027435520 2233203.015456
1247819962791727105 1538268.515568
1247482564463427585 4557020.018976
1246120216796360708 8794659.818736
1245382810199785472 6341615.616096
1245366060276162563 4796074.84248
1244942100287938561 1050118.194096
1244720139813171201 10040984.36136
1243269084499886082 4773080.458368
1243237136867848192 2088026.432208
1243201651541970952 1115754.454944
1243160889651597312 2483558.762688
1242798193231921153 9028281.108528
1242524611717124096 2272828.557888
1242205055908032512 11662264.04976
1241058383400259587 3315901.752
1241058108404834305 5168736.747792
1240801196387909632 1450877.460048
1240706707610677249 1435072.694688
1240652795868516354 1682226.1692
1240571805674463234 1537813.99944
1240557032018763777 1212504.410736
1240546275239608321 3250575.388512
1240408587882520576 1306671.888528
1240397688643948548 2385135.361152
1240384937502470144 2951317.837872
1240351173657243650 1509468.720912
1240334679997181952 1454885.465904
1240331284208963584 1587934.732464
1240327228409262081 1104742.768752
1240304595592777730 3511570.945104
1240276806403489792 1248555.803616
1240249394408181761 1851037.591104
1240057742058033152 14572138.280688
1239984405025824774 2132031.857328
1239983435520921604 1639212.415632
1239979915904266242 2554690.53672
1239978744959455232 2625491.753568
1239920709809459200 6615606.201984
1239704003564335105 2286443.381904
1239674601921110016 2762301.108096
1239662892649193473 2800232.54496
1239657093860331522 4847249.226528
1239602050423545858 2668278.249072
1239601227731697665 1916549.893008
1239288254412853249 1637291.052
1239267420298194945 1205686.668816
1239251620648681481 2906114.14296
1239245824175071234 1059518.414016
1239244957787062272 3020156.37144
1239243648677687296 9035408.747808
1239240741878140928 1528227.841104
1239238340773179393 4011270.108192
1239221965296189440 3206921.1804
1238940734402658305 1419598.486512
1238917609275285506 1501679.967264
1238903940756000769 5013560.809728
1238750740300120064 7789600.700784
1238739141581553665 3084470.403552
1238704432600305665 10320904.316736
1238683574980816896 2078626.212288
1238676140069437440 1874693.089584
1238656405965430784 1745631.169056
1238639582842949633 2338650.757152
1238605553791676416 1145277.34344
1238593273268023298 1011649.601808
1238586509587918848 1371523.076064
1238581977088851968 4087546.1784
1238561073344765959 2306276.812944
1238557151930376192 2148559.716528
1238538511885561856 1524095.876304
1238496791563247618 3877539.06744
1238479936412725249 2473414.789104
1238444569748025345 1530707.019984
1238422186068590594 4195493.7588
1238329877532557312 1867172.913648
1238323046340911105 1465359.996672
1238313941215793152 21541006.813248
1238296804002676737 1188704.293488
1238273948363534336 2648010.961728
1238272662868070400 1812775.597056
1238249693202853888 1243432.167264
1238249390265024514 2647783.703664
