1508260241070190592 4183126.374714
1507768201110704132 1924030.3528005
1507517730580144129 1246550.7127815
1507396658203529217 1949073.703164
1507028660171075585 2514048.308835
1503415880679452684 4404588.987372
1503404012288483331 7612840.657548
1501974362286542851 1160313.7457625
1501656154459439108 2845566.52191
1500853299280760840 13173984.776547
1498705362148462592 11420908.0194825
1493033749088555015 9086935.3361955
1493025991345655809 9915857.5637415
1489660360646791169 3077333.649726
1488573095560372225 1794928.291989
1488151061126782977 2184937.2980715
1486398762905833472 4565533.6892865
1486369229108510722 8027766.3191355
1483251061204733955 2917613.664777
1482104283201826816 2235108.4620375
1482037336254791680 3841514.8045785
1481672914143383554 2234474.987745
1481460542581604353 9630878.5953555
1480890235395268608 5190857.279223
1479286309013262336 6826910.218653
1477367310587506696 19745562.623703
1476236831695925250 2438115.856974
1475513037813547009 2470169.6561745
1474062397199437827 2121336.4791045
1472705646671794179 3633693.005019
1472621087259181060 3323881.844367
1472295876647288834 14651077.900179
1472251025968930819 3027542.5703355
1472013449232207874 1218424.4541945
1471650244207079424 2192201.1366255
1469723756272697344 16640947.34778
1469163003748622336 1574943.7860135
1468709684466970627 3525791.2171965
1468648417429647361 2410285.2197235
1467982912855281666 1594412.562603
1465735165150441480 1477557.6714465
1465697698649022477 1667177.6430015
1465503527577522181 3418902.988242
1465159880755466246 3294446.4055755
1465026947285667846 2228900.413971
1464142593684504582 9573105.7398795
1463553447421227017 7411353.6009135
1463337094873501700 3118425.0154995
1463283015585452033 2391956.6968605
1463254821088157701 7514398.7524935
1462919525800755205 1552096.479864
1462863344470216715 2423968.2644415
1462490625673089028 3735893.524209
1461931482172194816 8647177.482342
1461773586251673602 7460426.7427725
1461062515266179079 5033460.0333465
1461032674143838215 6134522.8169505
1461028590120669186 4773904.4998995
1460455517386465281 18703539.64416
1459633371768705028 11903319.809031
1459549706304974850 31473578.9801895
1459215799294386180 589426.7133615
1459215797218254852 2520467.514999
1458498660107313157 17462943.589728
1458117398213521415 2452685.7657015
1457846771476959234 5060277.111729
1457811048770113538 782214.056379
1457811040998019082 4830494.8700295
1457021335905845248 1635081.6121815
1456335651813482498 11433070.7258985
1455581378477629451 7982831.8759875
1455580628531879938 14619953.1966075
1455565577708191750 1932856.761276
1454198622946410500 1152543.1277745
1454187556434636800 2179024.8713415
1454143782723543041 3023277.176766
1453757961793249284 16075930.5104895
1453753690121146374 12400301.507307
1453496988427685890 6045371.868186
1451630167034503168 5934767.2567155
1450978092126666753 3276878.0518635
1449479164776484866 8507644.211514
1448418944625168387 2600158.5809955
1445859202518249474 1635292.770279
1445176639604736000 1801009.645197
1444770602024267779 2654848.528248
1444748617797947392 1833105.676017
1444462037992554501 1797631.115637
1444458707304148995 1309222.4361195
1444115500439461890 1148319.9658245
1444115143411986432 1172603.147037
1444114735943733255 1206515.1374955
1444114250880798720 977661.991425
1444113816174825482 977239.67523
1444113000315559938 1984168.1789685
1444089469481545729 2112636.7654875
1444036187979608065 1362307.581831
1443788597103005734 5005333.7747595
1443782723491958795 1504839.2976435
1443742814135730176 1533810.1886205
1443721952498106369 1454203.585863
1443717012719505413 3184264.1103
1443602173284151298 2365012.9236195
1443289598398898178 15831493.8968235
1443245424454766592 1676468.5992915
1442915418616709127 1389166.891833
1442882343589449730 612358.48275
1442882340980592640 2938476.08481
1442851889952051203 3113188.2946815
1442550225881559044 1692601.0779405
1442519837784219652 2229364.9617855
1441480164915908612 740404.753074
1441480162449653760 2983326.064719
1441119406780674049 4291619.4052095
1440801775238352897 1221422.899179
1440801478189338626 1307997.719154
1440801116602593282 1692136.530126
1440738376076853250 1295032.6119675
1440708439643066371 742178.481093
1440708438187597825 791251.622952
1440708436203741195 2266190.9339895
1440490681156341769 1140718.2743145
1440487254137327619 1909713.83379
1440453174351912965 1822209.918186
1440107119479377921 1113225.49002
1439663692832915457 1808020.094034
1439635925294673921 4515024.6723645
1439380586125139971 2541245.471793
1439080935190716421 1846197.478062
1438896098421063685 3001443.4294845
1438714760942407685 1858486.8793365
1438714751165480961 5877416.7174345
1438666667869966336 3769763.283048
1438621779971346447 1985139.506217
1438547007245721608 2658269.2894275
1438285395792252929 935979.3829785
1438285350753824770 2888389.384083
1438168637865541636 3518611.8418815
1437854037572001795 1323116.638935
1437809224457850887 2508093.6504855
1436441862852648961 1498504.5547185
1436441137183526917 2095448.496351
1436440591496142848 1384985.9615025
1436414098506321921 4226878.332516
1436389786298638341 2887375.825215
1434588853096964096 5843378.0321175
1433961968273088514 19838303.260125
1433920012117491712 6829570.8106815
1433889149761642496 2829983.0543145
1433888837197975553 1987293.3188115
1433888493944524801 2246468.767683
1433888146106699780 2169058.2091395
1433887758175510533 3823017.3552375
1433829851060785154 7633407.4562445
1433644896892583936 4391032.6375125
1433641217275752450 12880348.3261635
1433570801865871362 22023874.032489
1433562281938456580 10328882.8024515
1433459839775035397 7032155.889423
1433213494623551488 6795489.893745
1433137809670344710 2111369.8169025
1432372718884868097 12367318.6124775
1432372707656622085 33409096.333494
1431663024562049027 2956973.534151
1430213613847941127 3703586.3352915
1429776889795670026 3411512.4548295
1428968548878061571 10497175.806159
1425588921233133572 6918679.5278265
1425495967772516356 1739267.017488
1425495321728077826 1921580.9188695
1425494742847033347 1592596.6029645
1425494187365965824 2082947.936979
1425493611202760710 1366910.8283565
1425350168048640003 2815413.145587
1425163494446419968 28575011.775807
1424798488726949897 1931843.202408
1424797792925413377 2107188.886572
1424572181074243587 2825717.660745
1423676011120496650 6754187.369874
1423325028419051524 7622173.8454575
1422687045538000896 16726086.292692
1422653610467332098 3079107.377745
1422591950637522948 5190477.1946475
1422589434990526466 6274985.1834075
1422571383473598464 1754132.547552
1422571381980471311 6412449.10488
1420908414809559042 8739622.4974275
1420902981076099076 33647536.057191
1420761280839753740 45656646.0730695
1420495889768927233 4177509.5693205
1418684876526555137 2420378.576784
1418627700864913410 1888555.7924205
1417107660457922575 5228992.4316315
1415381435762941958 3143130.512907
1413193430113480705 8142298.4712195
1408570710021136387 4022730.683853
1408570111456202754 3167118.072783
1408569543794909184 4741259.458026
1408289093457367042 1822716.69762
1408285485101813763 3237433.7192505
1408285481884733442 5467685.5450455
1407754191632695298 1976608.719078
1407460348228104195 1731074.083305
1407443307089653765 1499602.5768255
1407187820804919300 6129455.0226105
1407100612873900035 2213316.9463755
1404153379480170498 3423083.9185725
1403744272541650946 3394155.259215
1403200962999721984 9458869.209132
1403191213679804419 15030275.6116695
1402340154392543236 3625457.8392165
1402294641676804096 5453495.7208935
1400848227713253389 3232492.619769
1400846377081479168 5598519.1022565
1400128406407106562 1281856.3466835
1400128403764744194 6251588.8662045
1399744288938893317 2556111.001857
1399744286824927233 9074139.155487
1398131591499554817 5536776.4745475
1398128134793297922 3854859.9963405
1398128049724432387 3725673.47229
1398128040127844353 9857282.307495
1396675005988020224 5876403.1585665
1396651210854207490 7650257.872425
1396651208329228291 20040634.9491495
1395046782959185922 2863346.0337195
1391425743851241473 17820096.3958395
1387860167392260097 6062686.832181
1387164347747561472 3827029.35909
1387074647020040193 2082905.7053595
1384582616293249027 7052131.4454465
1384175178528157706 3004779.727425
1381848224533729280 41747476.214052
1381848042723291138 24917711.2954875
1377657878589317123 1641416.3551065
1377657868569075721 1217326.4320875
1377657867109494788 4926782.9624895
1374774606775558145 3108416.121678
1371176522078420993 32865871.0118655
1369699988268150784 30468170.814753
1369377714810068997 59484503.014335
1369333080092274705 2364717.302283
1368607632374689797 6638557.195683
1367522051762757632 5342679.9513255
1365416645624143873 16836310.819587
1365416643153727488 42703473.3846735
1354806780979605505 8893007.7394515
1353900448319643649 29325594.3491805
1351952799911669762 132627683.1022185
1351920546011893761 16265888.3350005
1351920472510902273 73101244.08972
1351640317515198465 75327737.3013795
1351252634720628737 9136937.5736835
1350697505558650880 2878253.795403
1350629002302550016 2529885.1661475
1350622489232117763 2276410.9859085
1350615635143770113 1749275.9113095
1350611245393608707 1677524.389779
1350605001450680321 1475741.711808
1350603353261178882 3160234.3188045
1350599329891770369 2479164.991128
1350595385056665601 1955366.2144695
1350564769686716419 2162089.991922
1350535647396655104 1599860.4415185
1350535646058713088 3917531.7196785
1349748316901310464 40711281.198
1347785480616570882 5750510.700837
1347404231934881792 21718666.1183625
1347265998676611072 11458747.5505545
1346602885757292544 3267967.180149
1346518398302265345 4409192.2338975
1337861812738351104 6295045.20267
1336717399735726080 2810176.424769
1335024814260547584 3664395.3923955
1334726779903168512 1448417.8539915
1334726728086769664 1310827.2376605
1334726678921183233 3407120.3664015
1334151147343421440 23319160.0341735
1333844795890958337 2420378.576784
1332420899471990786 3829394.329782
1331999111478972417 14219808.601845
1330974628588621824 7699753.330479
1330196677379108872 3632594.982912
1329960179077509123 2255337.407778
1329878022237822976 3156053.388474
1328837879930384384 2369109.390711
1328790254422159362 2692054.5850275
1328745598963519488 3512108.1724785
1328384763917307904 3795904.6555185
1325302918967304193 23095416.9140625
1325278121860325377 19883491.09299
1325172450045227010 30115790.181645
1325120729130528768 41140734.5366955
1324750699205337089 7905590.243922
1324401688787050502 11128918.6022595
1324368531014610945 19765327.021629
1324132787150974977 27031277.156604
1324016259466362880 26308651.9153395
1323704305531056128 12933137.8505385
1323429972804046850 33053675.023782
1323401436672282624 14707330.417353
1323285046816624640 20960777.4748155
1323085445706731521 4386809.4755625
1323040269852397568 11300210.0509515
1323021701945446401 12626662.987827
1322963864024174593 13781613.317913
1322665368108716033 42647896.5734115
1322209256611852294 51581657.8256805
1320932579550216192 34803035.3983305
1320104804086124549 6905038.714728
1319783669284831232 2081765.451633
1319453412098895872 3923486.378028
1319371935805890560 1774023.6403365
1318996052049973248 5630361.7433595
1318671161404706817 1900929.656934
1318598418369974274 2471225.446662
1318584001892732929 4952502.018765
1318289648003686400 1162552.021596
1318289261183913985 2169987.3047685
1318221882177384450 901307.223369
1318221711582507008 4503622.1350995
1317903194396135424 1590569.4852285
1317903071276453888 17133832.5789645
1317575167552282624 8228704.3647165
1317133489829937152 1531994.228982
1317133487053393921 7127557.1178735
1316771044049391617 16816504.1900415
1316510814073843712 2417211.2053215
1316171191711793152 7507177.145559
1314033922628415488 2419196.091438
1313510282744918018 4987089.7151355
1313247100713332736 8397081.831663
1311743426619039744 2058918.1454835
1311705016646787073 6826952.4502725
1308955820839690241 879980.2555215
1308844931541356545 3025684.3790775
1308844571745497088 8438891.134968
1308590399636660225 878164.295883
1308556534574579718 2490609.7600125
1308481994997641216 1855446.2027325
1308437898975346688 3955666.872087
1308216199247921152 853627.7249535
1307873405081853952 990584.866992
1307756691996381190 9995717.556216
1307727308942446604 4136840.519742
1307711222557495297 12538525.5979305
1307504084866400256 917270.77554
1307454702506786816 1992825.660966
1307424387079892992 9378882.521799
1307077146649731074 16269266.8645605
1307055567341584390 14167272.467187
1306991661482827778 8001920.5680015
1306991555807342592 24821127.581691
1306985130397843456 19029060.967266
1306797819416641538 1052749.810896
1306699997866373125 23187017.296758
1306663803367469058 24651905.4823545
1306661822007709697 22336768.1013645
1306597087828566016 14647868.297097
1306009974913593345 1027495.302435
1305880183040364545 8469255.6693885
1305636143883452416 873941.133933
1305309364702519296 837917.5624995
1304815262466596864 843365.441415
1304615869524267009 818617.712388
1304240449729691648 883020.9321255
1303769653458563072 905530.385319
1303394925094907904 824656.8339765
1303085950059380737 872463.0272505
1302709645065158656 1038010.9756905
1302356958280708096 1109382.4126455
1301955723987828737 1008406.610421
1301604214511034368 1034083.435077
1301309880498749440 1217748.7482825
1300995195471687680 6527192.4150615
1300513187884797952 9570825.2324265
1300465109370765318 17962797.03813
1300277987217035265 57708663.41436
1300251186851844098 22937048.3409375
1300241805988958208 23268988.8702075
1300222571812589568 11484002.0590155
1300220221706264576 42368956.726614
1300141937542995969 16235270.410863
1299441409116651520 1838004.543879
1299398966174334976 2303439.2223885
1299377611907375104 3792146.041383
1299089815921598464 3282832.710213
1298666850583158784 4076533.767096
1296901250168963072 2792439.144579
1296573502619660288 9946264.3297815
1295908875632144384 10888620.6873045
1295767724321148928 7996683.8471835
1295253692103319552 16490011.539687
1294408765039505408 2881716.788202
1294378710250844160 1912501.120677
1294325525553401856 3265771.135935
1293985450709774336 22056012.2949285
1291883456603930625 2863092.6440025
1291789029092888576 3263279.4703845
1291405915808133121 23186257.127607
1291056722165948419 2001694.301061
1291056720194592768 7086085.6675245
1290445126217670657 8437581.9547635
1290378036622159874 22392598.3023435
1289272524660867072 6978606.195897
1288997357783138306 6650297.585904
1288997355644006400 23111211.5397555
1283978663432564736 3922810.672116
1283978451427291136 5565198.354471
1276515663486414849 3168385.021368
1276515661330608129 11124019.7343975
1276253409465602048 5722848.9900645
1276009774195175427 4257580.7198925
1275998885710684163 8284956.8818905
1275145402157641728 6197321.235147
1274117962652250112 9551271.992598
1272972651552600065 4092412.856028
1272972559319875584 9469722.7353435
1272007339629920257 19957058.574159
1270041562265743367 17063981.4803115
1269682742934990849 9961087.628226
1268695126555025410 6098288.0874195
1268695124701134848 20365649.4928215
1268414959651717121 1743701.3375355
1268414958791884802 1754090.3159325
1268414957999108097 1094516.8825815
1268414957093154816 1025383.72146
1268414956187205632 1001776.2461595
1268414955344125954 996750.683439
1268414954551402497 928800.0076635
1268414953620271104 898688.86296
1268414952668139521 960769.343625
1268414951850258432 1117575.3468285
1268414950193553408 19912546.447206
1267669292784340992 14483840.686959
1266961189877059586 39103227.8222985
1266428366409748481 10791614.657313
1266428364199362562 32249922.841458
1266404031796113408 12825024.9046185
1266232866825895936 43428083.5120545
1266220379934097409 28303969.241856
1266218931028549632 36924118.487718
1266217835186884611 49171794.922152
1266217765645381632 12217227.4367745
1266216724434522113 27710403.8297835
1266175222782152704 11259921.0859485
1266174968716390400 4435798.1541825
1266160337226616832 8039886.793932
1266159831255093248 19718914.4717985
1266158347528450049 17970272.0347815
1266153435549691905 7774967.8448085
1266117254774652928 6902504.817558
1266117253050687488 20281186.2538215
1266092350146637824 13601875.545321
1266080464801984512 14499424.1545545
1266052843963772928 22247828.3106975
1266033877694296070 21170753.0869695
1265961933003341825 57538427.7561555
1265777986667593728 7489355.40213
1265724903459700736 18950383.4601375
1265702434044706816 15250302.3492645
1265685511403827200 20285367.184152
1265413362214506497 16588791.2976975
1265390735089524736 24924172.733271
1265337936226029569 12752006.434503
1265334628870586368 5771415.3524895
1265122922898681856 14304271.840845
1265092786358906881 17994639.679233
1265041997271666688 17399300.5391415
1264992035053789184 44185803.2291235
1264982188585398272 18896158.0606995
1264640757983399936 39242761.0931265
1264334451485507584 7403920.8358815
1264281229253160960 11481510.393465
1263953999859822592 6838059.366201
1263901516445839360 5492517.7373115
1263899855463710723 4961455.122099
1263898531686825989 9853270.3036425
1263896941026357249 6424020.568623
1263879064894320640 41098798.538532
1263877464826081281 20390946.232902
1263876824175542272 5897265.5785995
1263875809632153600 20508814.6829265
1263862617723953154 12554784.771438
1263686375884222464 27224866.900392
1263683051025911809 11432099.39865
1263682904569200640 21268181.433156
1263682451546599426 17802908.126703
1263681577252343811 27804411.4147905
1263669165350506497 26113921.917825
1263650839236730880 21559241.75475
1263620626264154113 17266397.632575
1263590414163951618 15332654.0072895
1263560214055280641 12797954.436519
1263536940705406976 5635851.8538945
1263530686398361602 31387468.708029
1263519107237871617 11532652.8846795
1263162870595911681 12307476.407646
1263137841623650311 11443713.0940125
1262915068909326337 8630495.9926395
1262776198041497601 7291246.8750555
1262473261792636936 26036342.4328035
1262412927975321603 25603003.785114
1261783578326773760 42119747.9399445
1261408469871030273 40459327.356063
1260964282054750209 7198210.617297
1259894565714055168 11559638.88954
1258874143337897984 14931960.4014735
1258118237750833152 7418195.1232725
1258064081979715584 39222574.3790055
1257753109159239680 11464068.7346115
1257751462236418049 2020022.823924
1256302936692420609 1935559.584924
1256302935073452033 4322828.57202
1256016124660944897 21226752.2144265
1253082713629704192 3668956.4073015
1253065321025433600 51471813.383361
1252052802471374848 2791510.04895
1252052630643367938 9998884.9276785
1251748421356134400 12350214.80658
1251716687516143616 21354080.547219
1251663018674405376 7351511.396082
1251573952834605057 2561601.112392
1251571964663205889 9632525.628516
1251207704044920832 4312017.277428
1251206880694661122 2626046.563749
1250158045658632193 9518669.182344
1249742464094633984 4864491.323727
1249741683832438785 3401292.4029105
1249741164028166147 6320975.417043
1249500133978304512 19276876.110492
1247915685608591360 11966920.627998
1247623597348315136 3776013.562734
1247360887637368832 8434372.3516815
1246905802952077312 47408455.881549
1245849833388179457 3654513.1934325
1242482502775660546 16395623.8701045
1240135570371874818 8146606.0964085
1239567679616241665 11909063.309283
1239339424485273600 7587332.75937
1239001374227980289 8488259.8981635
1238969456618954752 17102876.801871
1238301123888308224 26296869.293499
1237902245368180736 4564942.4466135
1237585172339421186 6542860.345896
1237523719083319296 4897431.986937
1237303160533745664 3459656.5010595
1237080224530968577 2745139.730739
1236724261374447616 4909341.303636
1235740293304954882 19377049.511946
1235492631112593408 967990.9505595
1235492486874681344 880064.7187605
1235492265503510529 509144.404692
1235491882299322368 11590721.361492
1235387657368121347 10096566.663582
1235316502544502786 6403791.6228825
1235112167726133248 33956798.2067895
1234622847827333121 5120752.790853
1234524574802333698 21183675.9625365
1234223456335450112 4223330.876478
1234207149418373120 12212497.4953905
1233526534641614853 6194491.7166405
1233525975708622848 4489516.7741865
1233525540100796416 3735133.355058
1233523818032840704 5436222.988518
1233256476614877184 35529461.48535
1233244554976849921 112378170.563022
1233243956483215360 18260065.4077905
1233121910931615744 22015850.024784
1233069746091786240 16520671.695444
1232900786486558720 32428604.8235625
1232735454992068608 32918449.378143
1232347823787560960 42180096.92421
1230963590242304000 5430226.098549
1229980851129110528 3839994.4662765
1229835579560316928 3845146.7238555
1228334875482001410 6977677.100268
1228046754655850496 6382844.7396105
1228003079749943297 1116435.093102
1228002860014555136 7289684.305134
1226938105438978048 4230299.0936955
1224835742888685569 7016825.8115445
1224510473510408192 3624824.364924
1224207726072356864 3465442.232931
1224142846267138048 51506781.164307
1223682486263107584 9546837.6725505
1223637189499600897 4470977.093226
1222030424739704832 16325815.003071
1221149288706609152 8087819.6820645
1220142182595620865 64928116.5362655
1216101829584359424 14478266.113185
1207502813657366529 19136287.0491765
1204493362029400064 5435378.356128
1204451049081229312 3721957.089774
1204054354547728385 2282999.1185505
1203373835640176645 3593826.356211
1202981192846450688 6751991.32566
1202637838363136000 2672628.0400575
1202441561327300609 3858745.3053345
1202374907100745728 10629403.0068135
1202272568012492800 1414632.5583915
1202272440824369152 2421054.282696
1202272243197198336 10578471.6736965
1202000620124659714 2351709.963477
1201592926293413890 2049373.7994765
1201550301406220296 3822552.807423
1200490207377678337 4917238.6164825
1199884235982561280 9531254.204955
1199418743098499072 8114172.2126325
1199372695978172416 6253700.4471795
1198722894760529921 10363935.0466365
1197297468146249728 3229620.869643
1197297465906458624 4884931.427565
1197297398793457664 8594387.957967
1196515637834612741 4109136.57735
1196507616781799424 4964453.5670835
1196475215053672459 7696374.800919
1196168762786897920 5641046.343093
1194842320375410688 5829357.1344435
1194785503519768576 17993921.7417015
1194679800415150080 1907222.1682395
1194299108250406912 9069493.677342
1193991726043545600 49207945.188444
1193754676237225984 12156160.5149775
1193528798244814849 8534925.837711
1193111473565790213 18931252.536504
1192852506096762881 2952792.6038205
1192692996925317120 6930166.5283305
1192264132633878528 19229872.3179885
1192065018029756416 7321104.630042
1191762240656904192 2792185.754862
1191117337924997120 23860527.164544
1189986852448550912 20323797.957897
1189633125145432064 12193282.108518
1189590627240964096 5834129.307447
1189363646943526913 23903392.2583365
1189264223827832832 23183849.9252955
1188200270649421824 34565778.1599795
1187543926678228993 61906655.319138
1187461361892085760 4376673.8868825
1187039142611476483 7409242.0199385
1186468038725365761 3006553.455444
1186016370640609282 5908414.7261475
1185651155201753088 26779238.851428
1185336170890219520 22706210.3087505
1185287687453831168 3181645.749891
1184571138870894592 85179022.7189055
1184174532124266496 177419805.6925035
1183476319109046273 22744598.850876
1180528431110320129 57504220.1443605
1179088293939445760 96671175.4804845
1178101892406071297 43879666.219368
1176923252922302464 7971091.4857665
1175145238794391552 21835309.8514215
1174800214575595522 3785642.37198
1174396451952005120 9294545.9776575
1174010837658292224 11024817.660192
1173781695910170625 37225187.7031335
1173670068074336256 8675937.2152215
1172903047132934144 8764834.774269
1172637937785196544 1468097.7886785
1172637604237283328 6518112.616869
1172108963111784450 7546410.3200745
1171848165793746945 18883192.953513
1171093577109131264 7347372.697371
1165422733745721344 54782518.962444
1165076059705860096 14446930.251516
1162208642478661632 52142789.353977
1159873036255817728 3196384.5850965
1153743718748315648 6857105.8265955
1150980656224071682 6276083.2055145
1150887602913853440 4054531.0933365
1150661875329380353 7454852.1689985
1150486399109308416 4387062.8652795
1149757674092785664 3600963.4999065
1149333227670085632 2373079.162944
1149333002717020165 5330306.086812
