1519790847742517249 1655811.783389
1518730825252057090 2259690.338083
1517202795568320512 2552382.1487895
1512140055384510476 3837481.7064435
1511448544275664897 2007405.3464215
1509964284289163265 2648626.310394
1509750684849082372 773261.770637
1509235778009899016 998184.023764
1508534354850598929 2292720.878752
1508482059928543234 1734781.351885
1507140832167489595 2501995.6590005
1506397286531706881 5703653.016901
1506379413193068545 678807.4412855
1505279284830633984 3230809.928688
1483560603956375553 1966483.272637
1461087059313979395 372474.9393175
1460412921490526211 812800.792226
1458580001540882432 356610.517075
1458184350655148037 606129.4043455
1457783137098895371 1284909.7269605
1455936796873740290 628936.206236
1453841704935591938 553275.115541
1453449736086687744 1106577.3497525
1448808465376235521 368651.206777
1446919553511006213 385735.969192
1446916703523418114 1507255.70639
1445846001932189697 392352.924794
1443972999900717065 444475.009495
1443661780329410563 1153980.7857865
1443304324646506496 461722.483933
1442584161064161280 1373533.5421545
1440863582866972672 502617.439047
1439003506363543552 697844.7479765
1438717239352565763 1776706.816478
1436089660380524546 686671.8557305
1435781218596003841 163525.583115
1435781216230379522 360759.6736615
1435646659287977988 537980.185379
1433184932612935683 468475.0328875
1432508360054685700 374264.7715705
1430924261154336772 1155689.262028
1429554076631461889 2325019.2153175
1428776741812809728 918889.031222
1428105065743663107 213505.2928465
1428105063449481218 1388258.980236
1428023560052817931 522332.7125005
1425545752667906049 176135.7648975
1425545750335918092 586739.554938
1423063450943729664 1158509.60376
1422970445884792834 160732.3600535
1422970444186103814 515824.2315805
1421140354636656642 728814.2696875
1420740719875182592 644312.4924095
1420454669047013377 189396.794772
1420454666970742784 452746.2039975
1418745742152323072 3844424.0860915
1417924076509843458 378224.0974635
1417862454722322436 1733316.943678
1417593321434742786 1223187.6329025
1417593311972364288 1122631.6026885
1417593280498266116 6793579.5029665
1417570072529301505 1390781.0165925
1415729448486199296 4373536.466217
1415728660594577408 432325.845111
1415071513586200581 615403.9896565
1414983537753661444 690604.062953
1414982483569950721 854916.0875125
1414982481913151490 5074093.0812435
1412881136028725254 612529.4105835
1412860605652869121 532637.8072905
1412860230891802627 418007.187087
1410412088724377600 785248.222998
1410412087143063552 3492098.3189555
1410379675881271300 1001845.0442815
1410349719453270016 397858.0149055
1410262311340679173 339986.7720585
1409637408790827015 767865.1552075
1408626187283304452 1863730.6301125
1408626069335265281 690224.401566
1408453532060065792 355010.5155155
1408453223044685828 549397.1456595
1407800506341158912 452041.1185645
1407432345766879232 520597.1175885
1407122721503252482 481491.9947275
1405694010899853313 549912.400399
1405676196134744064 2610795.7650465
1405670179728629769 1295784.313831
1405665065991241732 1046319.6639015
1405607598758400002 172583.219062
1405607498506137600 195173.0715885
1405607329031020544 378115.6227815
1405263596876046337 202901.892681
1405263594485284864 459661.464975
1404939844074180610 696922.7131795
1404578039401377794 945085.666925
1403431438439960580 378983.4202375
1403056427107823623 773749.906706
1402667290978512898 468366.5582055
1400890093766807554 1418252.229809
1400562191519027200 1306740.256713
1400541407299850242 449573.319549
1400522974613041154 458793.667519
1400242742744154116 1114631.594891
1400093101847285764 600000.5848125
1399900036520026118 3776681.6471825
1399811057925824513 1814917.0232125
1399810970352947200 497030.992924
1398462461611692033 1641547.362706
1397993870445584384 535295.4369995
1397974987684855817 1474008.216357
1397556507042992134 512515.7537795
1397379795835449349 1706632.171906
1397291408034205697 466522.4886115
1396996823122800640 638237.9102175
1395882725693743104 945465.328312
1395864044402221057 445017.382905
1395514928102973443 1929656.118098
1395122526485835777 928244.9725445
1395016516152692736 301993.514688
1395003869088739331 1089601.0620195
1394913220138180610 3781725.7198955
1394913218095689729 3466199.988628
1394913215994155009 16832287.592645
1394913213930622982 2644260.2044435
1394913210856185858 9091398.6917725
1394800545068568578 502671.676388
1394425270614978566 251688.3809105
1394425269042040834 286291.8044685
1394425266013757443 995716.2247485
1393305810122383362 923282.255843
1392633170823192576 596583.6323295
1392633061142011908 566536.1454155
1392496734044000262 1443987.8481135
1392152097387278337 1364340.312855
1391893449666744320 1145384.167238
1391875127885791233 593844.646609
1391846723723481089 579336.1578915
1391828047825756162 802739.7654705
1390762141687312388 1093018.0145025
1390518451282747392 2730823.0006795
1390432754878218242 1216380.846607
1390054993290424320 698658.3080915
1390054991973347329 659417.591878
1390054989226070016 1079268.848559
1389376606217539588 657356.57292
1389376603466080257 2987528.3356325
1387840339436740608 1228801.197696
1387166151524831236 3345060.8875045
1385777713781239810 1551133.715259
1385715881561321472 1132882.4601375
1385700811208941570 1114929.9002665
1384671728115216385 2016327.389016
1384201862912507912 919485.641973
1383155830183260160 599431.092732
1383148199217561600 675661.6755075
1383146960379518976 559268.3417215
1382774927917424643 914495.806601
1382737132502982659 1108475.6566875
1382522356019519491 635851.4672135
1382448913278332930 818766.899736
1382381654530949122 1126726.521934
1382359309934202881 940990.7476795
1382123160665944066 583241.2464435
1382121935312543744 606888.7271195
1382103524423569411 1453289.552095
1382102189246717952 1170441.81878
1382035922795909120 2001086.696195
1381764876373135362 924448.3586745
1381743586987843587 1016462.007681
1381685424226115584 2151134.3000715
1381684568898465793 1085018.006705
1380969418662895616 3644613.7218475
1380603354787704835 3346823.601087
1380603018698059779 677153.202385
1380557560491614208 1316150.4353765
1380316415765278721 1600733.7636035
1380274861289795584 2163771.6005245
1380254158440210433 710129.505713
1380245372786728962 735702.4119945
1380240619449114627 1071133.247409
1380208673876713472 1342238.5963975
1380194264756314112 1084746.82
1380187971576496138 578658.191129
1380183242557456386 646048.0873215
1380182897286553600 647458.2581875
1380181444065165312 483146.233628
1380179768218329090 1152543.49625
1380179468396896266 2753141.666501
1380178807957585921 490088.613276
1380076038852505602 726210.8773195
1380008806478794752 1613398.182727
1380000987276922880 1045804.409162
1379971209752838151 920055.1340535
1379899254412435461 750780.3927925
1379896165097873409 1040868.811131
1379896135402221571 1851391.635035
1379868534298173440 1070753.586022
1379820247402770440 1081628.1728925
1379624299007410180 1508313.3345395
1379614101375119361 2485887.1687235
1379573979627724802 1439513.267481
1379572877305864192 557885.289526
1379572638536794118 563363.260967
1379561850669424641 984109.4337745
1379509133192257543 1453750.5694935
1379473741730574337 1170604.530803
1379233752740634624 1132638.392103
1379193318890893313 1280977.519738
1379113686556569602 846427.943646
1378921485868277766 1695269.4489665
1378861150390026242 1893154.387605
1378739745518280710 1346360.6343135
1378467270230351873 4483014.5390255
1378399858751512583 3470783.0439425
1378134619996889090 3856600.369146
1378134398772506626 1427770.8831545
1378114433247891460 850387.269539
1378090468781694978 1564611.6944975
1378075453018107906 1386523.385324
1378061059928465409 1865628.9370475
1378036111092555777 3104084.3814415
1377835779393691650 4300153.343844
1377834011754569729 9001093.5190075
1377833258784759819 1216191.0159135
1377828504843157506 1096895.984384
1377814383045214209 1354631.828816
1377807366238838790 4033658.1688405
1377675261362143233 3076314.8628495
1377659658349899778 3152952.2256825
1377412441978462209 8755967.856358
1377389108880764928 1384001.3489675
1377336251477499905 2049656.2350605
1377292182499983365 925017.850755
1377285783703281667 1144733.319146
1377016818364116994 2066307.0987475
1377015976265281542 1189207.938766
1376898349446537218 2352842.9712505
1376662115499433987 628204.0021325
1376662090346192896 685912.5329565
1376662070163206149 411742.7742015
1376662059681685506 2317453.106248
1376636909238198273 1607920.211286
1376299554044178434 3508016.978539
1376219753962860546 2420558.291489
1375587859743207425 903675.4570715
1375587844165562372 3695895.127763
1375493699828740096 2128652.922227
1375300816462995457 3157101.382269
1375278963619061762 2351459.919055
1375205967424417793 1727215.2428155
1375205959950159879 3118728.4635115
1375205607498637316 2550510.960525
1375129803905363971 1249167.3192415
1374832670274772997 5471218.8920455
1374817539788742656 2314958.188562
1374555352562237440 678888.797297
1374555350217596929 1451689.5505355
1374554839716274177 5942839.690711
1374554347799859201 1280950.4010675
1374454861513695233 2259392.0327075
1374454858346946568 3663651.0285385
1374436048374095880 1892449.302172
1374406981952229379 1617682.932666
1374126569287872516 3135514.920551
1374074273761955840 10953176.777609
1374059465788461057 1145763.828625
1374059454606372864 1165180.796703
1374059443147526144 2763094.2185745
1373304181797261313 2901399.4381245
1372941435192836096 3442959.2880095
1372938966987464704 1131418.0519305
1372579695401734145 1807567.863507
1372317024924229633 3725427.3599375
1372046312305086467 2987094.4369045
1371911795728814081 2276856.4565095
1371667842467123203 3095325.05087
1371662469513416713 8479520.129281
1371636084350742532 367783.409321
1371614958404833281 1068855.279087
1370425644987805699 3352030.385823
1369998649221025798 3574295.009241
1369998639150473220 5371747.6086515
1369696469146476547 306251.1459565
1369696466063785984 1290658.8851065
1369057830687318019 2390890.465962
1367946241947041792 1518265.886613
1367888626328219652 860339.8216125
1367713072190615552 831946.573599
1365118304822521858 1131960.4253405
1364308969531957249 3283311.674776
1364037192289382404 3222511.615515
1363952561699528704 629587.054328
1363901521969049600 895214.4318755
1363223501486759937 1333099.604439
1362841835035525125 1189940.1428695
1362489788008308738 1063648.494351
1362489512236965890 657383.6915905
1362489268166217729 852231.339133
1362139068830683136 5658147.887802
1362094396087275520 1045967.121185
1362092034236948488 2137737.6768445
1361827233229201408 553085.2848475
1361710295924625408 1186577.4277275
1361707575834681345 398942.7617255
1361703237498281985 340935.925526
1361699995297017857 501397.0988745
1361677623378649097 570115.8099215
1361525073232891910 473356.3935775
1361525063720214537 766699.052376
1361525029427507209 1088516.3151995
1361429794198495233 1269235.1354115
1360984171015852035 897329.6881745
1360984009681952771 505031.0007215
1360334584936714241 1341099.6122365
1360333837541146626 568570.045703
1360027026514604032 544488.666299
1360006133277020160 400949.5433425
1360005296735670272 537708.998674
1359619709579059200 631268.411899
1359596933413695489 542183.5793065
1359593106144784385 1283770.7427995
1358878026310639618 508366.597193
1358876576536961026 2103866.45739
1358109047526932480 628881.968895
1357761018487861248 1900910.327368
1357417356436340736 989777.235909
1357375453686870017 1257357.1577325
1357375393116925952 1726157.614666
1357089470919639041 768326.172606
1357012985139576832 2074524.055909
1356684067681562625 440352.971579
1356650325613109249 2613263.564062
1355645618564321282 4245644.816139
1354958410689744906 6404752.0053375
1354137465926332418 1676801.634356
1352142732479881218 2789372.210289
1352108991086809088 5444317.1709095
1352108001277206529 3084287.7519765
1352008212439068675 1214916.4384
1351979042745028608 338468.1265105
1351979039695761410 3802498.6214985
1351284051114659841 305329.1111595
1351284043355185154 1009736.577397
1349794600781836290 1881601.833972
1349401779847524352 1722740.662183
1349401776978538498 5172425.3804765
1349363014080802818 5158025.366441
1347018651896066052 6648087.835734
1347018650184777731 4152600.6576535
1346615158479736832 906251.730769
1346606003048099840 449708.9129015
1346605261121855489 778088.893986
1346490108170670082 336569.8195755
1346489923956826117 396366.488028
1345066922199707654 544380.191617
1344720025714905091 755309.210766
1339976930498662400 720651.549867
1338653372090626049 837777.0877565
1334933611171209217 475742.8365815
1334728688940802051 1807079.727438
1334678396069097472 1330197.9066955
1334224087154044934 3200301.4243755
1334216394456621061 4164451.516662
1333929269907644418 1310645.345265
1331023246586736643 729031.2190515
1329658335990263815 1310726.7012765
1329602148598996992 3349454.1121255
1329518691621466113 14908353.5140225
1329264490182008832 10369908.412495
1329219169007624193 10220620.1313925
1328802634304720897 1072977.317003
1328533518536892416 486319.1180765
1328513823515570176 1225113.058508
1328513510792454144 2716043.325257
1328513155698450432 2085859.660178
1328512762264375296 1629425.3169925
1328512570869866496 1485967.5500475
1328511836711477248 1884883.1931025
1328488632727040001 3511054.269635
1328139744044322817 3667664.5917725
1327306623312932870 537220.862605
1326981457303261192 740014.280604
1326652936299147264 732339.6968525
1326602379651915776 954360.252236
1325953494281555970 938116.1686065
1325510800233000960 8045675.638622
1325176042219245573 1870862.840454
1325175768591130625 1353194.5392795
1325172210240155650 5340723.8495995
1325171890655166466 1224760.5157915
1325169609411059712 1489140.434496
1325168174002630663 3328789.6852045
1325141667960283136 6121226.30526
1325134301436866565 2129900.38107
1325134298069028864 7418990.2820375
1324104214340055046 1904842.5345905
1324072328171560961 2393683.6890235
1323996757949255682 15999066.4415325
1323995969743020034 13169314.530869
1323690635820412931 1137953.651521
1323629547741433856 1042902.7114185
1323390898953244673 786332.969818
1322580764484018176 1937629.007225
1322342589438152704 565370.042584
1321550566569304066 2274524.2508465
1321123647633772544 1376787.7826145
1320876658895716352 941424.6464075
1320876656186200064 1174618.094037
1320876647344529409 2993901.2232
1319358684321837056 1203797.783495
1319039349296566272 2020774.850978
1319021276174798849 10200715.0272455
1319010041668661254 1100231.5808555
1318707568714280960 916394.113536
1318707565597839360 2597317.785808
1318309039437082624 1419987.824721
1317194826236928000 1648815.1664
1317160743339388929 659444.7105485
1316879599507177472 2506985.4943725
1316833512532504577 1542970.9954385
1316757555507392513 1064028.155738
1316576495012253697 798943.1516005
1316576339449716741 5119679.566354
1316572363555655680 1671947.3923365
1316410069274169344 1793927.1722455
1316228647871602693 1057329.8441245
1316228468456087559 6175192.459555
1316160812885524480 1024326.422126
1316107705891786753 2911894.363608
1316031666293370884 2958213.052822
1315775446114426880 698821.0201145
1314690433746792449 2714117.8996515
1314690431314063360 10902464.863774
1314267293539426304 718048.157499
1313918446749413376 1150780.7826675
1313904411236687872 1073817.9957885
1313649791625175043 726997.318764
1313617128558190592 859146.6001105
1311990084179173382 7634122.695114
1311891728069140482 1519187.92141
1311736527202910209 2892802.819576
1311532384228044800 4165102.364754
1311312024165638145 16983745.3673875
1311165724484726785 9311059.9228225
1309176718637240320 509559.818695
1309176716347277312 2340503.976173
1308465003771510784 252637.534378
1308464996788051968 646671.816743
1308129771071574016 1184326.578076
1308129595221143554 579959.887313
1308129489478533120 421586.851593
1308124987987906560 462644.51873
1307386534274842624 797505.862064
1307181905532669952 567051.400155
1307181902730682368 1908069.65638
1307092263756070912 607431.1005295
1306651559187472384 745953.2694435
1304476069206978561 2503677.0165715
1304181779419394048 604990.4201845
1304181775627948032 695892.2037005
1304181764307386370 530712.381685
1304181752588509185 3930498.7462585
1304090121239556097 4402228.019606
1304083537679642624 1397940.3456045
1304079805701222402 3371149.0485255
1303788777505136640 3298986.266325
1303699297486082054 535675.0983865
1303699291949555715 1028448.460042
1303699286442475521 1968462.9355835
1303363301045223425 4031949.692599
1301934102166171649 4142675.2242505
1301585619454320640 7798977.0930835
1301286127966416896 12167415.2492465
1300839194923655169 2072924.0543495
1300156896050020353 8548618.501715
1300156331400155136 2364503.9995655
1299868135588163585 4974025.1870985
1299402861168570368 435715.6789235
1299402818894266368 677695.575795
1299198670064107520 2524070.2567875
1299168824088961024 958726.3581865
1299167484394663936 1826171.27147
1299167043825012737 809817.738471
1299166922869633025 742644.7916425
1299166728593633280 2496327.856866
1299166485613391872 3260993.0089545
1299164650919964672 4376573.757313
1298727203711012864 3055297.893212
1298362644911370240 898875.452393
1296511800481951744 3327677.819714
1294858858788085761 795092.3003895
1294832920633307137 3089331.8246895
1293613784473284609 3052802.975526
1292912318125236224 6857715.158699
1291099684287606786 442875.0079355
1291099678251999232 474034.36034
1291099668911333377 1703540.643469
1291097429706596352 4782079.2372995
1288536927717609473 1109967.183565
1287872577130512386 763770.235962
1287213660771819520 5540290.145809
1285651077686272001 13762237.142681
1285649002634059778 3299637.114417
1285642855382495237 4917998.0138455
1284336521831575552 6390541.8219955
1283879628684185600 913628.009145
1283879627157471232 2123066.476104
1283469381503049728 516502.198343
1282836390812676096 5724534.393186
1282836387738206208 33587964.9411275
1281387294084063234 18523814.6650825
1280539208659042305 232596.8368785
1280539206134018049 242088.3715535
1280539204187942912 920028.015383
1280504279472766976 7943492.488178
1280504162141290500 2723039.942246
1279560200786042880 1481520.0880855
1279509594415357952 1471947.197399
1279496522015535104 590644.64349
1279156976987983872 800000.77975
1277467843932549121 3207460.7533875
1276588345498337280 2944924.904277
1276586807577075712 1411499.6808545
1275863355689889792 423430.921187
1275554800373907457 403525.81704
1275528706081951744 348447.7972545
1275517356005965825 1242306.295605
1273725343971414016 328569.811778
1273670744451383296 518861.5226765
1272697283738402817 1734483.0465095
1272602577067061249 2128273.26084
1269696309012975617 553763.25161
1268986478618726402 768977.020698
1268336246083985414 1215214.7437755
1268273306769272835 2923718.103946
1268269919004745730 904407.661175
1268265484874649602 546495.447916
1268265438447878146 1598618.5073045
1268264507127840772 354874.922163
1268264474156433419 878265.262813
1265442088566566915 1043363.728817
1265426133098606599 1237614.7656085
1265321605380653056 318074.8862945
1262808059572871171 670373.53476
1261056911119716357 761763.454345
1261031822009434112 203227.316727
1261031794377400320 1386848.80937
1260687734559199232 548068.330805
1259970117707993088 187878.149224
1258818904417239040 511159.8202545
1258456981947514880 622942.9800555
1258247836191391746 2092313.903757
1257733939810258945 1506008.247547
1257453044339486722 243308.711726
