1520327148325998594 26306698.471756
1520327136988786688 46055299.691292
1519975013822398464 42375122.082256
1519632616089030656 40017427.083288
1519544001854345216 12903467.362484
1519240163322343424 23367026.243756
1518787119048966144 15911686.517072
1518787065147981824 13029464.4397
1518787000907997184 16061804.48098
1518605810859151360 40467605.76276
1518232498312220672 59954128.38936
1517261904628097025 31372201.485244
1516703393951383554 23410712.498588
1515585998716952577 84537750.638892
1515570758415699968 23666055.153836
1515566677433278464 86773848.334972
1515208730958352384 75816424.519396
1515208367408619521 15048143.199076
1514845981828804608 34046835.980052
1514815783058169856 16367627.732832
1514469515002003459 16456538.216708
1514408239198179332 17623432.347
1514166923931828230 23003674.969164
1514121235696824321 19388053.340976
1513668235912101889 21552021.993316
1513411707489583105 20681275.50496
1513031317281116162 86683088.388436
1512958734204428288 20053859.898576
1512676498032906244 90092621.472216
1512550858877251592 29192892.02684
1512505664685322242 19723331.719192
1512490499247988736 48438770.359332
1512248979966554112 41991504.590516
1512084283418038276 28691454.029644
1511631167098818563 25301836.738508
1511162021563154434 9194905.368624
1511161913501134853 20401208.454152
1510823560838717440 152766005.07656
1510482386672267265 88125202.030564
1509727325696405528 28657540.724868
1509440424410517504 21544079.037892
1509395189613273088 19216209.05782
1509349761685540865 33935868.220452
1509094577348956164 24046771.909404
1508972338317996038 13968894.13084
1508972329799282691 38103447.378496
1508700590301671425 28841649.865664
1506571515885543424 36980434.183316
1506556527481536512 25075832.401456
1505831662671650817 34777256.922584
1505484319313182720 60475949.411872
1504291497402789892 28160852.926504
1504019828449099782 30088732.803288
1503732754252550144 109334800.879388
1502990190771859459 105408644.736572
1502626515355246592 102499245.292112
1502139753487081472 47287392.247356
1502086905881579551 39627209.930056
1501918686801973249 100119200.997
1501830223981019137 36562475.090184
1501528224693559300 70123408.559384
1501483682615332870 28970372.4668
1501392379655311370 65475222.194104
1501211144115175428 92124519.022604
1500999815391748096 39311672.132232
1500743104747687937 22384494.338624
1500048562633150466 44955764.93788
1499671041215324167 39682888.490136
1499671031371337729 60390037.004308
1499550245272702978 23357973.610736
1499218049815048192 20346931.592088
1499036857320935425 34461913.80504
1499021774037520388 11355837.008596
1499021772015869955 23990353.56426
1498946352557924352 25441227.818988
1498236536130789376 47706811.442588
1498130865099919366 27937145.816756
1496651102695362560 15661113.528684
1496651094457733120 30622624.00316
1496318930289594369 22710856.360016
1496258523440812032 23602355.76622
1496137848482942979 12993954.756628
1496137710209175552 27864432.732176
1496047155358089216 33982416.2754
1495956512547737601 29452576.052332
1494642865783279616 68177423.41656
1494506989614878720 65471640.076952
1494325775260131328 98880898.140004
1493963389176999937 45045376.270764
1493812401862774785 23117446.124796
1493759588730273792 22187575.235404
1493752013691420674 24595088.918024
1492393088592928771 31999383.475292
1492015542965837826 47429937.148372
1491336121305165829 32377024.282436
1488437022708858881 36495719.222172
1487984025293959170 41572727.840208
1486957218641633283 39538864.018992
1486640215619878913 40977745.968472
1486564668047228933 18391621.263852
1485900301563416579 33578688.310736
1485175521927303172 34844402.151156
1484465868062871555 34264079.704504
1483725991298035714 34832818.674496
1482306642570276864 34047303.212724
1481581837264646144 21496479.709432
1481189257666392064 35196500.905564
1480494680643371014 34082287.25904
1480132309450125316 36687012.0653
1479377336663670789 38781304.645428
1478682758696390658 42410923.785748
1476931209586360342 58912472.083192
1476523465335361538 94642688.976376
1476387622688026625 90554403.096376
1476206374317088768 125752558.78432
1476100713550069762 30725746.147476
1475768548224278533 39039158.676288
1475028667357339656 39888062.037228
1474309929926557702 48935555.497836
1474213306768687106 48973167.727932
1474032105076441088 54447694.0097
1474029527730999302 106959545.719164
1473216746656247809 41433570.376064
1472476805357457411 49250645.531016
1472220160102899714 43857086.7777
1472129592710537221 38479374.999176
1471732002256998400 80697078.607024
1471653982569639936 35050373.887396
1471634999686275072 36396938.4481
1471268844438274048 35825610.230384
1470921550706663428 35876752.73994
1470317622462119942 43110020.671228
1469592905979334658 46105585.607616
1469170008311828480 54283714.809856
1468833366523138049 97107886.42596
1468758621924511746 35134573.108496
1468475432118865923 58494435.117948
1468467927615950851 47806020.513276
1467478869821296641 52010861.476912
1467116480399564806 42012861.017232
1467108928974729218 99317935.900576
1467101457120116736 62561890.207988
1467098859813806083 103990145.812408
1466994860184203265 100700633.121248
1466965527751184387 80199359.003176
1466950381359960068 48497135.507276
1466784301706780678 118119612.238192
1466754092320149508 52023223.674692
1466668186372575235 91974907.227424
1466663551024922624 30078142.196056
1466651965543563264 90485817.233732
1466300742260592642 108354429.925364
1465974782894415874 46981491.123392
1465923716873744385 43859987.513872
1465863266584838144 31639341.76546
1465516001991163909 35141484.258436
1465217807906263040 121098337.33036
1464855597686267904 134748890.267344
1464141972550029315 52283686.421304
1463779542753898502 50398013.229224
1463673885774155777 38317401.006216
1463417104896598017 70446441.547988
1463397407501127684 113995894.547232
1462991277662740481 65710999.481212
1462668936290668546 96163784.4081
1462661453622562819 138734384.959504
1462630412409139205 96901116.500572
1462601660283293699 83124352.338064
1461982739796611073 50206272.621452
1460986084288958470 89345652.705884
1460895552426577923 46590592.58918
1460548241729019907 46742560.015748
1459793282712539141 50257979.70382
1459687527883759616 54649421.715836
1459445987341070337 44011546.111852
1458781559822028805 49043233.160704
1458706114002837505 48605416.679012
1458630633404600320 31283271.53334
1458373923779710977 54111150.209664
1457727107073646600 87695464.780492
1457573629307207680 49190469.856468
1456478380522496001 43602775.927936
1455550316875636740 50049301.911688
1455474843273490433 49996524.08778
1455369098150354947 92405170.114252
1455006850860994571 109941541.440036
1455006804572655617 23741883.122896
1455006770649133059 24904786.307448
1454825574833131534 65285019.560544
1454750078023843845 74517498.223208
1453758440325586945 66009775.306928
1453677986918457346 45316157.072216
1453224956003823616 29844720.540336
1453134470500864003 43225582.885436
1452862594369273862 27151708.227096
1452256216730636288 141351433.027488
1451843337300832261 80532009.197612
1451480964836691969 71354800.26644
1451322434443878405 29614238.556844
1451118597762285569 66939957.684768
1450756209024270337 68952659.759548
1450235233538768897 57127915.828544
1450023927929970696 42062699.168912
1449163182090694670 56038777.002084
1448944425250410496 38358536.94938
1448574355470913541 53825340.090596
1448257207326449669 96855775.46336
1448242154124414980 24610799.61662
1448121342835007491 92577734.714444
1447940135274917896 146239251.34942
1446400101040070661 62909939.612572
1444527708956872707 59969313.4512
1444316181100318721 122441164.029688
1443908600766689280 56899672.668272
1443878414843142144 44627475.581716
1443848230026952709 42822711.514004
1443818027242307589 44823791.176068
1443772753899782147 42171369.701208
1443772746861666307 61792786.29382
1443485940480032770 36932815.386828
1443410346551635968 39639727.87206
1443410319011770369 27528336.696784
1443229080577445890 88533368.705612
1443153654433779717 45185896.496868
1442625403789611012 57726655.029684
1442625121319981056 34695510.673012
1442272577611714563 95193381.084412
1442096717994725378 110922963.667572
1441827318922551302 92801480.760248
1440556542676254729 52679627.174768
1440179096554594304 65673893.419844
1439939296761315328 164935216.294996
1439934913365479431 36334017.781604
1439934906583318533 83661884.059172
1439930396834033675 22156582.134828
1439907199623614465 134521562.104388
1439559962611503106 54792550.657692
1439514659602657283 64743263.27736
1439016361108246531 30387761.713368
1439016353562644481 78044968.620612
1438774778840502275 54912434.774116
1437989917930319883 56028400.54316
1437989595799384064 39270146.828508
1437763163320029188 26212823.64074
1437763058882027522 99430733.654808
1437650330666209281 159826630.535544
1437559659389349892 67733026.741404
1437401065331118083 80254180.970024
1437325254787940356 47884924.43076
1437294990787375105 33207433.016776
1437294983459917830 51324632.95794
1437291218900160512 31946118.950684
1437291212482875414 48791628.366832
1437287449877614596 31215853.752376
1437287443552608256 46525666.7158
1437283852209180672 35601805.780496
1437283799549636615 60302917.579008
1437279908082769923 29351692.731236
1437279902026268675 43750518.792428
1437276141903958017 32360826.88314
1437276135310561285 51201595.02098
1437272358083981313 30423076.71616
1437272351746363396 45336793.181896
1437264798878633998 21838708.173644
1437264795737022465 32904724.649404
1437264789563006977 46831373.159484
1437038283628945415 65351814.364612
1437023192715911170 97195765.104352
1436887339712745477 89280863.1087
1436706096454852614 134680284.936672
1436177614025084929 81586748.018596
1436173837046005760 37170325.328428
1436143638107537410 37481443.883896
1435800212618969089 118990027.770072
1435618940907048962 146838243.634924
1435588772565946371 62257721.738516
1435558605990760451 53701932.261104
1435241098910187522 77800352.848792
1434830087132618755 84650704.137348
1434063782087573512 54901922.038996
1433777313485783043 27020143.293872
1433777306078625793 50872760.560032
1433776952880467980 44715101.175744
1433414405140598790 57047045.640232
1433411887799046150 81168847.329548
1433052022341660673 51512810.916588
1433036926110494720 109255877.493876
1433029497570271244 44287310.728472
1432901040135831558 96704820.374248
1432719834522001412 140567338.73176
1432297116173438977 35184605.940456
1432266899761467396 45776089.233716
1432176449511825426 32511158.995356
1431934704203096064 42472481.690284
1431783667597254659 47903847.353976
1431428821723631625 48081629.385672
1430454991064498182 45041190.644744
1430379708118552576 72700547.169968
1430379443608965120 37342247.483696
1429367810409394183 45141412.052888
1428643065888075778 45170166.330244
1428507111164506115 35039257.643408
1428371242604646404 42754320.33164
1427903199738953728 46509294.104252
1427102889806204929 31192959.351448
1427102857480732677 26545006.602504
1426921681801539589 54117302.106512
1426529083773448192 34978069.631404
1426529058788024328 70289062.009636
1426347844592562176 32752095.309884
1426121407365206016 37827643.82582
1426091222611812354 43206426.345884
1425396690903728130 44308998.111664
1424173573908750344 55964097.646676
1423916891618242564 44404449.852948
1423146798609166342 46795766.136272
1422248674277552128 67150991.108288
1422074731814031362 54978995.961848
1421334862070312962 53776806.296792
1421093287599894530 46682403.809228
1420687000068182016 47560956.976812
1420368540222119941 38513852.876764
1419983633478127617 92319413.450912
1419715708015968258 69275984.768572
1419652227115884551 53087307.149116
1419553144833384448 54376402.091164
1419281327598161924 47908461.276612
1419253661746667522 20489826.917608
1419251133457989633 20625791.62516
1419248632272887811 14023170.992904
1419246099089424388 10912335.862728
1419243581886189568 11402677.083964
1419241057842208769 11828189.77196
1419238554157285378 11827352.646756
1419236042356387841 40831852.56664
1419160555013632007 48780745.73918
1418923368552669184 98336299.524732
1418557763098087431 28107023.829084
1418557628121182222 28360886.914204
1418557497330180099 17286479.718376
1418557290983038978 16568362.56954
1418557106395836422 16813250.893752
1418556933749936144 17403287.886376
1418556769454809090 45339538.173844
1418556547093864453 20897798.912376
1418556544900165632 38665411.474744
1418224341200764928 50957329.673664
1417862166435155969 77824064.906896
1417862133363007494 81690025.907136
1417862101117243393 78375769.352388
1417862054195515392 87889268.999232
1417862011375951875 75968781.306524
1417861957189734401 73673968.037996
1417861933701681152 73994314.438736
1417786537689849856 58940175.087036
1417499546733662221 101846131.888768
1417170295027240961 83367877.900316
1417107036483907592 46753754.131848
1416956107369586693 29021962.741
1416956069738258432 31007039.684048
1416774820839104514 60004453.24174
1416669133656104961 51965870.864204
1416412745876996099 60913590.681312
1416412703275450368 70339912.498772
1416412609612378113 69240591.893668
1416412575294582787 72046908.129868
1416412530113531912 71007821.603396
1416412455450734596 68796720.855268
1416412378141315076 66231691.3581
1416306725620109320 52185917.984688
1416304213915701248 53492436.811796
1416301690546909192 28316869.702896
1416299180872507394 27195024.589396
1416296671500136453 27703120.652168
1416294168062611460 29893721.566812
1416291618907299842 78762774.281
1416049988761702404 96918073.15296
1415974587334946832 46596588.741804
1415969549581578244 43721316.750428
1415959505376989186 29670267.541428
1415612202275336193 52708264.643956
1415536703750639616 31228916.799164
1415536639636500482 24770281.701996
1415531603497865216 100261531.749708
1415438457774686217 32363416.130864
1415170519863676929 100772255.99626
1415148176907018241 45838133.838952
1414917580595228672 58470119.550976
1414915007163166721 118676222.62674
1414737919319756800 59567142.928776
1414636115953295360 86377498.75292
1414524990465077251 55864129.322896
1414162599625707521 55937231.768036
1414039689321799682 57010815.640124
1413845464210759684 53493935.849952
1413741263652679684 90524578.07748
1413618972159787009 57907493.541776
1413528373284937733 44129016.192804
1413513788301611010 55354806.77436
1413498306555121673 101850336.982816
1413490640818642951 54159333.578964
1413460516933050369 62033917.288628
1413354737420836866 47120064.546696
1413301975559462912 67137869.657416
1413150963628601355 110196961.967396
1413135791803486208 57401091.19744
1413120690073571329 89537918.950412
1413090532058824711 32130851.068376
1413088030349398028 34167596.157736
1413085515725688832 21487193.460076
1413083074611478532 20896786.57492
1413080502731370507 21584747.748384
1413077978209128449 22735678.095716
1413075448729276423 53765962.605196
1412999946828009473 35010659.110276
1412440015930413059 93566691.068816
1412350806460825601 60384157.659852
1411958040257974275 250822101.274288
1411550368434069504 109732922.051988
1411281129932423169 28538221.181256
1411278632106876929 26320326.091356
1411276102153109510 18325040.608092
1411273572887064578 11522697.476584
1411271089091616777 11707760.550752
1411268529119141889 12469778.102728
1411266017242673152 12705068.689136
1411263509279645696 49370996.880112
1410825561304449028 68284517.038588
1410729275821465600 95036819.203236
1410704767764992000 35380863.130724
1410206493362720779 62102327.93902
1409783738637053953 35983301.257184
1409552637335203843 75356648.10212
1408711708533694469 53009999.609928
1407986873247539202 29308006.476404
1407941560885399552 116013599.905208
1407201731759407108 29280322.940588
1407028378377461764 80693340.745648
1406914858663047177 62988804.594
1406522219442806786 83909361.631108
1406159867430064131 51356229.567384
1405495442612314113 58236542.151032
1405019495303950336 11367731.973704
1404628095445860357 29414866.482096
1404626550113275905 19560773.685392
1404626547902881797 37953387.818672
1404606323103125505 58046553.66578
1404490990807777282 74905534.957304
1404453657689481220 53455895.32324
1404452826877550595 107375188.116964
1404411365096230920 150314415.778548
1404059313061056519 151257894.819512
1403970391224119297 72699826.852932
1403728849775390726 72460720.533036
1403726281863274501 93242412.12642
1403641495354183684 84605421.50422
1403641483832422405 109396709.208428
1403366469308608518 70651556.690996
1403290999628046341 52705324.971728
1403004036031291409 63963354.607652
1402943697952460800 31861433.028884
1402822894854365186 50174286.651448
1402649205022224386 51896194.791992
1402646683939262466 28765121.047596
1402641659339309060 68624409.33944
1402639169726255109 49914369.00962
1402639118325096455 62839134.394736
1402279248409157632 78537139.83648
1402203804439777287 79759985.079244
1402191921716498446 69464065.38708
1401956712664354816 83945455.35502
1401916891682119682 94862930.77714
1401554587132174339 73737024.980688
1401116656143794178 60309342.028248
1401019138370203650 59823517.389508
1400829763128684551 53686221.562508
1400754272661237764 52385056.4431
1400680607496040449 41251602.718348
1400474911466954756 55233579.364004
1400467363087085578 59627571.687688
1400464838061559820 38591724.988764
1400452215417053184 49009923.364796
1400391851392135169 47708407.820884
1400104964156923910 77912410.81796
1400074764568305666 65978412.31382
1400074751972757505 96023458.862276
1400029447688835075 84799868.167884
1400017650546200578 34356416.561308
1399751756330930179 85693937.353784
1399742870915993600 112564313.108252
1399304718967468038 51133632.135232
1398942345853210627 63702560.904564
1398939742100656128 114509285.91362
1398776167931551748 37550185.490764
1398430811955732485 44780046.517152
1398292985872257026 84053191.421972
1398267321802764291 90620049.286792
1398107575241957379 43627948.08814
1398066493330427910 33724932.137072
1397930631313514507 34642771.78516
1397900402864148480 55824064.121272
1397741849276649478 58998559.703008
1397515396937228289 28299990.92262
1397509535258923011 63832042.758792
1397413937797242882 100012710.88384
1397215120204476422 42905372.760892
1397208474669527042 42585513.060852
1397160664431415296 61845564.117728
1397158002134855680 128748902.441828
1397130631860035585 36707862.323288
1397030811526782977 28911812.638576
1397024681513816070 49420445.671232
1396767961977802754 83945864.183608
1396727591097143297 78941743.862404
1396662607436681223 111426913.04038
1396647102478884867 81289782.719484
1396405633151234055 49775581.438008
1396327197518942209 74896443.388228
1396074473900544002 34187998.65108
1396074471195234304 33530680.153688
1396074468301103106 53419684.79116
1395967731405496320 88214579.747112
1395967679987478533 32143232.734184
1395937652612816905 87535826.950892
1395864478856646660 32435739.854884
1395861967500414976 52778972.521652
1395763845608591364 42308833.446916
1395756270049583106 59400185.120648
1395673822477438977 128874023.457784
1395641306429284360 119926108.960396
1395597721982095364 44698845.372364
1395544993675169798 57972555.691352
1395227851981418496 72155598.130192
1394098017775484931 57225898.413468
1393867024367972360 104821450.076036
1393732937401585664 51848575.995504
1393702738689773571 25935053.817236
1393483922743324674 49087931.752992
1392147487230627844 86218873.260776
1392026747445514246 41891224.778288
1391975034491588611 72016207.049712
1391196279393325057 66164078.896856
1390969812583542791 47955476.564232
1389853104191926273 34890093.612872
1389761791878598657 91724665.195512
1389505131448655876 43339159.360788
1387995147724460032 60971138.17208
1387678118538747905 46065870.830496
1387632747934457859 26775508.054024
1387058957110284290 81896406.471964
1386696576697991171 46410669.074404
1386636304608157699 39672025.330512
1386228550903029763 50539039.624056
1385533956448165888 30623110.70386
1385531454193504261 31886838.805424
1385528916429869059 19484400.611548
1385526444671918083 18114532.821328
1385523894631555075 18873669.10516
1385521377420005379 19919277.421012
1385518874100043780 49874615.296444
1385428363754434560 85492131.775536
1385247025462013952 94452447.40676
1384884786641133570 96418465.150396
1384884719960141824 81206303.81542
1384703442053128192 37926152.0475
1384522314985861123 115212938.317652
1384522283134246919 53878877.167596
1384130687955963908 93321140.831652
1384084400082587659 75171993.85654
1383737154379993095 45693953.623584
1383284208710258698 54548304.778404
1382982178624073734 45032741.520592
1382529196237283331 42957644.416072
1382166782044106757 47071667.029088
1381804433277812739 51258052.30218
1381562820983058436 42984101.466124
1381260750736347137 91180592.216996
1380898370869473282 105983009.966656
1380822928778924035 42174523.521744
1378648596468232194 45371056.911176
1377923837707251713 44048379.620828
1377485887068463107 44652686.677976
1377199045282656262 43583833.536692
1376836797565521922 73447379.3904375
1376791390131159040 31553829.3164675
1376570709997191171 25716658.48304
1376570708600385537 44767270.667
1376556606746337292 100647685.3619475
1376398791369056257 38777266.7739975
1375387346195996672 44306036.1781975
1374741478816157696 50100991.4218275
1374714806775599108 105996517.27035
1373182654565130242 42808425.2187025
1371319597152923650 119277557.1230775
1370558969492635650 109839551.4170675
1370328949947998215 45608770.6407025
1369976463529713667 17958133.164615
1369973965813256197 19201761.975795
1369971461000077315 8876138.585615
1369969004110962690 33225601.102925
1369966411569799168 18537865.876705
1369963888716832769 19460143.573885
1369961389767368707 8683940.014575
1369958842683981827 9577468.2638775
1369956433513517058 10320477.9467475
1369953839294554112 9916206.76851
1369951297814765572 35499198.49056
1369626594348654597 131677425.4419575
1369625332299354112 136275979.01134
1369624073710534662 114340743.250125
1369622816501342210 110942436.0915325
1369621557354528775 115931699.05702
1369620299373744129 116922263.865925
1369619047961292805 115645294.8766675
1369599007744397313 36412715.544275
1369596495037566976 21033348.55734
1369593954568523776 21762490.4093975
1369591427223613441 10008250.90902
1369588920552321025 38154285.557815
1369123062470209539 83884920.957285
1368939567731023874 106208685.51776
1368879227789996033 47558013.811665
1368516857825665026 52393716.8519625
1368154461303021577 55253416.58984
1367792080206983171 50933596.8557675
1367429684984639490 51425015.395635
1367067286264193024 53282061.4017475
