1520856795425738752 4478.337897
1520817082895634433 16204.4772395
1520817062851059713 17987.592832
1520817042491858946 14600.3360745
1520816987668193280 50851.2749305
1520495984740126720 16974.730146
1520494579837026304 9928.4406485
1520416537479630850 17573.963044
1520102773601230849 1231.6092085
1520089727604514819 3790.2806535
1520088693201113088 8501.9481745
1520043490025312258 20678.837927
1519770526998310913 10159.1187995
1519735211600265216 6240.2417055
1519729993428967424 14207.9180705
1519729965046108160 7691.923173
1519729924155789312 8821.450671
1519729892828536841 33464.240733
1519642531612528646 2171.556387
1519396778067517441 30596.6726835
1519336770952998913 18851.97303
1518991673984012288 2257.7292595
1518988249016016896 21272.767879
1518988214962470912 21862.7206215
1518988136872919041 24605.66944
1518988117361020930 93467.074723
1518640334175092736 8684.8998115
1518636452766224387 14238.41001
1518242427378806785 4418.6797545
1518235988438491136 12239.199368
1517951657195278336 12033.7102105
1517947748238213121 22585.247014
1517930889166131204 2343.902132
1517896118818029569 2435.3779505
1517873907109437440 34518.2012505
1517501748209987587 10772.934799
1517170936549720064 7992.8653585
1516925793049321472 17543.4711045
1516904685403185153 36933.6931535
1516904139682291712 1765.881018
1516903282148462592 76908.625838
1516902918900776960 23427.0896915
1516901864465387521 25409.065759
1516901579764289536 4161.4868735
1516896804377300992 5412.9821295
1516895869756354560 5843.846492
1516891768175964160 1976.6731215
1516484631041822727 542.2262285
1516484509176418308 3684.2217335
1516472350803468290 912.106712
1516420656426016778 19009.7356735
1516327144997097473 6899.132746
1516088912434892803 5851.800911
1516048570633396229 9300.0415475
1515811754508709888 6297.248375
1515686862018514955 2125.1556095
1515351142120706065 9606.286679
1515348437914505218 1482.173407
1515042550423371787 9969.53848
1514756398789320715 2406.2117475
1514714676541759491 1484.82488
1514714033173282824 148149.7281385
1514710783950786563 73360.954964
1514709589891166217 7458.593549
1514708693203529729 3966.603608
1514708099965276165 1856.0311
1514700223943217154 22199.4576925
1514699275304906760 6244.218915
1514698996094275588 2598.44354
1514698302318690316 2050.9143655
1514697795319615490 7377.7236225
1514696809469382662 35810.794338
1514695888765173765 3245.402952
1514694758878388224 2440.6808965
1514686505326940170 6815.6113465
1514686182449364994 12309.4634025
1514685291327537171 11842.8041545
1514683480533254151 2149.0188665
1514674390964789249 9807.798627
1514672181019611140 4641.4034865
1514670939677540356 1711.5258215
1514670407382708226 3062.451315
1514669878946537476 2949.7637125
1514668399187709958 9034.8942475
1514668013525651461 5873.012695
1514667447000907781 24526.12525
1514618680146948098 445.447464
1514616155612143617 5611.8426045
1514359532897591304 8316.3450645
1514358267840970755 836.5397315
1514357745159450626 7042.312288
1514357175258390535 1909.06056
1514356956831666178 9171.445107
1514356060487925761 2806.5841705
1514355447481999370 1582.929381
1514354939790864386 5053.707538
1514354232694083584 27123.2430535
1514351566442090499 4081.9426835
1514348965520621570 2996.16449
1514347284401729538 2489.733147
1514344885956063241 5206.1672355
1514344138489184257 2948.437976
1514343561646518276 134310.364815
1514340113005875205 829.911049
1514339442441572354 2333.29624
1514339124412620811 1482.173407
1514338881604403201 5255.219486
1514338430079148035 2260.3807325
1514337855912431625 1185.208431
1514336886243962884 79614.4540345
1514336477857165312 5231.356229
1514334682355322883 1402.629217
1514332884030697478 2945.786503
1514331970528059398 1329.7137095
1514331583314112512 1079.149511
1514330736651816960 1311.1533985
1514330342756397059 957.181753
1514329442671382531 1390.6975885
1514328526144651270 2396.931592
1514328244962660362 2640.867108
1514327626042822656 19399.5022045
1514327067156004875 2626.2840065
1514326248079728655 3195.024965
1514324770841673738 2420.794849
1514308027238821897 928.01555
1514307870828998656 2212.6542185
1514307109860614151 2248.449104
1514306558548754438 6893.8298
1514306256248389635 2300.1528275
1514306030452281348 6099.7136365
1514305281194434560 2001.862115
1514304736891133959 10495.8558705
1514304659057426433 2821.167272
1514304311219601419 4556.5563505
1514303971174793221 9904.5773915
1514303585517023238 2009.816534
1514303096255651840 2921.923246
1514302864432238594 68108.386951
1514302518641274886 1740.6920245
1514301675237953548 1487.476353
1514301101264228352 3344.8331895
1514300163963109379 837.865468
1514299868981903366 2574.580283
1514299584260063237 3324.947142
1514298921564188683 2411.5146935
1514298266220957696 2731.01719
1514297489570074629 548.854911
1514297203036151808 1434.446893
1514294913415974917 16785.1498265
1514293605657190402 433.5158355
1514287603209625601 3428.354589
1514286744149110795 3690.850416
1514273667018018821 8159.9081575
1514273647556501506 7906.692486
1514273626077474818 5177.0010325
1514273595610042370 4893.2934215
1514273571618623494 21946.242021
1513959785179365377 1665.125044
1513950377296764928 1716.8287675
1513949982390431744 2545.41408
1513949891113988099 6518.6463705
1513948275669409794 2693.896568
1513946183386943494 860.4029885
1513942757320142849 4490.2695255
1513942015435849743 14359.0520315
1513941649075888139 2632.912689
1513941336965189639 19850.2526145
1513923472275251208 2045.6114195
1513914833057587210 461.356302
1513914789864644616 6823.5657655
1513894265738379281 3305.0610945
1513893837395091461 5226.053283
1513893439359922176 130070.659488
1513891896086695936 1466.264569
1513891106378944519 1438.4241025
1513890479074594824 2312.084456
1513890118184095764 1643.91326
1513889915326578696 12589.193804
1513846201157890050 1174.602539
1513715440601681922 53425.8552135
1513695288896147456 3416.4229605
1513694710858199046 4679.849845
1513693927005724688 8086.99265
1513663325460209681 31260.86667
1513662234748231684 1415.886582
1513556223962099713 696.0116625
1513556149433520132 10354.002065
1513541789873016847 3069.0799975
1513539988348182528 2875.5224685
1513539491021131776 54919.960249
1513539245931208718 84807.363905
1513538546396766212 670.822669
1513536625896214530 693.3601895
1513524610192527363 611.1645265
1513523427033952263 664.1939865
1513520484645801990 1011.5369495
1513295679518609408 2125.1556095
1513286026659250178 2945.786503
1513285483626962947 1779.138383
1513230317720584198 1125.5502885
1513195195956875275 56262.9313235
1513195149886738442 50672.300503
1513195039987482634 50026.6668275
1513195018831417354 167611.5399585
1513149505931259905 937.2957055
1513028769581309953 1378.76596
1513026505420460036 10509.1132355
1513026355654443008 15039.154856
1513025900148928513 888.243455
1513025473269444609 4103.1544675
1513025111804329987 4217.1678065
1513023763394220037 1213.0488975
1513023615440142338 2150.344603
1513023223205666822 2709.805406
1513022557708070917 4498.2239445
1513019396058406915 5412.9821295
1513019075320033280 5080.222268
1513017319789936641 2304.130037
1513017032798883840 1715.503031
1513016912149872642 5097.4568425
1513016381230530560 8287.1788615
1513016018754547716 2903.362935
1513015675081666566 4271.523003
1513015503886987265 4711.667521
1513014855124533250 1352.25123
1513014517135032322 1968.7187025
1513013741582962699 1350.9254935
1513013235401863169 825.9338395
1513012753094660098 979.7192735
1513010540540481538 1726.108923
1513008559092649993 2001.862115
1513007567143854080 47194.8936635
1513007019321667584 1468.916042
1513006518806982657 5866.3840125
1513006019772915723 4207.887651
1512869493596475398 8654.407872
1512798218018504710 680.1028245
1512798135273201664 3157.904343
1512608445169643523 4669.243953
1512530486941343747 8207.6346715
1512530261279481859 20518.4238105
1512529396313300995 2139.738711
1512529150803955716 1748.6464435
1512528181730983936 9550.605746
1512527270006726658 1606.792638
1512526970977980419 556.80933
1512526449961582594 4441.217275
1512525437397831687 1521.945502
1512525094735728640 2762.834866
1512524567415242752 4076.6397375
1512523706752540676 3674.941578
1512522848618827780 1134.830444
1512522596910252034 19358.404373
1512521359905234944 12385.030383
1512521182632943624 83908.514558
1512520074128732165 1275.358513
1512519694661689354 1137.481917
1512515513339027468 2911.317354
1512513571963510793 5165.069404
1512492415768268802 839.1912045
1512492096141332486 449.4246735
1512491732960690183 621.7704185
1512491482393022464 562.112276
1512491237818966025 467.9849845
1512490997074247687 446.7732005
1512490936718221316 432.190099
1512431331204022276 6388.7241935
1512163413362884609 16791.778509
1512163319167295496 26167.387037
1512082484053241866 1149.4135455
1512062820082278401 12158.3294415
1511871226368692230 1852.0538905
1511856707743408132 1238.237891
1511766210299449345 35580.116187
1511701684799553538 32884.8938825
1511454982360690690 2552.0427625
1511363428471947274 7740.9754235
1511363194006249476 43998.542962
1511362790891704322 6105.0165825
1511361872318054400 3566.231185
1511359057961132039 67417.6782345
1511358464064380929 5627.7514425
1511357807211253766 2350.5308145
1511356608483409924 2485.7559375
1511346266667724800 1120.2473425
1511344168236466176 7437.381765
1511335737022685189 3933.4601955
1511335232158552068 6098.3879
1511167123539865608 14067.3900015
1511114911706931203 694.685926
1511039460007415818 1536.5286035
1511037719551651849 689.38298
1511036125846114305 5092.1538965
1511036123686092800 16329.0964705
1511036121052028930 10243.9659355
1511036118283739143 7295.5279595
1511036114869567488 6844.7775495
1511036112248180747 7271.6647025
1511036110058754055 9171.445107
1511036107936387076 8788.3072585
1511036106086752258 9941.6980135
1511036103578591242 7836.4284515
1511036101284216837 7506.320063
1511036099149373454 10168.398955
1511036097459113989 8859.8970295
1511036094673993734 8242.1038205
1511036091213955072 8460.850343
1511036087531102211 8447.592978
1511036085723439113 10616.497892
1511036083710087172 13843.340533
1511036081659125768 13560.9586585
1511036079721394182 12244.502314
1511036077242564610 9350.4195345
1511034055579553797 23370.083022
1511034053285318660 15352.02867
1511034050953334790 11221.033736
1511034048906510344 14772.6818195
1511034046461194246 12341.2810785
1511034044468899840 13258.6907365
1511034042300436485 14165.4945025
1511034040077455365 14967.565085
1511034037930020864 16521.328263
1511034035849596934 14247.6901655
1511034033156894727 14941.050355
1511034030577397769 17003.896349
1511034026798235654 15328.165413
1511034023191142400 16937.609524
1511034021098233858 18853.2987665
1511034018652991493 17465.252651
1511034017033957376 15341.422778
1511034014957813766 20408.387681
1511034012667715585 16876.625645
1511034010637639682 19614.2715175
1511034008607629314 20755.730644
1511034006233657353 22887.514936
1511034004069310473 27644.257498
1511034001854812172 58634.673922
1511033999745036297 305204.4283475
1511012077502185480 738.4352305
1511011498671460352 5086.8509505
1510826126532390914 8230.172192
1510820958059307013 3602.0260705
1510650896799211527 10043.779724
1510305632607674368 11858.7129925
1510008294538158080 6510.6919515
1510001892449005568 3282.523574
1509658838324203520 10047.7569335
1509658104031584258 16880.6028545
1509655350970130439 13245.4333715
1509654542434115589 6987.9570915
1509635915525894152 6443.07939
1509634250282254337 19850.2526145
1509544755142840330 6623.379554
1509544711438090241 5426.2394945
1509544673525776385 20531.6811755
1509316378771214340 4964.8831925
1509311047865405442 89967.130363
1509310629643014145 43154.0488115
1509310507026731024 1162.6709105
1509303706373734403 3419.0744335
1509303520599674886 11776.5173295
1509238755080691724 2366.4396525
1509237547402207239 8264.641341
1509193282043195393 7624.3106115
1509023321324728327 76837.036067
1508824975997865987 32556.1112305
1508607545950277633 6429.822025
1508575046612271104 4067.359582
1508574005959311368 9213.868675
1508491337678696456 1133.5047075
1508477708090621960 4606.9343375
1508477349691592706 12135.791921
1508475339701428242 2410.188957
1508474572525510663 6272.0593815
1508474473908953090 44922.5813025
1508473641033469959 2400.9088015
1508473505721077768 2631.5869525
1508470757466198021 8109.5301705
1508469664615120902 5505.7836845
1508369221474000902 7946.464581
1508369041865551878 27015.858397
1508366320710127618 6167.326198
1508357493377978371 1130.8532345
1508356157018198023 29033.62935
1508355769544192002 3847.287323
1508352456014630914 1508.688137
1508350928168132610 7050.266707
1508350672336564224 2152.996076
1508350029576163329 5538.927097
1508349096263925766 2001.862115
1508348742679896067 2497.687566
1508347085879447553 8789.632995
1508346643854278660 4193.3045495
1508345906835378176 14756.7729815
1508342697425354753 33787.720439
1508341638845898754 116404.967646
1508298369017470980 8943.418429
1508298059142291461 9538.6741175
1508294185287303172 4461.1033225
1508234743271276550 8924.858118
1508234515864506373 3834.029958
1508219313123168260 10564.7941685
1508206917973381130 12512.301087
1508206421543895043 39045.591398
1508205594645250050 4180.0471845
1508205216771936258 1833.4935795
1508204605238300676 45702.1143645
1508204405388201986 7676.014335
1508204184381890561 13440.316637
1508203986821820425 1730.0861325
1508203403109081088 9742.8375385
1508125822447767553 53786.4555415
1507773429176492037 725.1778655
1507751936413552657 5572.0705095
1507749381210095618 1022.1428415
1507658402830467074 6885.875381
1507652937924943873 5313.551892
1507652745448280064 13485.391678
1507651647438299139 2856.9621575
1507650501701156865 2174.20786
1507650213229568007 36958.882147
1507650115430985728 9018.9854095
1507649677025497090 1121.573079
1507649163701497861 3381.9538115
1507648581355847683 3564.9054485
1507647017849401356 15089.532843
1507645888629559296 1549.7859685
1507643422345154563 877.637563
1507642186451533824 11099.065978
1507640772618858501 1743.3434975
1507640071503204357 8537.74306
1507639398212554753 21581.6644835
1507634256838807552 1081.800984
1507631450073739265 7679.9915445
1507631256976211971 149895.723109
1507630771615502338 5447.4512785
1507627857174044674 4246.3340095
1507627496002531328 2672.684784
1507627049640464388 935.969969
1507626877644689409 660.216777
1507626732429484039 696.0116625
1507626194841260039 2941.8092935
1507625610612514817 12183.518435
1507620956369473539 6240.2417055
1507620591037202440 2618.3295875
1507619372570923009 1270.055567
1507618607148277764 1726.108923
1507618200917360643 37929.321265
1507617528931094530 2720.411298
1507617271753195520 1613.4213205
1507616778289045508 742.41244
1507615767193337857 14693.1376295
1507615510535577601 2293.524145
1507615143181623299 1185.208431
1507614938797383681 75166.608077
1507614642641809408 1337.6681285
1507614404782792705 1967.392966
1507614195872931841 2170.2306505
1507613581608734723 1529.899921
1507612677111173126 5104.085525
1507611146748145666 3731.9482475
1507610559256141827 2982.907125
1507489559050952704 10886.948138
1507029649611792384 5068.2906395
1507008634798022663 13521.1865635
1506999634715201539 79359.9126265
1506792540158234626 5081.5480045
1506791949340229639 4124.3662515
1506791501472403456 8714.0660145
1506776699064754178 55316.3554625
1506764626796724228 48877.253282
1506757359808491528 6885.875381
1506751666703511555 6061.267278
1506749066167918596 69537.530898
1506748021647847427 2190.116698
1506745859450576896 6355.580781
1506732011033141254 3594.0716515
1506731589878829061 1476.870461
1506726021143404546 5663.546328
1506725928608612354 3086.314572
1506725313891479561 16702.9541635
1506724190421934085 8800.238887
1506720562739097606 1154.7164915
1506720083313414148 1769.8582275
1506719838747697160 10266.503456
1506719413252276231 5491.200583
1506717874173403140 1274.0327765
1506716508818444292 3602.0260705
1506715102573121538 593.929952
1506655762231275531 3298.432412
1506500803032399873 2582.534702
1506500642294091777 7951.767527
1506498473037905923 12500.3694585
1506497829539303424 3599.3745975
1506425492819386375 5484.5719005
1506425080175337474 8063.129393
1506424208112422913 937.2957055
1506422887372181512 2874.196732
1506422312660344836 2160.950495
1506421815060611074 11894.507878
1506421299865866240 2196.7453805
1506418733325197318 593.929952
1506409586852610049 572.718168
1506409379876282372 5633.0543885
1506372266183041029 10657.5957235
1506299736541835278 2139.738711
1506179972800651270 31519.3852875
1506179611226476545 5965.81425
1506178381414555656 4296.7119965
1506178030833651716 4906.5507865
1506177128597004297 48272.717438
1506176655500484608 11871.9703575
1506175696913244160 3387.2567575
1506173083446558721 2643.518581
1506172644873453569 3379.3023385
1506171761305567233 1126.876025
1506170441261592578 2203.374063
1506168149225398276 2605.0722225
1506167960230113281 2514.9221405
1506164117639467011 1276.6842495
1506161721911746570 6074.524643
1506161517846269952 1256.798202
1506154786412019712 4511.4813095
1506153436798234631 5943.2767295
1506070134779269126 4980.7920305
1506014191261413376 2102.618089
1506005554707247108 4027.587487
1506004080933715968 12269.6913075
1505999652482596867 4349.7414565
1505998228696752135 32499.104561
1505997593427562500 1313.8048715
1505986730314379267 1010.211213
1505986615981785094 11602.845848
1505985670850007044 2927.226192
1505985507825750016 4746.13667
1505984925631234049 4184.024394
1505685381093761038 32280.3580385
1505683855210074120 3608.654753
1505683284956700679 2145.041657
1505538321635815426 5566.7675635
1505354713574907904 3657.7070035
1505082923799744513 78144.212256
1505082601979191296 28509.9634325
1505079725487792129 10863.084881
1505079024002945026 3175.1389175
1505078886291451909 7979.6079935
1505078335528968196 2175.5335965
1505077550904655874 2675.336257
1505077309719601155 1853.379627
1505077243827138561 2792.001069
1505076719778209798 3554.2995565
1505075885359214596 24154.91903
1505075262119108612 7687.9459635
1505072276374446085 6614.0993985
1505069185122152449 2578.5574925
1505068353769156609 1702.245666
1505067899056271363 26968.131883
1505062532175872001 8779.027103
1505062175764795395 1688.988301
1505058886608465922 2334.6219765
1505057733673984001 1988.60475
1505055736589602816 5150.4863025
1505054495033761792 2024.3996355
1505054148357763073 4112.434623
1505053100893163520 3912.2484115
1505052857153773568 1785.7670655
1504973976296169476 3319.644196
1504966828665282561 12467.226046
1504966079470346250 31447.7955165
1504965376119119876 1468.916042
1504943626828328966 18836.064192
1504891411048669192 115484.906515
1504890826127822851 1593.535273
1504881427472687105 407.0011055
1504734662614212714 1992.5819595
1504733246659125270 2180.8365425
1504732254718812160 3950.69477
1504731705575366670 2766.8120755
1504730981701505024 5089.5024235
1504730671922700293 2565.3001275
1504729923373654016 11939.582919
1504724517402337319 4854.847063
1504723946981187600 5678.1294295
1504723353998876708 4360.3473485
1504723198461501475 4243.6825365
1504721954095390728 2272.312361
1504721070452006921 1202.4430055
1504718831209570315 103815.773842
1504718441676169235 3713.3879365
1504717978671144964 1814.9332685
1504717402034130946 3054.496896
1504715331062927360 3609.9804895
1504714916896333833 53514.679559
1504714097270611977 4165.464083
1504713920354914304 1064.5664095
1504713415306235906 1255.4724655
1504713309047697409 4431.9371195
1504712846999011330 4681.1755815
1504712569554100232 741.0867035
1504622245678915589 24137.6844555
1504620820685066248 6508.0404785
1504606387422212101 2231.2145295
1504594440010170378 2725.714244
1504465426255818755 11400.0081635
1504367381329551360 3175.1389175
1504366762594164740 2858.287894
1504365523731066884 3746.531349
1504364818299424769 1732.7376055
1504362169642590209 81046.2494545
1504361031363010560 12125.186029
1504327860458250248 9455.152718
1504325412008120321 7127.159424
1504325145917280262 5663.546328
1504270516420554754 17930.5861625
1504270178279993345 2434.052214
1504269061995253762 6437.776444
1504268653721796612 1584.2551175
1504268244735119364 2674.0105205
1504263573824061447 5023.2155985
1504262599801806853 4605.608601
1504262359573057538 26261.5143285
1504261884303839233 17221.317135
1504258505829720064 4646.7064325
1504244741684273152 1612.095584
1504227493708025867 14579.1242905
1504206077063311365 14599.010338
1504205432339972100 16356.936937
1504204718201090048 2366.4396525
1504204200946843650 2674.0105205
1504202786585595910 3436.309008
1504191259203747844 2994.8387535
1504188413272068097 2491.0588835
1504187318390988807 2056.2173115
1504186488078151690 1639.9360505
1504147959751053315 839.1912045
1504118615754387457 3416.4229605
1503906091603738633 27837.815027
1503905362143027203 1366.8343315
1503905058353786885 3131.389613
1503904987566555138 3790.2806535
1503903968682024960 123677.958085
1503903056504709123 2259.054996
1503902910287122435 1255.765992
1503846876415672331 4335.736428
1503826330881859593 1126.96948
1503781249462071296 6577.291108
1503778903441252353 1796.959028
1503758808023191568 7857.82566
1503571411985653760 2064.459476
1503560976947425285 2772.840292
1503560164544323584 3906.001912
1503557547315376132 37484.738704
1503556586148618245 9195.3279
1503553454295420933 3031.671744
1503541185847115776 3320.225468
1503540937968037890 1908.417548
1503540205281845249 1946.808816
1503539632369250310 3659.55474
1503539198808240135 3077.49358
1503538970709405701 1052.6638
1503537752196927488 2532.58526
1503535800180379649 60287.913468
1503534933494673414 2096.658604
1503534368622579718 6568.622112
1503533539844886535 2622.990504
1503533020762058762 3668.223736
1503532716016508932 2805.03942
1503530893167767553 3855.226364
1503528764373876739 4907.890164
1503526640835567617 1477.444604
1503525944769892355 5353.724244
1503523611704967169 743.0568
1503519143768866816 13969.46784
1503516930501656587 3798.258676
1503516382188744712 1624.817536
1503514958444863490 2018.63764
1503514522660782082 2339.390492
1503511304476180481 1472.490892
1503511013274046466 3669.462164
1503510741239975940 40464.396472
1503510334706966533 5589.025564
1503505996097986561 1011.795676
1503504095256186880 3157.9914
1503503907405934597 2615.559936
1503503311919624192 694.758108
1503497422412132354 7950.70776
1503492701823676423 1320.164248
1503491887172403200 4693.64212
1503491720121626628 2800.085708
1503491308173856771 16183.777104
1503487239673856004 834.700472
1503487130718412808 1692.931076
1503484743706361856 41369.68734
1503431149741355009 11824.510544
1503428426648195075 2709.680464
1503427406299910145 1748.660336
1503409587642417158 6515.369708
1503409126755422218 896.621872
1503408943447613443 2022.352924
1503405749438984194 338.090844
1503405724852002818 2922.69008
1503405514801176576 517.662904
1503397445144879115 9067.769816
1503396017059864581 4039.752136
1503384837192753154 1489.828884
1503384534003294213 2153.626292
1503383624644661249 2328.24464
1503383421141196804 1113.346772
1503382081614729217 2603.175656
1503381656710774786 9353.846684
1503379310937186306 1078.670788
1503377664328953864 2609.367796
1503377297583181825 4983.434272
1503375211076354050 7149.444844
1503375079127732234 1420.476916
1503374960923799555 1673.116228
1503374791314604038 3652.124172
1503373272917823490 1775.905752
1503372241437806594 2974.704056
1503368335932723204 809.931912
1503367556475748352 863.184316
1503367057173213184 1196.321448
1503361002024415239 575.86902
1503360262786764804 312.083856
1503359684933300231 1337.50224
1503359525356818434 1486.1136
1503358795992420354 1260.719704
1503358357436043265 8952.596012
1503199987714428931 2567.261244
1503199615948099585 1926.993968
1503199317754093576 3354.901452
1503198943966113792 1742.468196
1503198645537157126 2807.516276
1503197792453419014 3154.276116
1503196375856594944 23785.248168
1503195597179863040 4699.83426
1503194958253203457 29390.373296
1503194823985176580 1410.569492
1503194318521212931 1384.562504
1503194042968027143 1924.517112
1503192963727470594 3841.603656
1503192761952047106 641.505704
1503192107061809153 2053.313624
1503191491216355328 2322.0525
1503191022003703825 1301.587828
1503190691823947781 1678.06994
1503190280375349249 8529.053636
1503188447992979463 11241.210956
1503187339060858881 20687.93974
1503185951480324107 4079.381832
1503185842784899072 36994.321216
1503185090305794049 3397.008004
1503184532987654146 3751.198412
1503184219815690240 29761.901696
1503163178599043077 5519.673596
1503162544105660418 9264.679868
1503161775226765312 1564.134564
1503161401803747332 3818.073524
1503160861598355458 1974.054232
1503159181620228097 6682.557488
1503156298099142661 3212.482232
1503155134498750465 1865.072568
1503155011093639170 2713.395748
1503152105435111424 25042.252588
1503149324519235587 3811.881384
1503148133664137217 913.959864
1503147786421866496 1496.021024
1503147439078797314 887.952876
1503147063730741253 764.110076
1503145476400586764 11531.003108
1503144526097133574 1691.692648
1503143945584488457 12220.807504
1503142768360710144 10847.390852
1503142551406194693 3955.539032
1503142328705376257 4844.730336
1503139673656463362 21926.36774
1503137812685766663 1421.715344
1503137606036602883 3224.866512
1503137047984357387 72158.245848
1503136956523462661 1429.145912
1503136608912121857 11513.665116
1503135961097588740 1468.775608
1503134754572492804 1834.111868
1503096033647202307 4180.932928
1503095304882733060 6895.567104
1503094532812025865 4391.465688
1503093960352350213 5076.316372
1503093479664148488 33910.635496
1503093042231848966 900.337156
1503092203727601672 3549.334648
1503083182438203398 19164.6733
1503079301524209665 4353.07442
1503067819495333895 1358.555516
1503067425125896199 6001.422088
1503057298272440323 3101.023712
1503014261773242371 10480.816164
1503013942888734721 3775.966972
1503013339206721538 5975.4151
1503012951636258816 4085.573972
1502888876117004288 16141.670552
1502888628334346241 19834.662848
1502888159398535174 7693.114736
1502886699612975104 21627.906592
1502884948172320770 29080.766296
1502745702191013889 804.9782
1502705052892508162 14562.674852
1502704629410406403 1074.955504
1502659955131883530 1043.994804
1502659066606325769 11975.59876
1502658546504290307 26222.474472
1502658197303312390 2886.775668
1502657118662496265 2968.511916
1502656812276928517 4431.095384
1502656289134026765 8276.414324
1502540996944539652 4994.580124
1502536544388886528 9678.31482
1502533962857689088 1782.097892
1502458012199534599 7289.387208
1502457354448736257 4525.215912
1502457044737081345 2442.180016
1502453667315781632 5149.383624
1502453270865920002 16999.901156
1502452752856887298 3155.514544
1502452047530049538 1775.905752
1502451409509392387 9610.20128
1502451176830386176 1265.673416
1502451042520379394 1487.352028
1502450052031205377 6150.033448
1502446720977969154 5639.801112
1502446346959306759 2111.51974
1502445951461564416 7122.199428
1502445581511368718 9779.865916
1502445237620383748 13615.277432
1502434433185554438 1226.04372
1502430356485677057 2027.306636
1502429865328492548 1399.42364
1502429747556622345 767.82536
1502426314963406856 5018.110256
1502426188731539458 6021.236936
1502423649218961413 3707.853432
1502419702039130123 5253.411576
1502419087007404033 2153.626292
1502418813077307397 315.79914
1502418666784276484 962.258556
1502418412177346563 2340.62892
1502417537644077064 2558.592248
1502400784495001608 1338.740668
1502387152826601472 5076.316372
1502386804565159938 876.807024
1502374130372550665 65943.814144
1502373582474780678 1831.635012
1502351921881006084 2125.142448
1502343765964607491 5262.080572
1502153393514573825 8264.030044
1502153236580499458 6502.985428
1502153021723054080 2169.725856
1502152339917926405 629.121424
1502149980072468481 5045.355672
1502129148097175558 3528.281372
1502095991809490951 4447.194948
1502095471539589122 10282.667684
1502094491490131974 1918.324972
1502094141051879433 3244.68136
1502093770900267009 1889.841128
1502093438723969029 2592.029804
1502091711799042048 2148.67258
1502089858315079693 1261.958132
1502089392587948033 5247.219436
1502083561578541058 1468.775608
1502082186597519373 999.411396
1502081774507237378 557.2926
1502081665128087552 2970.988772
1502078327284191237 2845.907544
1502073251220107267 38072.992004
1502058301961523201 7537.072808
1502032391224930310 1462.583468
1502029292120723463 5217.497164
1502028723196940289 4346.88228
1502027703221899271 1619.863824
1502022696179224590 980.834976
1502022291231629312 22683.047248
1502020040987754501 43821.77478
1502007181713055745 2495.43242
1501928954747244544 15705.743896
1501810487708770306 3362.33202
1501809942042402818 57252.52644
1501809558611705865 9350.1314
1501809297243713536 3450.260408
1501807892508426241 13636.330708
1501807815228284932 4128.918952
1501807610701438979 15532.363976
1501807085306195969 4619.33644
1501806454449262595 5690.57666
1501805702905581571 1633.486532
1501724807888527363 46260.239512
1501724399803957249 13584.316732
1501723047065182211 2838.476976
1501722688917843968 3078.732008
1501722489730306053 14638.21896
1501717964395065345 1923.278684
1501700086270771204 865.661172
1501689290710990852 4485.586216
1501680977227268096 4645.343428
1501680105990590469 3785.874396
1501679791795326980 985.788688
1501679601319297029 6426.202892
1501679156597334020 16156.531688
1501678158134792200 738.103088
1501653125614260224 3891.140776
1501632367206748172 6468.309444
1501631830784679945 1902.225408
1501631576295227392 7128.391568
1501631415963856902 3738.814132
1501631128423260171 1384.562504
1501609865474715649 13633.853852
1501609531608023045 10605.897392
1501609508593967113 8919.158456
1501609486414495749 25418.7347
1501599202689880070 2111.51974
1501598978751832067 2665.097056
1501559314137423873 879.28388
1501559109367259152 3723.952996
1501558532629577735 5182.82118
1501558307294744591 1113.346772
1501558164256346120 5960.553964
1501557852846051332 6512.892852
1501557332119015425 3389.577436
1501426767772499974 28865.279824
1501426648478011400 2005.014932
1501426425605369857 7626.239624
1501426133086134274 3123.315416
1501426011057143811 3214.959088
1501425531362988036 2362.920624
1501425109340495872 1819.250732
1501423303411515392 1953.000956
1501423073354039297 1393.2315
1501422963748483076 3795.78182
1501420916391256066 10235.60742
1501420555253256194 4873.21418
1501419599266553857 1891.079556
1501419234785742848 2227.931972
1501418420524535809 10536.545424
1501418197194530823 3077.49358
1501417829689700354 14078.449504
1501417726241300485 31904.382136
1501416749677400066 3182.75996
1501415998209024005 4471.963508
1501381209930280961 5522.150452
1501381035124305934 3404.438572
1501303024572149762 3185.236816
1501301409316282372 2537.538972
1501067293740175362 11756.397004
1501066252973789187 2755.5023
1501065651267452930 3482.459536
1501065357192216576 2670.050768
1501064528053903363 1509.643732
1501063207531728904 2471.902288
1501062524271316992 4345.643852
1501061040318128128 2520.20098
1501060632153579520 4592.091024
1501059958674231297 6406.388044
1501058784436920323 3928.293616
1501058707832152064 2993.280476
1501057603312529410 14438.832052
1501057315830644740 1239.666428
1501056563766865922 14332.327244
1501056345268760576 2609.367796
1501056163533799428 23417.435052
1500924127502340098 9762.527924
1500922829361094664 8598.405604
1500922388648710150 5172.913756
1500887591259938824 3793.304964
1500883553206390785 6402.67276
1500708428502773762 8032.444008
