1520794141277401088 3887719.395442
1519895519111254016 2540170.905249
1519895515868975106 5283649.05529
1519895507551674368 21004924.0532605
1517697090557673474 5345374.9211905
1516458237368758273 925568.9917845
1516458233992343553 7627211.64693
1516120556810121219 22081644.3256265
1514628976953761795 20527279.6266885
1513853618134433799 41118039.601254
1513851981718302729 21913320.3881235
1513851971601584128 75392483.0056275
1513849307274915840 20355446.7252325
1513811314598109185 59859203.409745
1509376529393864705 14370111.2115835
1509376521521172481 83633816.510453
1500298773947293696 60518303.8055835
1494388735152050192 90006041.8829805
1494373541495525376 23312440.0152015
1494051190748823554 31160025.231604
1492305128866521089 83988647.19867
1491513813815808009 152140914.748487
1489048793618153477 190373894.8208085
1488558801628409859 2611094.509996
1488558797840732162 16356875.968548
1488554694586691584 177965932.452398
1486424384868741123 905206.367633
1486424382893297664 3748743.156455
1484712547890569216 7899688.0144925
1483251990473756672 8565168.344791
1483143078005202948 30928965.271911
1483108366197014528 47715157.6634965
1479506456080748548 3293162.6698905
1479506454184968193 15757427.9599105
1476979291145621504 32776487.959286
1474848577511989252 36878679.484825
1474796686249766914 114244263.5544485
1471704625329827840 36868843.7525325
1471571729747111936 22352632.041815
1469736923140820994 3080391.8556495
1463612711045005313 5512848.2007655
1462977867738861568 24663125.306504
1462198192368353286 12138303.8052345
1456318388377030679 5660384.185153
1456317574216519681 29457433.388712
1455022250306854916 27587899.92745
1454991201484955653 16158513.1729625
1454991191620026371 61825499.210317
1454982636523307014 12463627.296574
1449841193278271490 158268150.6377505
1449466704686313473 23590445.659296
1444776513862201346 4140364.800058
1443817132412841986 7434005.965033
1443246064484691969 8032709.6479835
1440362372154023956 27166239.4257645
1440054936302014470 15751739.185017
1438911234674417670 28818801.949266
1438368971930091520 30021153.7643735
1438368743093112834 42867311.297945
1438343135038513152 22134331.951042
1437417726058827777 10873375.4662985
1437172516909457415 9587925.0048495
1436401717692694528 28562647.580697
1436356018569502728 842789.342166
1436356017378394115 1013505.7550915
1436356015226642432 41498390.027311
1432925795538718720 45449908.767353
1430939804892504065 12348363.14733
1428593392888344584 20179785.8631005
1425161363077230596 37314694.8390455
1424972319827521536 44320873.032415
1424884518058565656 64742883.7405135
1424470093946408976 8832009.1035805
1422360335063814149 8466279.360661
1421232912838635521 11238041.886808
1421232898095599621 6037597.8101005
1420605420473917443 4267165.9974505
1420605355692802051 45031172.402295
1420430196826681344 52372456.653176
1416195275320877056 34944815.017758
1412533322694246408 33011003.7168115
1410433292608753666 1608168.812884
1410383345389768707 41947590.5794155
1410033307287314436 22380810.08568
1407913724833198086 12277067.3797395
1400274445621620737 42403436.8965825
1400206874973065220 93785780.887687
1400188831840698369 48598087.42664
1400138974413279232 1654742.334442
1400138973532475398 2954228.651703
1400138971649232904 78584523.714327
1399908471944867843 94362526.962871
1398713762610171904 51652002.5542805
1392210466051530755 3093258.0568105
1392210463824302085 93926671.107012
1375568537524170752 1493542.657086
1375568535208927232 10413913.8529375
1374832599827288064 18797626.228462
1374433980892639238 7949026.1743165
1372402471520280577 42443151.988596
1371940941741780993 7522633.8879065
1366264597473189897 35444736.0488195
1365489802930393089 16008744.211514
1362448979779194880 51927615.7229525
1362098803420004354 18761845.4293655
1361402820923068418 64562703.758139
1360659408993198080 42566922.71712
1360639432240603136 7994961.7024285
1360638198573981696 4199272.861572
1358554127979192320 1567868.893545
1358554125747843073 10267281.6925985
1358058477785120769 164709598.299169
1356629637565186048 55193663.671388
1356625889602199552 287777417.5440385
1356444829920751617 20896837.330284
1356273199990894594 38375305.7769
1356262700637188099 65646867.287375
1355317566688923648 10330070.880909
1355038367805808640 81020808.020119
1354976290189824000 39066199.5127975
1354960926412328961 42023937.1284535
1353475909932765184 38590150.0698405
1351997615328661506 176443148.429037
1351685987844452353 21685822.558504
1349811994363371520 23652490.5219195
1349811161055842309 6869753.9281665
1349775316366090242 1004892.8435705
1349775313975332864 28066341.8458295
1349435855077826564 18582781.9355215
1349430707123351555 41824511.010458
1349430427648450561 11187321.407851
1349429950298927104 19967706.208426
1345111960564756480 137992559.425509
1343971821704667138 5213044.447266
1340115789047840772 145040260.358989
1339604638526484480 7551184.094615
1338671983702069248 1053752.50831
1338671981890158595 8192154.843363
1337083133552803841 13279567.7478875
1336491473915633666 11899694.2564305
1333825765553491995 10395412.0430035
1331300480178294784 8370899.340484
1330639354675359744 24936292.833633
1325261329700016128 49964935.2185745
1324125650630766592 241297840.520962
1318693601996464128 127905670.379767
1316909183225286657 12491061.014752
1315803700074475520 965124.5854365
1315803696593158144 9903572.262258
1311822799699275776 14935586.0692215
1311715622728785921 21360339.568803
1310339700851269632 40672507.511464
1309555730433761280 11424229.640799
1309326328215207937 99495503.232664
1308583237581635584 622149.942091
1308583234922397696 857250.526942
1308583227695624194 2737895.7073885
1306652107081052160 13080354.294374
1295521744766111745 51279254.883455
1294475136968450048 76242396.6079405
1294036710066548736 10262815.7384765
1294010972055592962 4928446.2042295
1294010957174149120 7252071.500682
1294010955244822528 25069527.131606
1290780150821294081 17643549.2507685
1290660278334521351 49800811.404591
1290659734639521798 917115.578625
1290659731930062848 10526041.201072
1290389884927000582 4848324.860636
1289019240582795265 18677630.2944935
1288564219881721857 1726250.7665145
1288564197748424705 2350102.0244615
1287896823156228096 11806068.71823
1287896756819124229 35121911.3651435
1287870748917293057 5439106.791632
1285329592949989376 7166048.717713
1284962543627202560 26855642.9498035
1284885467117182977 10065835.262024
1284885456383926273 24277298.7700355
1284536062857973761 27051613.2699665
1284307641112510464 15257772.7594515
1284265355687256064 4478873.4892815
1284264880309063682 6330383.635694
1284262873884024834 21644937.8118395
1283190227067006976 6374245.6851065
1283188472484728834 6494773.28028
1283186634897256448 50882050.7971995
1283184780863959041 4055139.5088965
1283183938198884353 11893261.15585
1283144455382372353 22307228.174908
1282924021193924609 8693405.027437
1282117385625858048 7908194.5937725
1281299979613560833 1764264.542672
1281299891470233600 8334746.378544
1280635750623535104 12602337.7049585
1278132616839876608 11547043.379154
1276657059597971461 17463900.929599
1267936585892237312 55339445.173799
1267700301064138754 35796802.0987705
1266574167811354626 81361337.0219215
1261064732594909184 4508540.1845205
1260310249925304320 12174244.1026925
1259912097107898369 44009425.898526
1259906694450081793 10890016.462015
1258897348060536832 6197734.1650465
1258891148518518784 8648160.6588915
1258530888150773761 29058315.3221185
1256375602484895744 38550700.8084295
1255973763700543489 36159448.206701
1254488668439363584 12282171.3273075
1252066168816283648 7912979.5446175
1252032646399447041 1072945.4778105
1252032643257864193 21928632.2308275
1248729096277749760 4632895.74037
1248399243246592007 17306316.548437
1248397678934777857 2284548.197885
1244984462317727745 4603282.2112515
1244726072488243211 24770148.7070705
1244724651021996039 671966.5969995
1244724649046323200 11194392.5018775
1243682880867332096 11666135.489074
1243392503069306880 69356320.6807805
1231677576218738688 4023133.5043555
1227731167467565056 64379599.639137
1227147500173193217 74783092.9324565
1225810185970749440 14123314.0802225
1225142919801098240 9426937.9919755
1216521751972024321 26323343.7513575
1216489076091523072 23093501.9309825
1214655618394378240 15184828.8421255
1214305599069929473 179484356.853878
1214227610911170561 72681223.5246095
1208085340583419904 14093168.889899
1204114028475215872 7259036.2624675
1203180068962324481 8667087.7977895
1203178935355265025 15641153.654377
1202362769753833473 15949091.824313
1202340002106994688 18188927.3148575
1201579064403910661 8043502.370445
1201202849822068736 91132100.3151705
1200788729008275458 55585923.308437
1199896741358624768 6533744.0466065
1199875680067969029 21710332.1400545
1197702027054202885 49717978.588852
1197295666348707840 26852506.148694
1197264610081964032 9655286.479523
1197258501380165632 3907816.188991
1191256275818029056 6012184.4045015
1189935058263531526 15964244.1686555
1187573065787379712 13813196.099346
1187173631266189312 1342391.3765045
1187173629118697472 5716368.1100395
1185688515419365377 26014873.9202165
1185360136597958657 79055841.3725595
1185329597149171712 32390608.256697
1184742701926797313 3122924.7520495
1181927301786652672 18489847.5568875
1181222554557485061 22062398.1900055
1180156086998855680 2785745.2158385
1180156082808705024 6217618.2941135
1178887437159784449 1895797.524789
1178887430805393409 6617321.1880325
1177223273051914246 10121447.024067
1175999347818811392 21817302.3745005
1175995383090016257 8755503.056181
1175961384321986560 2635391.4270645
1175961039390818304 1824980.252283
1175961004259381259 1650063.715838
1175960582467588096 2171517.025702
1175959962977284096 1390666.2139185
1175959757057921024 1482909.432986
1175959225438224384 1276731.217687
1175959032013754380 1071244.1619545
1175958835049246720 1818121.8227385
1175958318659121153 2436815.966997
1175957866374664193 2493810.048173
1175957120388337664 24630002.8134325
1175956715453501445 4285029.8139385
1175956512503685120 1051413.199008
1175955455451049984 3384821.0616325
1175955180967383043 2038814.388934
1175954892961275905 2096605.9619175
1175954671372046337 2730186.619916
1175954311173591040 1417089.775807
1175954066071068681 58054479.4493725
1175953980574371841 1010475.286223
1175953583285690368 3735451.62633
1175953325470158848 4128402.4229455
1175952738611597312 2257858.805394
1175952480309563393 1798982.0193585
1175952073759875072 3428576.778804
1175951951445594112 1018609.7026595
1175951888216408064 1013931.0840555
1175951784893919232 1053433.511587
1175951455708155909 1322985.742522
1175951219451400192 1113245.3971495
1175948756497379328 1938277.2550685
1175948179767988224 3988522.35991
1175947848095019008 1767454.509902
1175947390391660554 20277611.5248205
1175942168369860608 2405501.1220225
1175941933623062528 10825579.123969
1175941466385989632 2850607.8828485
1175843105297379330 18284413.6672755
1175840283101208577 2419430.6455935
1175839365588668416 2966669.5239
1175065207590113280 29878455.8969515
1174935174020091904 14849829.116855
1174897986213568512 6945249.8192765
1174895639282343936 7050412.4056255
1174891695764172802 5947587.568094
1174806999332048896 1508057.0079825
1174806996148576256 15102155.524748
1174529017837314049 55094508.8566555
1174528783895805952 7345856.537244
1174528692673859584 7089702.168675
1174066349192052736 7687342.5292155
1173830767387918337 38350743.029229
1173807876214648832 11676237.051969
1173718670981263365 54811186.600511
1173715561487851520 14420140.530974
1173715199804637184 30898926.4138285
1173714949094248448 19436789.329113
1172198291225894912 21019863.733121
1171434412396793856 3747679.834045
1171434404947738624 17467303.561311
1170760972044242944 20656526.465624
1170541535538143232 1804192.2991675
1170541533403242497 17782897.652599
1169626213096157184 13285947.6823475
1169247792830697482 11562674.218581
1168687754877685760 1268756.299612
1168687751815806978 8492224.427465
1168629636290490368 4587279.208981
1168627814683336706 12072696.8125375
1168033950410760194 9897883.4873645
1167264877590634496 82012090.3368415
1167264679493681152 18764131.572547
1167263054607683584 16901031.2118655
1166788502861692928 3142330.386032
1166004012157558785 6657195.7784075
1160659661739057152 4290240.0937475
1160659657867911169 21475816.382529
1159945249797443584 61988506.53577
1158069410747375621 111883209.309164
1156582377696780289 16196473.7829995
1156582047462432769 22463908.7320215
1153752917519634437 155924481.7138695
1152226907057868800 3581907.870326
1152046825215422465 19831760.4383075
1152006145382289409 3811745.0092475
1152006139539705856 38690899.868188
1149385139253862400 116040161.938818
1149100995823243265 38193477.64479
1148731541775761408 4561918.9695025
1148650165563088896 10086144.720055
1148647938123370498 17714685.5199975
1148540321887744001 11796764.6471425
1147294583232925696 180536248.5479705
1145873813697024000 46823561.8227115
1145362583257354240 17677362.9034065
1145362577599299584 44895651.9611405
1144452089101213702 18873175.2856925
1144402238745403392 35825830.8005635
1144400845372452865 24436105.971969
1143569229213364225 35570580.256043
1143569069217476608 77410509.441446
1142520525811412992 102397894.9168795
1142519589835722752 13408176.593377
1141844023860088832 7085821.0418785
1140753013205848067 18631482.1018995
1140282478168403968 22699381.479716
1138077847023640577 16941543.7956865
1138077642001829889 43332142.6894765
1138071737625538561 5072207.3940615
1137768295749234689 19651155.126969
1137767965934272512 80986569.038517
1137407639648739329 33230367.1299945
1134824232058155010 18716016.2334945
1134454075024482304 30754527.2305505
1133695589483450373 10515780.1398155
1133128682669780992 54832134.051988
1133128431196135430 77944403.623507
1133128264623501318 43337087.138683
1133111607029112832 35161360.6265545
1132993721564323840 14396587.9395925
1132993611291877376 24259913.448632
1132979289048190977 12186950.805492
1132979081174294528 11673791.410426
1132978710276132865 114575382.1529225
1132968140709584896 14071636.6110965
1132207827160915968 23093236.10038
1131587141467820032 7878846.8952565
1130941675587735552 15685600.531115
1130461019275288576 59010831.6249265
1130460530798235654 11242986.3360145
1130460346286632961 6712754.37433
1130459830219501568 9558470.9740925
1129042058914742273 129814918.9330425
1128386740320854016 3102721.6262595
1127638300276092928 17470972.0236255
1127638296492773376 18217796.518289
1126869431580123141 7042809.650394
1126842532048982017 17403078.887747
1125550836958896128 35685684.9069255
1124287746082631680 11536516.487295
1124080378740916225 6999745.092789
1124075272209408006 14687087.6220045
1123679239159590912 14271328.5596945
1123668904088236032 18305945.946078
1123321285356843009 14645883.878617
1122656234924937221 29254232.476161
1119723207882207232 29009774.654102
1119722751328051201 8001128.9724065
1118669749271924736 13286957.838637
1118653414387281920 5360633.597774
1118653410243276801 34013078.7559955
1118195826675683328 17869345.764532
1118182821451878406 4662190.2727655
1116392220179873792 30682061.808309
1115976483430756353 53496122.6099435
1115975640686125056 11137770.583545
1114559940251795457 5324640.1341955
1114201161001852928 31724596.2651935
1114185241642590208 6251059.783908
1113231666519117824 16663538.151592
1112517003053621249 68337391.981398
1111664959384154114 40081140.7531425
1111664613580517377 13911766.086753
1111435831699337219 11753434.258935
1111338762259365888 8308588.647258
1108764789084307457 91423025.3265465
1108752393447989250 6837854.2558665
1108747916368216064 6091348.757926
1108524519008788480 6566281.7123525
1108426225221943296 11049142.6606715
1104193878205161472 73558570.8451005
1101597293889839104 6473985.3271645
1100861901951557632 19977010.2795135
1100148818769657858 52364907.064065
1100148802957131776 32983144.6696695
1100146342624546816 113939355.853381
1098703964428632064 82704472.724113
1097947636982734848 36217186.613564
1097947411790553088 45310560.3655225
1096282253225648128 70432775.122544
1093216136714305536 26630750.2600885
1093215005816717314 4048653.2421955
1093016054115139584 18695228.280379
1090395324785426432 8945784.6014505
1090392424583593984 26817310.176923
1090262263171174400 12905278.2595675
1090262260461629440 44745138.674005
1083815291153375232 7930737.0288645
1083813943418576896 6577552.9298985
1083171958513004545 14023787.1026465
1081963144644153345 16644345.1820915
1080989000783937537 18906988.9383305
1080256019890987008 26585559.0576635
1080148934050275328 26295378.3719745
1077945255859646466 13828826.938773
1077944646943178753 5741515.685036
1077012708606668800 19290901.494461
1076541447405355008 11250004.2639205
1076326180591026176 7002190.734332
1076326024730693632 5921323.504567
1076325850440552448 8766721.1076065
1076325660547665922 14670925.1213725
1074726235136094208 12186419.144287
1072262466799755268 32941249.7667155
1071095363325456384 3987671.701982
1070343314946191362 8118785.597073
1070082528042577921 5626411.0341535
1069786476844474368 10454532.7689995
1069273969981706240 5386631.8306985
1068320839488008193 8296626.2701455
1066490285792800768 7258717.2657445
1065666696508141568 13780392.6029975
1062412151984349185 12032556.39156
1061997235284586500 3984269.07027
1059885902745325568 8123889.544641
1059837476401897473 15575493.4955595
1059572583035658241 2821898.1777785
1059240423091245056 122697783.0461895
1059175634797088768 7718763.706431
1057535906121502720 10222994.314222
1054808715516305408 10290834.28398
1052276320749514752 15364370.831054
1051648740908359680 2471373.945322
1050599360965169152 6455164.5205075
1049701971857297408 15673425.4895205
1048481053067960321 4910422.88938
1048233899539742722 8912449.443897
1048048860659109888 49438856.456227
1047717462433812480 90998440.6882335
1047715334126555136 15852063.6544005
1047714409349562372 8231391.440292
1047423767427788801 9743489.0734325
1046959390690107392 25498205.5611975
1046959234187968512 11278660.80287
1046038337595822082 6961305.9876675
1044934069002194945 4792872.5969545
1044576855351652353 2438251.4522505
1044311342147035136 6374352.0173475
1044311111649165317 2653521.074155
1042020111027064832 1953642.263893
1042015589886177281 1718010.017837
1042010461091135488 1972835.2333935
1042004949821878272 1755438.966669
1041656628645224450 2711578.477741
1041656426714685441 8953387.356682
1041656048027725824 4114898.2283385
1041377161238597632 7158818.125325
1041041787052187648 4371531.091992
1040706631615561729 6391205.677546
1040055568172494849 9161054.223355
1039987763414753281 2247331.913535
1039876508372881409 3494396.435983
1039616680643710976 2698074.283134
1038527885743550464 20793269.72755
1038193847392645120 20169046.3067595
1037895179129126912 2822642.5034655
1037039713947770880 12667944.6976555
1037011001911042048 4084274.5429305
1037002347744976896 5248187.2529165
1031717816288784385 73154880.492144
1031635290895527938 4638637.681384
1028991308688314368 5588290.925755
1024686642949279744 2912599.5793515
1024331156479561728 7292530.9183825
1024330311943913472 7192259.6151195
1024329917717049344 10802558.1937925
1023984360788123656 2720829.382708
1023980855746682888 1929983.3402705
1021743440533577728 3900532.4304825
1019649027774636032 2572442.7403925
1019267337109757952 8548580.515195
1018574550408179712 3121010.7717115
1018186411336347648 2704932.7126785
1017473143605112835 2802067.214832
1015083226245709825 3410606.630075
1014556302750638080 13701121.917332
1014556020318748678 3551869.0122435
1014195846143807488 3371689.029869
1013897552301707266 1992719.3624605
1013468508473081856 4725776.9528835
1012953897407635456 9274510.724502
1012953559560671233 3909411.172606
1011990761393360896 7673466.171765
1011647539332841472 6546557.081647
1011286904417890304 6542091.127525
1011272667905658880 3742044.225272
1011270980272963584 6866138.6319725
1011139214153375744 6067849.332665
1010902964763062272 11580484.8689485
1008757337350426625 14696019.5302485
1008002165993082882 3827907.5098795
1007264782846656512 3004789.6322985
1006267052934324224 8789529.373301
1005234899161210880 2779418.447499
1004927042507304960 11402591.0297555
1002684548117696512 2505666.0930445
1001592830337343488 4856512.443193
1001592582487425024 13557573.391982
1000845102888181760 9609616.7820135
1000843737432559617 5575371.5584735
998413481450790912 2949550.033099
998254653358858241 2391624.764572
997885512441511936 4714877.898181
997524591080685568 4183801.5205065
997162192691544065 5148819.773702
996794236723912704 5012661.3391015
996435921909121024 7081674.0844795
996070741584982018 3974114.3412545
996061774142095361 3829874.656338
996061503072583680 4706583.983383
995988071077302273 5546661.8534035
995713708616663040 12159410.755073
994794153476321281 7736149.0278345
994636654559285248 8759224.684616
994263244507435010 4668357.5427435
994262369298780162 2470682.7857555
993540896435060736 30761864.1551795
993175234579582977 31678129.0758765
992815555273895936 32048537.4374
992461155049193472 13958073.7777085
992020235216654336 17656734.4486525
992005296322101248 13179828.1058295
992004342847696896 13628071.667765
991728139595268101 3330325.78812
991367914514141189 2862570.259961
991365056901267459 6652198.1630805
991000771838672896 7111234.4474775
990644095709151232 31313515.8214875
990276998932062209 12303278.277146
990015315345006592 2802279.879314
989550255908708353 8523592.43856
989208633295585280 4302734.132065
988819252013486080 19237203.712756
988464672847228928 3865814.953796
987383043462578176 8318477.545671
987013224703737856 21094668.4646645
986288926028480512 32951032.3328875
982584011980603394 9989488.712986
982283614602739713 4488443.3909715
981579930235387904 4380197.1696335
981280107141644288 6215810.6460165
980854168666558465 5142439.839242
980144774865825793 10734080.2305885
980131433598500866 8618281.2991705
979517736752525312 82326833.7702015
979408733494173696 6867255.120503
979043856359481345 8904102.3629785
978681402727186432 8250850.240395
974309068134268929 6689361.28131
972567570594258944 15845258.3909765
970720673747255297 6589249.4764085
968948771659825152 11240009.0332665
968948578155610112 10267600.6893215
961087563363594240 4539589.1988925
959129751616016384 4188586.4713515
959129653163081728 2628958.326484
959129328960258048 6306086.7186255
953646050333437953 10363087.0417395
946836493405786112 7824617.4523465
945658402205720576 6673198.780678
945023363117748224 10066366.923229
944272350253420544 4091717.7998005
943562256855441408 6005166.4765955
943268247150850048 20324876.205945
943253471704203264 7281259.7008365
942862814061805568 7161954.9264345
942837211359166464 8607329.0783475
942462486162239488 5599136.814337
942094765511778304 11591649.7542535
941740635274428416 9047172.393244
941369695407456256 7072316.8472715
940952921989976064 9379513.8124895
940640137775497216 9408276.68368
938817675664310273 4231651.0289565
938130857344118784 14818833.2686035
935585847075729408 5000007.8024225
934850276854439936 10776081.4657835
934110641505239040 3137332.770705
933716205944401920 3597379.2113915
933409676066037760 7801756.0205315
933380279271440384 6409069.494034
932998174284775424 5347501.5660105
932991199912198145 8052168.4480865
932990547895115776 15062546.7649755
932989889276022784 3149135.649456
932671121194758144 3858318.5308055
932669042762047490 3831788.636676
932667906076303360 5153870.5551495
932038824116469760 8781820.2858285
931620672484261889 3724074.076543
931258566270337024 7852104.336645
930849751573999616 7567506.0936085
930508604821536768 3705359.602127
929769622856859648 4825676.093303
929504492650881024 38336919.837899
929426519759372288 3891760.0206
929090323896078336 4383546.635225
929049471400386560 6286734.2507635
928693814696460288 18332848.003051
928681727530172416 9537683.020977
927646459268173824 7562827.4750045
926894332858077184 4956145.75301
926602747473936385 4858213.759049
926144060481507330 8165943.9459565
926089605572472834 5754541.3845585
925759503118635009 7596800.626004
924991126536306688 9051744.679607
923928674792964097 38011968.509403
923761568092848128 39998414.2696445
921057201069928448 9683198.6927855
921027943001927680 3399016.415806
920641259244486656 5062796.990733
920364290237968384 3430331.2607805
919985468527259650 6111870.880439
919583126141235207 6376584.9944085
919221424509857793 6559635.94729
918869053162377218 4194594.242968
918528145510273025 5734923.086094
918169744401866752 7331661.1830705
917802670567518208 3932485.268903
917433008763703296 4204164.144658
917091366232117254 6222881.740043
917067151051124737 5773787.5201795
916718017366474752 9537364.024254
916363069147594752 6946791.636771
915943334132068352 5092304.1876105
915255618994298881 11103106.272979
915223888778293249 7602223.570295
915216207388696576 6379030.6359515
914846444263280640 76730248.9296485
913795780808368129 4657033.159077
913684568603025409 20369163.5843215
913442446050082816 4074332.478397
913391423533105154 43644759.4780165
913356709321519104 92492461.840404
912934591928905728 37383863.961816
912795819958398976 7534064.603814
912724575187640321 3927593.985817
912723819034316800 3867516.269652
912325079400308736 7294551.2309615
910975493951950848 21978129.889013
910975000290713601 6664585.869157
910896138894675968 6367387.255562
910860378350927872 14749398.3152305
910860150025601024 7633910.578113
910859974720364545 44785013.26438
910186625363197952 8583670.154725
910148400636608512 8676604.533359
909832937297735680 5202570.7215275
909471149041401858 3065133.179066
909469247641853955 5411726.2395745
909104858736640000 4835830.8223185
908770017281314816 7318794.9819095
908769650078490624 3543681.4296865
908329625914363906 2910260.2700495
908004755431190528 3135206.125885
907998653511606273 12812662.8776565
907670002957942786 8634709.630405
907669261379923968 3090918.7475085
907260249605885952 3791010.2222525
906843264149540865 117751685.689954
906565246235668480 5624124.890972
906564077962629120 6288329.2343785
906203613223165952 6657089.4461665
906203469534691328 3888782.717852
906203009067229184 5186886.71598
906182167763542017 73691486.1463505
906171275869118464 36940511.6829665
905976168129585153 7478080.6789275
905875882983784454 8530876.1970685
905871023693864965 9246598.5112395
905841006452592644 70409009.8666805
905840739690663941 13272975.1489455
905833707143139328 9878850.0162255
905539783513997312 8351334.20814
905453015632629762 3089164.265532
905115774485897217 5357868.959508
905110567240605696 4699406.5571155
904751956605804544 7900910.835264
904451047497768960 7109905.294465
904027874688098304 8595898.36244
903676692882833408 3477117.4468205
903675756684779520 6117346.9908505
903669887029059585 17906562.048882
903620991024336896 1619705.8610325
903620682948456448 2731728.4374105
903573640528109568 7229422.733349
903572596188266496 7167005.707882
903571377759719425 3172475.5763555
903570191577112576 25171074.421761
891376718786818049 3315120.277657
890270211823345665 30888080.5252465
887103386310463488 8874807.830583
878379809239220224 6624179.617577
878374952017084416 16921606.500499
878370969919774721 8935098.21123
878366661224550400 24531751.8227485
878272030021373952 3116704.315951
876479527303561216 4885275.3143835
876463273096368128 11459425.61257
875663714828959744 9697872.5420435
875389442176843776 15008476.820427
873380764020121601 17721597.1156625
872495218796507136 3386735.0419705
869988445908680704 4565374.767335
869969687290851328 18530041.1439855
867834761246527488 5135953.572541
866979053722587136 69283748.926298
866978335997513729 42440600.014812
856293810799874048 10462135.524231
856286591677063168 5579837.5125955
856283883498819584 32718271.0573385
856231362700947456 7825361.7780335
849424589616594944 4212511.2255765
847816485112238082 4111612.2432
