1520144202830471168 253140.144876
1519109094765858818 20737333.095868
1518987240013139968 203898.530292
1518986989726433280 119976.636181
1518986755642331136 110534.676103
1518985857704730625 102746.055026
1518321312929771520 62229.289628
1518321245900578816 192623.95349
1516833552247050240 260012.457591
1516548295924928512 360208.785001
1511828265056411653 531239.732743
1511815188378390528 202344.790026
1511779835407863810 167644.590752
1511710981402947585 1840863.499258
1510361046019575810 551438.356201
1509969362806927360 298118.933602
1509596945257402388 167345.794547
1507922886777921537 2219338.692258
1507394385087893507 264514.320413
1507394055273009155 1680609.134643
1505576453420642307 155274.427865
1499884376988930050 378754.069458
1498397473164836864 392080.380201
1493276992015245314 666076.500186
1492182786349830149 475564.039878
1455592702834262018 20314456.786805
1450560882002444289 7074677.424773
1449044744449921026 494607.31801
1448696763804651520 822386.754895
1448047795940716547 630181.116092
1448032168760918017 3163913.175251
1447999433224851457 439987.371736
1446501513426178048 532355.238575
1446227000352337943 1899905.629366
1446211631956967424 303138.709846
1445818632257236993 3056625.417909
1445805564273983490 765954.111644
1445514461666689026 1465137.231344
1445460294004736000 2838822.904211
1445421672891256843 504049.278088
1442883994232623104 690099.715068
1442875317085892613 573469.596383
1442617344686125060 995887.751265
1441492787019481088 1019791.447665
1440796769495834625 1187416.11867
1440381761788125192 10280043.593531
1439007001984389121 304652.610618
1438987106987036672 3476354.406946
1438981739649527808 257622.087951
1438930276030173189 526379.314475
1438597603722072084 648347.925356
1437526455714344962 1344124.768319
1437091114217992192 286585.400089
1436391453740056578 350587.5472
1436371723847290887 270251.207549
1436341870544572428 14312158.941777
1434937468848001025 342559.889159
1434241897862598659 693605.59054
1433851790651387908 453931.194636
1433816077960564742 239534.957675
1432427922166476801 1347949.359743
1432427667370831874 3483724.713336
1432335686959435784 238260.093867
1432152200415907846 313875.453479
1430240953046994944 18917484.929695
1427680341603483649 11099462.306123
1427672088966406157 383514.888991
1427008378614652929 861369.699774
1426239221367394309 572553.288021
1425913683520094209 7448630.835204
1425218745350320129 1044013.860017
1425126712539418624 1509139.952467
1425122995169677318 411362.695297
1424792371439411200 1215901.35688
1424070287742537733 2255811.749015
1423666951398719490 1078116.466881
1422983025088876544 1336077.190531
1421857051592912913 900591.681617
1421218016679763968 222284.456773
1421141158500061188 402100.012942
1420881950634438656 659642.421905
1420804836543455232 269075.942476
1416910603227078658 16745535.31555
1415706454334472196 1095984.47994
1415689464228188163 263896.808256
1415686299122425876 274075.798973
1415339863683989505 1104968.285837
1415091471833649155 426999.696692
1414629930621538306 313576.657274
1413548637871693828 310648.454465
1413548339778396174 445564.900896
1413548159922364425 290091.275561
1413531727247470595 400347.075206
1413519607822835718 3784194.177084
1412895012539404288 616097.854963
1409545319163973633 563330.44516
1405686340444774402 3182637.737431
1405684906047410178 378554.871988
1405684617294663683 285967.887932
1405680558017892353 197583.970493
1405680355093336070 490384.331646
1405679270458904576 208181.275897
1405678747693375488 224953.702871
1405678193047003140 189137.997765
1405677996854300672 175253.934106
1405677628753801217 841768.668726
1403044247637422081 1925462.664767
1400120036992307200 899934.329966
1399791407779356674 637411.984253
1395829470058057732 1139429.448147
1395829346607144961 5335623.752432
1395827946623885312 7561635.559935
1395463638467571712 11119003.57793
1394689616557445120 5772384.125154
1394686430467608590 2648748.678337
1394325114334826497 396223.687577
1393673481967988739 5093638.665876
1392148403509809152 693147.436359
1391886210621005828 5444365.651305
1391828166491049984 1261258.620799
1390796257312968705 578748.329338
1385641051184975876 8210063.164279
1385632759947816960 436361.977782
1384551811621670917 536657.903927
1384269408885870597 18364692.030698
1384211507068559361 4315274.551851
1382064399507095553 18041494.135623
1379907935665410049 9841450.604085
1378138893069901826 19666726.373606
1377678732081520640 14763918.88399
1377355133692993538 13885378.362302
1377289831881957378 442995.253533
1376955702996992000 8727398.913616
1376577404689293313 21450061.643528
1376288297681477634 11213542.697192
1376287610159517697 225770.412498
1375508482984566787 10398805.125145
1375081394422964224 331245.472863
1372258625230573569 691095.702418
1371874945937018882 477735.292301
1371548681065754626 2596240.225245
1370865238917017600 17689412.607398
1370499820968845314 15482404.238533
1370491767326339073 22088150.899179
1370066261925789701 2978380.651693
1369737724853297152 12023957.68414
1368986402273124353 356085.397372
1368972855015174145 7531078.668037
1365045971722199045 7629621.656446
1365044511320068097 3834650.896235
1364700973868847104 9280351.170589
1364637428263227394 18642751.779071
1364433239750811649 2604208.124045
1364268082261151745 10135466.069805
1364264695675244544 640061.310604
1363934556131184640 11590065.754986
1363912106622414849 1827258.312057
1361448429637918721 1923151.974115
1361443699452829697 4457979.619359
1361443465356222464 2231151.102229
1360335078153281536 9248001.501461
1360303569824481281 299154.760446
1360282984713056259 422019.759942
1360263533875798018 425246.758956
1359959668601180160 849597.129297
1359957349230800896 11580982.350354
1359780944471752705 16165611.721139
1358116340356112385 2147607.683311
1357784486293819393 410446.386935
1357064801587847168 18540085.403033
1356639349970882560 646853.944331
1354895529440755714 523650.309136
1354224402838282252 17163112.971911
1353074908096393228 8175442.643993
1352711058780110848 13700363.752166
1352710829846630400 1186001.816633
1352669822333538304 329612.053609
1351576637473603585 634105.306251
1351576437384388610 357579.378397
1349770903899435008 609006.425031
1349352366055649280 378136.557301
1347997315294904322 11247147.310381
1346633743142850560 14533447.4112
1346505388397535233 393415.00325
1345778779566718976 475564.039878
1344766650172620800 10448126.418717
1344427732730478592 22768191.142012
1344315584415055873 248359.405596
1343591593958277122 339512.167868
1343276391341559808 272920.453647
1342874316996657152 293138.996852
1342867670052433920 249215.954717
1342621109540143104 210770.843007
1342619219779678208 352041.688731
1342552644141740032 15533378.871106
1342333621911187456 18653747.479415
1341837990906105857 13019745.83667
1341793736284508160 227344.072511
1340707705334366215 434688.719034
1340706615675088896 226666.801113
1339973381307789312 257940.803903
1339641065805029376 344014.03069
1338967360879804416 273059.891876
1338532039935463424 388574.504729
1337472897011499008 292043.410767
1337096737555529730 337261.236457
1336794813123858433 710238.579285
1336745308227694592 360766.537917
1336735925364162560 463373.154714
1336381587387076608 292800.361153
1336006424652959744 352659.200888
1334939025665269761 372658.626876
1334554573516623873 855692.571879
1334554399725608961 502475.618075
1333871189651910656 741393.063593
1333455000840794112 254255.650708
1333453704779841538 596317.546192
1333146426793107457 239893.513121
1333070142217994241 240291.908061
1332822481304838145 271047.997429
1332710093230460929 231049.145453
1332377905196789761 742030.495497
1332063561686814720 202862.703448
1332063220782153729 404709.499799
1331693344775278594 283159.203605
1331677049480642562 180672.10529
1331623504983126017 291027.50367
1331351599067742208 290927.904935
1331293842985795586 216208.933938
1330949858564337665 231407.700899
1330949272007626752 209735.016163
1329834930780528641 477038.101156
1329553209292070912 389032.65891
1329540465683689473 468472.609946
1329491536606683136 3064334.359998
1329187604282019842 303895.660232
1329161890337996800 505762.37633
1329126509215248384 952263.505335
1328764283019137024 1368387.020165
1328534432240730115 10394801.255998
1328397375170232320 1825903.769261
1328357221755809793 264833.036365
1328042265260933120 2552317.18311
1327415510812684289 576557.157168
1327415208025886720 584724.253438
1327414864654917632 220292.482073
1327414557308973056 184795.492919
1327414470398812160 185472.764317
1327414148213342208 1673955.939145
1327385827551236096 204774.99916
1327381913372221441 794817.825047
1327380840075075590 246845.504824
1327380591466070017 154497.557732
1327380484649750528 158581.105867
1327380441800740865 130414.583609
1327380298489757696 219535.531687
1327327997808967681 569386.048248
1327308440427872256 280788.753712
1327071641705140224 747169.790223
1327068275373608961 377698.322867
1327068168230080512 137406.414806
1327068080120291328 263438.654075
1327035612776464384 3648978.934448
1326938003260932096 194835.045407
1326932866610077696 201687.438375
1326918894083334146 204595.721437
1326890553531801600 529187.998802
1326889184393490433 248060.609391
1326639849634295808 457974.903277
1326587787118718976 230730.429501
1326587463293267968 157067.205095
1326561175639711744 1042360.521016
1326303625618976768 382459.1424
1326234796259901441 13076756.152584
1325992244969533443 356702.909529
1325955499150356480 784539.235595
1325955176264470530 23262340.305841
1325929447518732288 475544.120131
1325880751590535168 853063.165275
1323847195410378753 2813664.26375
1323729286444904448 392638.133117
1322809223814750208 9480325.510722
1322261901632544768 16093681.514722
1322216657759031296 315269.835769
1322047771558481921 12344466.41337
1321193618787475456 4421367.124373
1320849333177208834 1472447.778493
1320848474523324416 678466.58282
1320842389645225984 274633.551889
1320832750182486016 1209626.636575
1320792073440612352 1809709.01495
1320412274348220417 14819355.539891
1320412072254033923 1635889.302628
1320373667184865281 419709.06929
1320004293945036802 982362.243052
1319706468048728064 12593582.769352
1319403955894448128 293019.47837
1319355684383698944 329731.572091
1319298942475989000 3856144.303248
1318374268481069056 1514677.642133
1318258165813686272 3190207.241291
1317685625294778368 13354317.907282
1317499584340402178 465146.012197
1317131669892001792 312959.145117
1317131434432233472 250132.263079
1316828776429305856 4481943.075
1316072576775405569 401123.945339
1315747270323650560 13110978.27793
1315725123618365446 10466751.382162
1315682241666707456 326982.647005
1315391685879160832 25066511.631125
1315388108267896832 385865.419137
1315134448455753729 15806478.602476
1314652074118840320 18827268.395532
1314370312499130369 352599.441647
1314369980368969728 717927.601627
1314369268511727617 325667.943703
1314368897001246720 267542.121957
1314368215598809089 4840100.12606
1314368120606216192 250510.738272
1314367242876776448 247861.411921
1314366638360158208 950311.370129
1314365587661811712 143043.703207
1314365527335170048 192006.441333
1314365017530138624 258100.161879
1314364899829542912 258020.482891
1314364709957562368 609803.214911
1314364632279072768 182345.364038
1314364530110074881 199575.945193
1314364398249545728 182743.758978
1314362292864081920 845075.346728
1314361216135962626 460863.266592
1314359702998839296 165313.980353
1314359254657036288 250411.139537
1314359023676715008 228280.30062
1314358415485927424 330269.40526
1314358104989921281 134597.730479
1314357917835902976 208300.794379
1314357537806843905 234853.81713
1314357272299012096 210631.404778
1314356951480819712 239515.037928
1314355910764982273 300847.938941
1314355560171487233 277163.359758
1314355199511683072 210850.521995
1314345437873147904 608986.505284
1313921086434668544 294015.46572
1313905125174378502 17585511.207046
1313874820128411649 183620.227846
1313873980722278400 151429.916694
1313873543256399872 134777.008202
1313873426080133121 166469.325679
1313873387828117504 128362.849668
1313856856146604034 156130.976986
1313499372030619648 455465.015155
1313215388449083392 6042555.653715
1312067705617313792 295967.600926
1311817995778289665 48781408.669059
1311447072923500545 25646853.540223
1311375970276966401 319353.383904
1311080279419662339 188819.281813
1310998616400564224 12309407.65865
1310687220693528581 3800169.814178
1310686285762162688 17084768.60696
1309547013294358530 461201.902291
1306990457159704576 334492.391624
1306674065143332864 987780.414236
1306310922395287552 269494.257163
1306047426713669632 14388112.937088
1305615702733144064 270310.96679
1305505767089266690 340707.352688
1304829935362609152 422298.6364
1304163468317057024 27700141.221489
1303443521068769282 328157.912078
1303001027050790914 386781.727499
1302768536851341312 332500.416924
1302334115899781120 416342.632047
1301920853844606976 225272.418823
1301920421390950401 310947.25067
1301646640218959872 238618.649313
1300871609968857088 333177.688322
1300555598258290695 614245.318492
1300543847307436032 405526.209426
1299379450870546432 306007.153414
1299036230236004352 630699.029514
1296838718712496129 300031.229314
1296583076215062528 1235303.190458
1295376952031711233 524905.253197
1293310261248417793 8299443.069068
1292467694545981441 593249.905154
1292134221289463808 501101.155532
1292134157351452675 612472.461009
1291770168834535436 426123.227824
1291742666225356802 620340.761074
1291389796128976896 387160.202692
1290773413187837952 15490670.933538
1289782956026785794 5770750.7059
1289752528087703554 10192615.823948
1289300643312578561 130235.305886
1289300607979855874 343914.431955
1289300509342351360 414151.459877
1289237130389069824 538789.316856
1289210842135707650 205671.387775
1289023156699582464 398335.180759
1288853003802259458 368017.325825
1288518077592657921 293378.033816
1288508600311193600 294314.261925
1288266328835420160 375288.03348
1287854012788662272 607153.88856
1286706860326715392 312321.713213
1286025945577480193 456819.557951
1284233942288064512 484547.845775
1284211859856347137 845593.26015
1284156712287494145 369889.782043
1281234130416447489 404191.586377
1280958712941735936 136151.470745
1280958635762307072 308576.800777
1280958322078670848 238598.729566
1280557643237478400 1097239.424001
1280555520215023616 1396194.986977
1280554979372064768 5989469.52796
1280268358420557824 474528.213034
1279778806849388545 430206.775959
1279101021474545667 402020.333954
1279085075330547715 250690.015995
1279084756286627840 687350.789982
1279067498680205313 431860.11496
1278045144189554689 945948.945536
1276564670019563521 1316197.283025
1275099256181809159 1053117.184396
1275079706040127493 396721.681252
1274521809040236544 3805747.343338
1274429848526585856 3024913.180685
1274422384846462976 445425.462667
1274422382552219650 2458076.860053
1273288539518582784 552832.738491
1271517351385554944 1559238.116172
1271144971710545921 1058634.954315
1268978351273734144 1764192.393055
1267579647044141056 5376758.029987
1267185012115292161 2533672.299918
1266834270003187713 4331588.824644
1266400339982311426 1360956.954534
1266398380655173632 1543780.3925
1266397667543748608 12459781.828753
1266397412433620992 6152273.620191
1266397099349864448 3114810.998896
1266396922752843779 5321181.935857
1265722286360850432 2957982.830765
1265325063076634630 414031.941395
1263836307156922371 554645.435468
1263589246054486022 20435070.85489
1263471884412358656 413514.027973
1262431091161329665 1623399.621259
1262076677863010305 692131.529262
1261404362435203073 8363983.049348
1261330708590555137 423374.302738
1261311011379752961 751691.572792
1260654653148024832 485264.956667
1260331174334828544 14674877.6149
1259842213481082881 319472.902386
1259569655837945856 21395700.653965
1258870078096850946 593429.182877
1258473050200145920 5541852.893123
1258425416437526531 279294.772687
1257711818203521024 611097.998466
1257412300354412544 22966332.865421
1257133744772677632 3063836.366323
1256260815662927872 6720424.644125
1256018732066824192 425565.474908
1256018689167552512 520144.433664
1256018494576971776 531737.726418
1256018365052641280 358555.446
1256018314398011392 29438597.30142
1256018126786842624 1029392.765719
1256017911027621888 1810784.681288
1256017891385733121 509726.405983
1255611935929720832 17091660.839422
1255600021854027777 998417.559134
1255265413455400966 30479643.119134
1254972878585335810 39722007.332194
1254910927163412481 7131349.104988
1254894456676904960 22155519.483533
1254679408431882240 372220.392442
1254679038985007104 339133.692675
1254678969175007232 230312.114814
1254678140401512449 1017759.633471
1254678040723906560 318815.550735
1254677836813619201 352539.682406
1254677192715366400 987840.173477
1254677102479065089 7229872.17365
1254509569763495937 3838236.450695
1252630592509759490 409589.837814
1252406299288989699 33640687.850817
1250154168976695296 429688.862537
1248667156494999555 473651.744166
1247166343163465729 319692.019603
1246445773526429696 367479.492656
1246150861442539520 1025886.890247
1245872324600979456 460325.433423
1245871151751913472 301604.889327
1245870965721952259 1409441.618732
1245870043176419328 290987.664176
1245866237264977920 495005.71295
1245865807910862850 270749.201224
1245865540943396864 403394.796497
1245865481833046016 283258.80234
1245865142237032454 135334.761118
1245864961785524224 4729864.246162
1245864863865266183 306883.622282
1245864644654194689 309632.547368
1245139610767740928 13902190.62877
1243539991759851520 56612399.047928
1243342107244257280 453492.960202
1243341246287859712 366583.104041
1243339033515659264 296425.755107
1243338808612945926 649881.745875
1243338471239892992 225252.499076
1243337222549426176 277780.871915
1243336857217163264 134617.650226
1243334952722157568 242423.32099
1243334817283895296 139657.346217
1243334533866336256 127187.584595
1243334109625114624 152445.823791
1243333992171982848 138083.686204
1243333643621163009 303517.185039
1243332336856363008 206149.461703
1243330618282237953 424151.172871
1243329935034339329 535104.163661
1243329722710253568 2212167.583338
1243329300910071809 175572.650058
1243329118537576449 136689.303914
1243328755138875392 162704.493496
1243328649585029120 213101.453406
1243327924293550084 1190961.833636
1243327895033892866 444309.956835
1242935368028057600 1230821.247383
1242567987556581376 14687925.049185
1241189739451109380 11177149.319423
1240496776420839424 885552.272632
1240101903540744192 6816915.898593
1238207461418356736 6298683.760641
1237460735204003840 13364476.978252
1237415954276954112 645818.117487
1237080143413145600 4050063.040293
1237000791266750466 235112.773841
1236817148728627200 1463065.577656
1236678717654487040 284135.271208
1236678377911664640 154178.84178
1236677395601489921 270012.170585
1236102724409675777 923081.07598
1236039203445592065 26243848.357813
1235982502470119424 157704.636999
1235977446547017728 319891.217073
1235977276392484866 303975.33922
1235733513292230656 1469141.100491
1235718618316337153 11628869.422142
1235716366079934464 6951513.629072
1235716193224241153 130992.256272
1235624720654954496 444947.388739
1234911164296904704 18624764.24753
1234909412227026944 394709.786805
1234619585258672130 15870321.391611
1234531201098010630 42482744.828165
1234313018307014657 15822693.276534
1234256073353117697 2515127.015461
1234003631386443782 336085.971384
1233952809231405060 3723757.664686
1233874431493074944 20819263.015279
1233559516773601280 20710202.400454
1233437017867878405 315488.952986
1233436709947203589 320727.846447
1233436183054520320 313616.496768
1233086924572676096 838760.786929
1233058956181831691 214475.915949
1232064620090683392 293218.67584
1231989343931125773 201269.123688
1231091462726541312 7467176.119661
1231082926827139072 2851471.943556
1231066312207630336 1370080.19866
1231053773138726917 323715.808497
1230900334844882944 515622.651095
1230722169061048320 415984.076601
1230722066258657285 289095.288211
1230721801694531584 1259724.80028
1230721703463927808 154836.193431
1230721362009845760 192026.36108
1230720897658392577 321683.994303
1230720799461392384 153143.014936
1230720559568179200 159377.895747
1230720375169748992 3658480.653767
1230539355237879808 320050.575049
1230527373218664449 205014.036124
1230183959264284672 46771705.394229
1230183845040807937 5814016.396384
1229856316861997057 229057.170753
1229823316560474112 1116800.615555
1229498198042927104 347539.825909
1229442645228785670 262243.469255
1229253367488114689 150772.565043
1229069121603555329 278796.779012
1228697904690290688 230989.386212
1228406441838403585 376244.181336
1228394066611589120 637252.626277
1228363957674471424 469149.881344
1228017028595765249 324213.802172
1227676184135127040 173441.237129
1227292615407652865 214117.360503
1227290754495594497 399311.248362
1227259866269413377 246546.708619
1225848843339784194 302481.358195
1225842553678958593 320488.809483
1225482159298793472 258697.754289
1225202732425863168 1552923.556373
1224908034645737472 505722.536836
1224809064145641476 1628479.156744
1224798054852657152 4774942.633623
1224741904035614720 237622.661963
1224730611832647680 2067052.226443
1224727587399720961 211368.435417
1224556844103790593 310787.892694
1224464334429937664 3232935.098606
1224384690506780672 576935.632361
1224135983265767426 17082756.712513
1223659310921551872 4154024.199886
1222224585799528448 2137129.896389
1221542400763412481 31090422.401648
1221477933656633345 225053.301606
1220828609138454529 454070.632865
1220804047365496837 41672588.797928
1220477496400871425 8566347.759121
1220475918403035136 773065.461323
1220468487740542976 165473.338329
1220035258231312386 472934.633274
1219780446659072000 669243.739959
1219779730414522374 319871.297326
1219746621396701184 310449.256995
1219098017455718400 1795307.037869
1219007703709675520 260092.136579
1218917127719022592 258896.951759
1218656921353240578 1007341.60579
1218656887303884800 9523192.806266
1218568850146377728 123781.307858
1218554827128524800 313676.256009
1218554567828201473 190233.58385
1218341420517298176 18842666.359963
1218326378644267010 1282453.231607
1218219702423408641 216886.205336
1218199492568080385 258677.834542
1218199190330695680 618567.903591
1217919230953152512 341424.46358
1217686872798851072 4110459.713197
1217612233804374016 3178454.590561
1217512557616844800 504049.278088
1217507320298532864 403773.27169
1217506449724592129 302043.123761
1217251652064944128 347121.511222
1216938897709486081 219475.772446
1216767942727106564 302819.993894
1216397291377942528 353973.90419
1216024059768524800 329671.81285
1215777529044160512 218878.180036
1215749209367859200 16802983.865898
1215694206812872704 171608.620405
1215689884557430784 305548.999233
1215349884326334464 509925.603453
1215334563712356352 221826.302592
1214958037187715072 280748.914218
1213512910258917376 361973.903172
1213187272146702336 12355556.050656
1212990733117837312 1180523.331792
1212845284469854208 10325843.571372
1212408087342022656 362967.408972
1212385984853110784 356430.140808
1212055916427796480 249191.124756
1211561925521399808 26781856.370136
1211048519295000580 269041.37064
1210657470865190913 429055.414788
