1509212741570994182 563062.57434
1509212711925661699 372900.562293
1509212610196959232 656766.271413
1509212533017653249 4392331.6200225
1509190689061576704 791999.3349765
1509190648095776769 582671.71872
1509190556936773639 1756582.4847165
1509179679277604866 1099372.673133
1509179271138320384 3284181.5203575
1509179176351195141 1705131.8249385
1509178137560567815 1069772.202807
1509177638878818304 1390288.336542
1508887537162633231 1026562.0525125
1508558237309804556 1226832.111603
1508117097431371781 816650.8307685
1508115774111633414 842866.389267
1508115667878354951 704014.971681
1508115619744555016 491092.3456215
1508115492694900742 779626.8986415
1508115107393556480 627259.177965
1508114966804676615 3089140.566435
1508095044422676480 617501.294214
1508094704126152714 720052.4504775
1508094351884361728 297965.617698
1508094062372564998 272520.418443
1508093764312748035 215770.6208385
1508093492500865026 177182.626005
1508093236526698497 195834.6573855
1508091083166785544 319255.545882
1508090877692030977 1784362.1059215
1508088740488613890 1665773.4708615
1508088614688808967 1520409.016035
1508088063272099844 4180926.3682305
1508087682433441797 565653.7827045
1508087542960336908 1136910.178089
1508084114846621699 403014.605448
1508084006994292736 439828.4395995
1508083878447259655 161401.933623
1508083657424216065 199756.4862615
1508083507763073027 1360944.6526305
1508081799032975372 16947086.3093175
1508081742925770757 6795992.5250595
1508080777556336640 1799582.5370355
1508080747919335424 13685478.6492165
1508077429574840322 861868.58394
1508077373371133961 967687.9309335
1508077309445738513 4693728.837987
1508067305577594881 1931477.3772105
1508066997665366019 7552298.5484205
1507831118011113472 5151952.5225525
1507820847616212992 9451630.9353795
1507820369851392005 8617728.7264005
1507819449784672257 7263203.7341325
1507818800221237250 8024131.9129545
1507818373798928385 7704899.711292
1507535865777733633 2171689.3958655
1507535485903806464 3681640.2015645
1507122286226251778 1037090.295507
1507122117711695875 965190.099447
1507122087584010244 3420184.9431645
1507119736945098756 2474090.4152685
1507119731983241230 7601344.75359
1507118707935436808 1483011.576396
1506708947645853696 9540409.002138
1506536443619033097 1806562.458666
1506532799423078402 5727317.500569
1506285385520984077 1531590.8971755
1506285222446387218 2047918.3440765
1506285131207741445 4746720.216252
1505970950331932674 699462.8488785
1505970615320207371 1924217.324946
1505970493664473097 1184182.2225765
1505970163895656457 2920408.547889
1505954003783503876 3013855.4585475
1505921795408510985 2267377.351596
1505916455170318339 2400112.583673
1505716538489245699 2363298.7495215
1505591306499801095 1564482.902451
1505591261570478082 3893885.8452585
1505591250044424192 1030250.4391935
1505591239936294916 7310405.7459615
1505590623256031233 10736333.367123
1505273620565794818 4427744.801004
1505180200723959808 14020678.297017
1505178472032919560 10744060.3037775
1505165467970945034 10532771.773083
1505161434946314240 5543481.7720065
1505160923215974402 12145180.3581675
1505160417160609795 609260.7847305
1505159102401499139 8281385.2118445
1504894700226064393 6568993.3346415
1504867035779588100 949969.668333
1504866989470277634 1465480.0675515
1504866980582592520 552277.544931
1504866972365951010 2379429.605196
1504866294243409921 5670287.5723305
1504852075313778689 10552404.2616825
1504849012813451272 7017249.0374805
1504519780736319495 3119511.3960045
1503787263854931969 3680426.3021505
1502099371181047810 9951617.4286305
1500240401134874625 770942.8489875
1500238137536040961 1582738.0821
1500238108956119044 4119647.792043
1498406735832256515 2666306.7186315
1498362546797096965 862148.714574
1496953830889574402 7711132.6178985
1495871322903171077 2466690.297687
1495818774548815884 792536.252025
1495818767942758406 855448.9235775
1495804873946071043 2782280.8011075
1493035429787881473 430537.4402385
1492997900535832578 716410.7522355
1492997891085922304 2032044.2748165
1492632471594278912 931434.35805
1492547580688961537 1790571.6683085
1492322645974523904 328476.5125845
1492279788060372992 1263295.782462
1492278947723112448 998735.7428685
1491554188676845568 708216.931191
1486806485707464715 3761897.6282055
1486791533881876487 1548071.9161425
1486412654461784065 163736.355573
1486412650863108097 871556.4350325
1485662261192577028 827972.777226
1481693316500631562 3815986.184787
1481438120050663428 2921879.2337175
1480976120677904392 1178579.6098965
1479865262694408201 2477872.1788275
1479630835863203844 2227762.2111045
1479144076540846086 1908273.2230275
1478852122980593666 8227460.0647995
1478850976119463936 883438.642758
1478045720305410058 4291157.7727095
1478042455241109508 984005.540364
1478039119687208968 768234.9195255
1478019623463366661 573940.980627
1478019615611572231 619252.1106765
1478019607852199939 2340771.577704
1477868670726643717 3094112.8851885
1477816318736977921 1333141.687206
1477371268315889665 3735868.823463
1477350540157800455 1343880.028176
1477338882605785098 824657.898057
1477332060029206530 1086626.729286
1477312326328061955 4654277.107032
1477150362700242945 1041408.9761145
1477148020932333569 2632340.879259
1477147548926324740 1345000.550712
1477145554903834626 3605281.25958
1477140172974301185 1185979.727478
1477139503047495683 4898014.1028315
1476936440617521152 601323.7501005
1476935883312050177 999716.2000875
1476935103628652550 605152.2020985
1476751399409139714 1343062.9804935
1476750891369779208 531431.1569175
1476671004449591296 695914.5275145
1476571376106541057 708006.8332155
1476293518079496194 846998.3161185
1476221020302422016 1261008.048951
1476219764791988224 248382.49548
1476219752548810759 759224.0507985
1476190866205474816 725304.899865
1475530280710688772 5631839.642814
1475510423441051653 146858.4848745
1475510421142577154 782218.107006
1475164059213385734 664329.798531
1475121832747585538 4801742.5416135
1473721104250376203 1399089.1072935
1472438475819470851 1985939.441304
1471986334646652929 247075.219188
1471986325519843328 545811.1961295
1471920659345424391 1801076.5670835
1470478411613278211 1943242.8638385
1470429450361876482 2096801.1397095
1470428245329952773 747108.400878
1470123165338808324 1660941.217425
1469853017847566344 3667120.0970355
1469812136352358403 4918743.7697475
1469735975857307661 1807589.604324
1469718175520641025 3679515.87759
1469415099077042176 3233010.9912135
1469394341470822403 5134911.2423175
1469191672693243907 2138727.3579315
1468982753400033280 4319707.753158
1468748565115772931 2154578.082972
1466926817571491849 680950.882815
1466926810940248065 1849399.1014485
1466922497765523456 6737165.0919195
1466516530171203595 3219377.9670255
1466152009460031499 2208083.034066
1465780776016961542 1893869.839596
1465564923862257665 2249659.0889955
1465130133015220227 11557209.501621
1464672484146487299 2120145.3592095
1464108939201683457 6735927.848286
1463235256920600577 6099844.55535
1461576559999991808 1351186.7688795
1460702739218976768 460441.385418
1458569609322369040 889764.9262425
1458569507241398276 962995.742814
1458568921959776265 2081650.741254
1457438850859503618 765456.957405
1457438819645476866 5734530.8643945
1456697027601973251 3878828.823681
1456481100738412546 1100796.6705225
1456112385203347459 4331263.1418105
1453789904488603651 684615.9252765
1453781612160770050 5104750.5107235
1453742455208173570 170809.6540815
1453741035520241664 2351813.3935275
1453739836913815556 343743.6321375
1453739799202963458 11844436.778349
1453739607753900032 217894.944813
1453739550337998863 9966441.008013
1453423174121631763 221419.9219575
1453423121529200642 289421.633361
1453423087270178824 601323.7501005
1451267905811795978 5239913.5416285
1450872235556843520 234749.471292
1450872018962984960 1975994.803797
1450807535250903046 301443.9064035
1450807532532940803 2595200.2260345
1450085678944038916 1900266.155739
1449871626699517952 4058275.8389775
1449748441240834054 13927254.730578
1449469951425884164 872653.613349
1449400566443036673 307420.0265955
1449399632916791296 1046964.9003555
1449109931983048707 2884388.4172005
1449073551349325824 782965.12203
1448727414075445250 3744226.054044
1448324750791565323 3260580.514443
1446893278092267523 316267.485786
1446893249164099590 554962.1301735
1446893244697153536 171976.8650565
1446893239622062089 979686.8597565
1446868108959002626 444030.3991095
1446868105423163400 459320.862882
1446868101933506562 1479930.139422
1446863904102100992 1098625.658109
1446517454067355649 943573.35219
1444375604720250881 1198445.540691
1444375348448309254 3302646.797982
1443991059844014085 2602343.5572015
1440038840551428096 4165916.035092
1439639359028928514 3100229.0706975
1439266520513892359 30982027.924449
1439014945534918657 2113795.7315055
1438726367269511168 342623.1096015
1438726365029806080 5478935.005089
1437051935450877955 722877.101037
1436789269172002817 2360170.6241085
1434627066343821315 6287158.572618
1434181566096281604 1472856.8409135
1433905577130807296 2112301.7014575
1433904978708500483 8137001.214237
1432719311672578048 4660043.1292485
1429610515198664705 2585722.4729175
1424834781032992772 857176.3958205
1424822746870128642 829420.118835
1422675967156396034 749839.6745595
1422638231246581765 2847854.713683
1422267930838962197 1958299.885416
1422259904094552066 5252449.3875
1421830364708884480 8657273.8342335
1421217413098610690 341525.931285
1421217410871345155 1644903.7386285
1420830242172768256 2995483.557801
1420451657498996736 160234.722648
1420451538699493378 1292265.9588615
1420447095010517002 117514.800963
1420447063482028042 950576.61804
1419810102941454337 2078149.108329
1419648861610692611 766250.660868
1419044576950734850 3205674.910179
1418653719831453700 1798088.5069875
1418277493027471360 2428242.3681705
1417662475244236803 514926.793731
1417650058363768835 1729386.468999
1417616082555203585 1657136.1096465
1417197423307345920 3826397.706684
1417192122562727949 1952160.3556875
1413193119789584384 299926.532136
1413192732281950211 318345.1213215
1413192593349828608 2670975.5625315
1412590987801632777 1356089.0549745
1412586475158310921 8683489.392732
1412147845793148929 2009377.037682
1412083381567823875 3373449.8157255
1411773879748464641 2540084.523795
1411505521408942088 1051610.400036
1411495050878492677 638347.6822275
1409583489142312961 11788737.470622
1409549728166072335 3247110.8997915
1408845345090641927 1879022.915994
1408845343358398469 2268871.381644
1408845342230167567 1908483.321003
1408845339935887370 8863053.129126
1408791644535730178 1423623.881988
1408791286342209541 1671702.9026145
1408776408659337216 1051050.138768
1408590768466542592 564019.6873395
1408590157742280706 355555.8072045
1408589666459308040 465437.048391
1408588753099276291 1542049.1075115
1408588300512813056 778342.966569
1408587773972520961 238928.0865825
1408586657381720071 1833735.130164
1408584911452262402 362512.3846155
1408584606425784323 366364.180833
1408583858380054529 349206.1795005
1408583342669303808 1451847.0433635
1408581066722623493 353314.7621325
1408580351589486595 806332.6857495
1408578501901312001 286503.6059235
1408577881572265986 338351.117433
1408577617645563907 305342.39106
1408577070813396992 270536.1597855
1408576331542040582 244157.1917505
1408575758243667971 261852.1101315
1408574412660563969 366107.3944185
1408535055241302025 163549.601817
1408535053500624901 1118818.4079765
1408505639693963272 126899.177202
1408505637462495239 410648.1652245
1408503768770125830 593713.5345435
1408463642790662150 920439.2306655
1408403099941748738 605198.8905375
1408403088810053635 2747241.127638
1408163791477542917 845457.5976315
1408131019270770690 1141812.464184
1408120628192948228 841278.982341
1407841205556289540 961384.9916685
1407718268404748295 234469.340658
1407718265405779981 3822732.6642225
1407667257682038786 182761.8944655
1407667255530360832 2213195.4181365
1407491424019435520 220976.381787
1407491421691695105 1644927.082848
1407324205918658567 373694.265756
1407324200352862209 2560930.9118085
1407047400603230211 2129949.9313995
1407016573693566981 1249429.316079
1406658657488621577 535072.8551595
1406658486017085443 721266.3498915
1406658146073038850 2838330.272127
1406584274267127809 2399949.1741365
1406364208141320197 8017852.317909
1406333479407792130 1872019.650144
1406283243314364425 972963.7245405
1405889171802230791 263626.2708135
1405889170778824707 295794.6052845
1405889168866263047 2676438.1098945
1405633188890808335 1169872.216023
1405583982209781760 167914.9708635
1405583870498574344 714263.0840415
1405568030567014400 5444315.5275705
1405566869428441097 822066.6896925
1405566580541505542 1996934.5686885
1405566288857083906 1979543.125161
1405566231806087168 1450119.5711205
1405566119767904260 13198658.2957635
1405214600237305864 898612.385433
1405214083297710083 1506495.861213
1404554189460619266 14892398.141586
1403352573512503300 168241.7899365
1403352531091263490 1612151.79867
1403159912977514496 1811721.5311755
1403079239348502537 3190407.790626
1401885736463384583 2239854.5168055
1401529719972110338 225271.718175
1401529595506180097 3444626.340981
1401331437803126784 2589457.5480375
1400819388866048009 2002700.590905
1400810913578446855 833762.143662
1400622640944009222 907763.319477
1400568784851771398 4562067.440007
1400442035870576642 5029792.221909
1400110257788096519 3656638.54248
1399762663740215299 3545286.615465
1399654308824637443 143613.638364
1399652486177333249 1314256.2136305
1399506021844979712 134789.523393
1399505926781026309 794590.543341
1398459880927793156 514646.663097
1397710213948575745 817047.6825
1397659760661602311 7165158.0122325
1395394178855620608 858857.1796245
1395041430268268549 2414656.0324215
1394991564716396548 6144268.6050585
1394308605424373763 481404.494529
1392314413902934019 1030507.225608
1392314411809972227 6702265.483767
1391877288124370947 670399.295601
1391877285654024193 1726211.655147
1391765169144008706 3989877.2758425
1391761613951221764 990145.0700925
1391469313316556803 4713291.293928
1391458970280341511 1509110.413797
1391078667636334595 573777.5710905
1391077229585739776 4457321.9271105
1391025377200443399 2583504.772065
1390721599964340228 6140463.49728
1390487333053550593 3906631.7891055
1390363606617894927 5520090.8640675
1390348269499396100 1145127.343353
1389970956165210115 3887582.9059935
1389351558286954496 1202063.8947135
1387988395398295553 1170899.361681
1387980569158447107 247822.234212
1387980566356652036 2261798.0831355
1387979709963591680 402944.5727895
1387975623545524225 636176.669814
1387863459254046720 4234384.6308855
1387862737514991616 156569.6801865
1387862543314546693 635102.835717
1387775427092090881 544013.691228
1387597644659261440 2886419.364297
1387516466233180162 288091.0128495
1387514467466977280 2081230.545303
1387484417128423425 750166.4936325
1387059216754438145 838687.7739765
1386723008895590402 920229.13269
1386032490062569472 7660965.890193
1385331751170437122 243083.3576535
1385331686859165699 1540811.863878
1385277660226461696 315076.9305915
1385277658041262082 3775040.423784
1385023381129498633 1187753.88816
1384589546789105665 2139591.094053
1384582546344665089 624271.117869
1383621509768376320 12363612.220029
1382422630700044290 2828572.388376
1379092716722720773 1588457.4158775
1379092593322102784 6527604.033468
1378555274236166152 8941629.771963
1378541683592290305 1688207.265801
1378334663383597056 1882104.352968
1377322576482082824 680600.7195225
1377309797373112333 660291.2485575
1377304839949066240 13776987.9896565
1376326682295033862 13859579.8382475
1375853824544550913 2456442.1853265
1375853495652339712 23302760.166168
1375484769115463682 10202614.4766945
1374768186990632961 74760213.1120425
1371829279730769931 1641285.384606
1370413844355457028 285289.7065095
1370413719931346953 2720488.652091
1370075848867336192 5800641.6940185
1369510515865624576 2520031.8392445
1368978553597915138 659147.381802
1368978552876494853 749045.9710965
1368978552155111429 244834.174116
1368978550418644993 2216090.1013545
1368758285499731972 5909892.6412785
1367880392552804354 132034.905492
1367880368909512711 544924.1157885
1367713190163873793 22316210.1058785
1367585979662442503 4181696.727474
1366520999336767491 2314579.363425
1366442415284908032 2493699.5596485
1365781763490861057 42187253.284449
1364278200625291265 6655110.160377
1364264722443329536 2984721.8726115
1363712698593120258 987063.6331185
1363712697804627971 806659.5048225
1363712696940711941 587340.56262
1363712696122626052 448045.6048635
1363712695438958600 478906.6630425
1363712694872797189 394073.7693795
1363712693371248641 5630742.4644975
1362546760845991941 792909.759537
1361042388781727744 3471075.3416745
1361023572743921664 884815.9517085
1361023403851874304 3237399.7044795
1360999626958991363 10438484.4705225
1359398694320132097 703127.89134
1359398309639540737 2450886.2610855
1359302698122633216 5544742.3598595
1359227195890098177 1974874.281261
1359180291852496902 879750.256077
1358886941819760641 1318154.698287
1358880599189065728 229543.7103435
1358880463020953600 5169460.6871775
1358828203062644739 814012.933965
1358822545852534785 1710897.847155
1358666779837431808 2890597.9795875
1358597317297774594 403458.1456185
1358509160703250432 204495.36282
1358491240623337472 1490691.8246115
1358456207057448962 5199294.5996985
1358455768517812228 1270579.178946
1358232014910943233 4434678.0341955
1358090489447153665 370496.1076845
1357840303214915584 1292966.2854465
1357368778191872000 1756815.9269115
1357044389063782400 2989507.437609
1357039576980758528 5680979.2248615
1356832457027325956 1763935.913859
1356694050682806274 1737393.5362875
1356057695560761344 1102197.3236925
1356057523468464131 2793719.4686625
1355596253128663041 2890808.077563
1354964668989591553 541048.9753515
1354964667395788805 1213665.971805
1354868171501576192 2261097.7565505
1354842764224028674 205825.9833315
1354842617108811776 1091879.1786735
1354628086717837312 640308.5966655
1354628050638368769 1582411.263027
1354531555608129536 2296277.495337
1353410376625397760 1840645.019136
1351929906146365446 566190.699753
1351929855068184576 2207009.199969
1351714065140236288 4954880.6215335
1349126852195962880 613089.2367285
1349126851042529281 610287.9303885
1349126778401349632 2469048.0638565
1347620022575775744 3531746.968155
1346279468030160897 3797847.7262355
1345879879343083521 3980072.7036525
1344820188735283200 1749742.628403
1344698332749438976 1392832.8564675
1344316162998480897 2349782.446431
1342464385554513922 13788263.247675
1342268488107380736 3086059.129461
1342246675239366657 2805765.0859245
1341793712905596930 820385.9058885
1341097568470790144 196418.262873
1341097535155351554 371873.416635
1341097534299774976 167261.3327175
1341097532445868032 884722.5748305
1340120232866803713 6388169.0103945
1339961320695885830 5557885.155438
1339792129799942145 1904468.115249
1338200464815341568 1956549.0689535
1338200343117643778 11432294.5830765
1337507490833915905 635009.458839
1337501289081532417 3410403.715194
1337498662750982144 1177879.2833115
1337445541198753792 1216724.0645595
1337200527491309568 1028196.1478775
1337059693232066560 780934.1749335
1336394582318227456 731467.773813
1336357577387491336 2103127.423194
1336170757391466496 3344573.016204
1336053498358579200 183485.56527
1336053344075272192 243526.897824
1336053343190323200 221373.2335185
1336053342393405440 190698.9290955
1336053340677963776 846414.710631
1336040109175533568 560588.087073
1336040107636224000 416974.448709
1336040106717671424 304128.491646
1336040105048330240 272240.287809
1336040103915868160 253238.093136
1336040102301089793 338094.3310185
1336036699999150080 4188793.370202
1335290233290539008 2923443.296424
1335241289378353152 4501559.223063
1335054265316900865 5741230.655391
1335053941571080192 6047273.373036
1334961772004962304 2950149.083532
1334922470785105920 62589284.0797665
1334922220125057024 4106154.833172
1334854109690654720 5549411.2037595
1334847207934029824 439945.160697
1334847121044848640 2781090.245913
1334696651399725057 615890.5430685
1334691602493628421 183275.4672945
1334691582583324674 323901.0455625
1334691452887023618 2314252.544352
1334590849577979904 535142.887818
1334527558935724033 561568.544292
1334328876760137728 674881.385745
1334328329965510659 1740708.4154565
1334277572696260609 3077258.3587095
1333994700206796801 288277.7666055
1333994658637123584 2332811.1988545
1333956239152214016 1537963.869099
1333939071647813633 1364306.2202385
1333904379821187072 391575.937893
1333877484534652928 759154.01814
1333836696031424512 178116.394785
1333836652641284096 668111.56209
1333611316376788992 319559.0207355
1333608864957169665 259377.6228645
1333608619653226501 99352.998192
1333608156107132928 79557.100056
1333606218376507392 186076.7736345
1333603908753653760 163946.4535485
1333602896877735939 333238.7333625
1333601939855052800 231948.164952
1333601680659607554 1273450.5179445
1333600879895711744 728549.7463755
1333499729146044416 951487.0426005
1333469042275799040 164436.682158
1333468846947090432 886309.9817565
1333298529607897090 1370679.192162
1333229736537964544 2705291.5651965
1333209961363501056 1263996.109047
1333162974463180803 1469635.3386225
1332880588315840514 2241792.087024
1332746471297302528 2226758.409666
1332417290223042565 488944.6774275
1332417239711059968 699859.70061
1332407009207992321 229777.1525385
1332406979650748417 4316602.9719645
1332392950349791233 2599518.906642
1332370865506320385 1070939.413782
1332362436578471936 780490.634763
1332360715827511299 4927474.5078405
1332354727275687936 3024617.143737
1332303647435157504 2019158.2656525
1332221361884852225 473514.148338
1332215763730538498 10576332.08667
1332194707087056899 1629006.325149
