1520931113169997825 25534.53975
1520923178385784833 101637.48175
1520918500776292353 213548.86067
1520917972860248067 34847.1366
1520909491348418562 47163.79695
1520906465254510594 190477.65299
1520894813989576706 277595.49449
1520894169996214273 597808.6365
1520892739625242624 124027.76837
1520890846270291968 54393.57644
1520883105850085379 78185.75936
1520873150690447360 453293.15506
1520858570547359745 82952.20678
1520851207216152577 578582.6301
1520847719182454785 174095.49337
1520828792083783683 24793.53742
1520821105509863425 109127.61341
1520813507121344514 163080.59387
1520802833024622604 13638.44829
1520779774016196614 89881.57992
1520779768752336898 38992.74423
1520779763341692929 16061.72618
1520779758010703874 31983.26273
1520779752881025024 22470.39498
1520779747248144386 29960.52664
1520779740872802304 205578.07885
1520776292425248768 721796.35069
1520768116539768834 28398.41362
1520653277196652544 353998.84284
1520604699078000640 562160.4163
1520601473410899968 454775.15972
1520583289043529728 105162.24959
1520570076604289029 132959.85051
1520535367082037249 76783.86306
1520509817277890562 14299.34226
1520474319004049409 11795.95601
1520451893977362432 66590.07425
1520432796791099393 13217.8794
1520414773053173760 162019.1581
1520402715523825665 132799.63379
1520258147612606465 138026.70428
1520256432800768002 270966.5277
1520252252308443138 162019.1581
1520250031705575424 2590844.55203
1520248733182611456 1269096.66621
1520246617072451584 213368.61686
1520223442947039235 57798.18174
1520222310778564608 95208.78586
1520217663338819587 62604.68334
1520215260992401408 48165.15145
1520205853445480456 790409.16103
1520198808952483840 25534.53975
1520172324611231744 14139.12554
1520121477718286337 20167.27963
1520121475503734790 270686.14844
1520110129399611393 74440.69353
1520062861581688833 103640.19075
1520057347682488326 121604.49048
1520042113756499969 73279.12231
1519891299360559104 183988.87583
1519889531952111616 282101.58974
1519883580108771328 223702.5953
1519876723038244865 8291.21526
1519864254987395074 757124.13745
1519862980422389760 113974.16919
1519860275549192194 448506.68055
1519856343955374083 41195.72413
1519851977684910080 163621.3253
1519849785599033350 181725.81466
1519844870596218880 149001.5496
1519842810626813952 39833.88201
1519839365131911168 590638.93828
1519837594657374209 396316.08401
1519835710743883776 516678.89491
1519834314887909379 860604.11148
1519833279402323974 617915.83486
1519828318719143936 331728.71876
1519824784594456576 23952.39964
1519801257979830273 43398.70403
1519796007218855936 203435.18022
1519787296077369345 1094981.14575
1519782636302045184 173134.19305
1519735627511644160 47644.44711
1519703687035244544 44560.27525
1519666499224440834 309919.21775
1519655171336331265 222000.29265
1519530934734921728 329045.0887
1519517959974174720 728365.23621
1519507389829062663 224363.48927
1519490463455141888 232013.83765
1519488659908665346 323978.23493
1519481860270796800 15861.45528
1519463799601999874 73319.17649
1519461333007319040 291814.72839
1519452261813993472 13217.8794
1519435984441552896 8531.54034
1519428862555443202 51169.21495
1519419624990859267 282361.94191
1519365391256072194 688291.02912
1519352927370031105 8751.83833
1519345946559193088 475222.81861
1519160083518832640 67731.61838
1519147235736436736 193882.25829
1519139368732184577 568769.356
1519133229055455240 844682.57493
1519132141132697602 3892405.13113
1519122931707744259 163721.46075
1519113567361974274 64687.5007
1519110345616465921 19506.38566
1519098160127172608 38752.41915
1519096632293445633 2073364.57352
1519084368106778624 98312.98481
1519049328832225284 213468.75231
1519041839067762692 170831.0777
1519028542155243524 123947.66001
1519022396946141188 151224.55659
1519014331618402304 1504995.75932
1519005299700604928 123567.1453
1518990540469112833 11655.76638
1518983454431588354 454074.21157
1518967065050324998 68953.27087
1518967007596658690 1379946.60936
1518955908117803009 56075.852
1518789256256405505 306394.44991
1518778607648268290 631834.66241
1518767789946941440 438733.46063
1518765249901613057 1836664.39681
1518756692816801792 458620.361
1518755027443200002 122685.95334
1518722683973914626 1357195.83512
1518716767232745472 416964.0138
1518701508816220178 23011.12641
1518683581035470850 12036.28109
1518680997671452680 6809.2106
1518677689376415745 263035.80006
1518654097473290241 17263.35158
1518639370194010112 53872.8721
1518628361081438215 7410.0233
1518614647896743937 27136.70695
1518445539741818880 1197760.17163
1518410158681980929 1562072.96582
1518406086214176768 146698.43425
1518405279360196614 573595.88469
1518403446046543874 39373.25894
1518384022958731264 125710.04393
1518375535889600520 384299.83001
1518358815334273024 96991.19687
1518351060288430081 90422.31135
1518344258650095620 113974.16919
1518329642268176385 803346.66117
1518328804191522816 74400.63935
1518322707854675976 611447.08479
1518312121699909644 289531.64013
1518311753829941248 186432.18081
1518300039134601216 51329.43167
1518266377903165440 12857.39178
1518096618469265409 125289.47504
1518094570738880514 398819.47026
1518094038481596417 38952.69005
1518087471283777537 1563735.21429
1518067778741178368 85215.26795
1518061637361893376 201312.30868
1518056984972431361 82171.15027
1518054943294382081 2388991.51192
1518047358738644992 1602407.52508
1518045113141846016 23752.12874
1518041116058206210 125910.31483
1518037202109837314 73219.04104
1518033950433628160 187293.34568
1518027625977032704 150243.22918
1518024970596757505 123166.6035
1518023055821393922 185250.5825
1518013772169768961 90983.06987
1518001268614066176 8952.10923
1517996180072013824 174235.683
1517986464218423301 221239.26323
1517983383015628801 226506.3879
1517982492157956105 665119.68599
1517974448195964928 69794.40865
1517927716963635202 44440.11271
1517923480817311744 556372.58729
1517921780907880449 136304.37454
1517918136300888066 1513927.84146
1517916705686798336 33565.40284
1517908054028828678 78045.56973
1517887137579945986 106383.90208
1517876509377241089 130176.085
1517856568330625025 132999.90469
1517724703082913792 404867.65144
1517720756758659076 248476.10563
1517710097358671872 82972.23387
1517699690099261441 77945.43428
1517698793646411776 804868.72001
1517697374466023425 318410.70391
1517696964577488896 147399.3824
1517691951654613153 16161.86163
1517690268014628866 472018.48421
1517688582625890304 59240.13222
1517688181256196097 62063.95191
1517685389191827456 196726.10507
1517680082587951104 165143.38414
1517668379322195968 467572.47023
1517665749975896065 55735.39147
1517664007477506050 52350.81326
1517661962259386374 60061.24291
1517655355576135681 54673.9557
1517654136237436929 162639.99789
1517643896410591232 31782.99183
1517616907091861508 34546.73025
1517612700104368145 109868.61574
1517594875750928388 31202.20622
1517579117134233609 880130.52423
1517545064699990021 214910.70279
1517542064497512448 9032.21759
1517541301469777921 613930.44395
1517530373437198342 272088.04474
1517508209224921094 147920.08674
1517506749984616449 114655.09025
1517366684083961856 280038.79947
1517353283911929857 606260.06848
1517343197541900288 73899.9621
1517331441071235072 20948.33614
1517331401829462016 75682.37311
1517330575601942531 1483566.77302
1517328347998605312 2448391.86086
1517317339167051776 49567.04775
1517309832684089346 155630.51639
1517305636157014016 46963.52605
1517299846528618498 604077.11567
1517299727100002306 88619.87325
1517270175921455107 229270.12632
1517260422071701504 202914.47588
1517259444630994946 278616.87608
1517236176922501130 212327.20818
1517218266317533185 804948.82837
1517196094047932419 670967.59627
1517189564363771913 89340.84849
1517178599446614018 9552.92193
1517156985967415296 909309.99436
1517000331032416256 68032.02473
1516984921285435392 312002.03511
1516973220284575744 677135.93999
1516972395369742336 71216.33204
1516972114120626177 2433391.57045
1516956886188236800 1178994.7883
1516929260400771073 109808.53447
1516926184138883080 716409.06348
1516888860864790528 314765.77353
1516873592398561288 113833.97956
1516871927981391872 519342.49788
1516847154714787843 297462.36777
1516840448706285570 14860.10078
1516833329290661888 596426.76729
1516832274850922498 350353.91246
1516821236193628162 974518.1994
1516817722360967170 65949.20737
1516816212671533061 10434.11389
1516813375690485776 1620732.31243
1516763206479495174 157673.27957
1516637506279817219 448426.57219
1516632366248349697 98312.98481
1516623254181625856 77264.51322
1516621342342266880 1446316.38562
1516615744750067713 17824.1101
1516614940504821760 199690.11439
1516609016796831744 72718.36379
1516599567248244743 591580.21151
1516598507326652418 45501.54848
1516596001905201152 17223.2974
1516591685165322241 243449.30604
1516590681506078721 31843.0731
1516574374387720196 3790447.21594
1516515056594345986 23672.02038
1516514978953576450 50648.51061
1516481821873258502 419827.88767
1516453826362019841 9933.43664
1516403841616461826 542013.16376
1516275962131984386 1617227.57168
1516256115616534532 269865.03775
1516208760036941827 133180.1485
1516193022496718853 1731001.46997
1516162745397391375 3715646.03479
1516119204885196802 13077.68977
1516114389895548928 32403.83162
1516113040458252289 396256.00274
1516103839136505856 72157.60527
1516095574906478600 95308.92131
1516093504581255168 9272.54267
1516080934461841409 755602.07861
1516055462193639424 118420.18317
1516039146191609858 245351.87959
1515876219820154888 121264.02995
1515855132457521152 314305.15046
1515822136446926861 286307.27864
1515819391769726977 9552.92193
1515817495122358273 103700.27202
1515816919454126081 2310084.77732
1515815289711177729 1110502.1405
1515804470655004679 735595.0157
1515795531011817474 72478.03871
1515529421670825991 566225.91557
1515526547431575552 75001.45205
1515521018080772096 311341.14114
1515520011871272961 169909.83156
1515509170719670274 60722.13688
1515505189226123267 155950.94983
1515492293670801410 546919.80081
1515488620232159234 125569.8543
1515483825077317634 156231.32909
1515479653116489728 7970.78182
1515472836621656069 156091.13946
1515459280085921795 712904.32273
1515453811095060480 152486.26326
1515449960996745217 38652.2837
1515444287562936325 132999.90469
1515440286503260177 267381.67859
1515436638641393664 260452.30545
1515430507609165826 50388.15844
1515423883616260107 300706.75635
1515413392613335051 2331633.92616
1515407512442478603 122786.08879
1515404714946486274 348891.93489
1515403219823910917 94708.10861
1515380573228998660 269344.33341
1515347442211897346 117679.18084
1515333579013861377 263676.66694
1515329170464780291 107205.01277
1515314165149229059 208141.54637
1515203461293527040 567507.64933
1515192430236155904 1537019.07623
1515155001991000064 191238.68241
1515153029057716226 440555.92582
1515151757080469505 1072690.99458
1515149730912690176 401863.58794
1515143502052610050 184930.14906
1515142660289302528 73839.88083
1515140094784520193 79527.57439
1515131958602383367 55154.60586
1515128531851702272 113894.06083
1515122319877836802 79747.87238
1515121871947112454 49386.80394
1515019416299315201 32223.58781
1515008964932603907 90402.28426
1515005714560860163 11195.14331
1515003597133598722 528174.44457
1514968327365570566 586413.22229
1514966777645744128 131658.08966
1514955445340934151 1045133.71874
1514799066999189512 44840.65451
1514790896318918664 704773.32419
1514782228969971716 351555.53786
1514779607135756291 45621.71102
1514776148302999556 32163.50654
1514768420369182720 23551.85784
1514759752693202954 168367.74563
1514758229531762693 34226.29681
1514747327814152204 6909.34605
1514743431100305417 184048.9571
1514730859789799432 80929.47069
1514654827405529088 171532.02585
1514645311314186240 1145128.97911
1514642163086286852 8050.89018
1514626343413161986 153687.88866
1514616971194634240 226506.3879
1514615291942092806 2161904.33841
1514609424777703426 52511.02998
1514456107464286208 668223.88494
1514453868796645383 338878.38989
1514452503529762820 130676.76225
1514429666416754690 135102.74914
1514423813982748673 188414.86272
1514417117659082752 391689.82622
1514414068278255616 136764.99761
1514409350768603144 894309.70395
1514407774125387778 63826.33583
1514399425074012164 108747.0987
1514393587093491724 122886.22424
1514385128046284804 80028.25164
1514370345079214084 7349.94203
1514341245279211532 49206.56013
1514340380204048387 792351.78876
1514332675863195660 5247.09758
1514323034383040518 1352749.82114
1514309470192648196 97511.90121
1514281004990889986 65168.15086
1514279751262777344 9212.4614
1514250671771594756 675673.96242
1514246298630770695 1626520.14144
1514226908380241921 191278.73659
1514109501653331971 2168272.95303
1514104453145800704 176258.41909
1514098542444429315 727203.66499
1514095734395744260 126651.31716
1514084104416993290 89601.20066
1514071442844966915 56075.852
1514057831804194817 172232.974
1514053391592431622 756082.72877
1514041512476254212 142793.1517
1514038969645871109 40134.28836
1514033839479349251 99094.04132
1514025083387404289 278316.46973
1514016464222789638 21328.85085
1513997820885442570 557113.58962
1513939016428793861 100435.85635
1513924317544955904 61663.41011
1513917170060828685 9092.29886
1513907853509246988 130075.94955
1513864517939257349 193341.52686
1513703413095096322 37470.68539
1513703270602010625 62204.14154
1513702952313233414 228128.58219
1513699766798065664 183648.4153
1513687021113552903 71717.00929
1513683170532671491 50428.21262
1513678230061936644 69013.35214
1513668718613651458 41976.78064
1513658771913990147 88599.84616
1513656596378886145 281320.53323
1513597211963133955 110489.45553
1513589711520079879 1968843.19081
1513562997414842372 153307.37395
1513554973287751681 12036.28109
1513531666337349634 101377.12958
1513527363165986821 136184.212
1513497938126905346 117939.53301
1513376102282108928 801704.43979
1513336950895259651 272208.20728
1513335693757624323 65809.01774
1513324110037893124 356462.17491
1513312510241349638 52270.7049
1513307695545212928 337716.81867
1513305283484921857 50027.67082
1513301667302813696 34867.16369
1513290435992735744 560057.57185
1513274347166724098 262955.6917
1513257151224897538 55715.36438
1513239683676839936 97031.25105
1513231324248690693 1983042.39762
1513230533312098316 9873.35537
1513224216849563660 1781269.46587
1513209888394125314 217594.33285
1513204988390084619 158434.30899
1513179916048736256 424714.49763
1513169641673211907 3001840.49301
1513146732749676547 83532.99239
1513028408489484288 108066.17764
1513016983171657733 224343.46218
1513009360859017219 111711.10802
1513004854637215744 343124.13297
1512998031544750084 40254.4509
1512986850226425856 142572.85371
1512980691042119688 37751.06465
1512974726586589187 12937.50014
1512972874755231747 111010.15987
1512934946591154183 455536.18914
1512928351966609412 41436.04921
1512913337222406150 129294.89304
1512908623810371584 89100.52341
1512903851355086854 39793.82783
1512898280665006081 27637.3842
1512880534552252419 57097.23359
1512880385373397000 21168.63413
1512875140929007616 58358.94026
1512869288813764612 20988.39032
1512840710780772352 64166.79636
1512839267915083778 122125.19482
1512818848944242694 202854.39461
1512809922295209989 10867620.28014
1512807651511574535 25834.9461
1512635605636820993 38291.79608
1512608938730336257 53552.43866
1512577489729732608 389086.30452
1512532863673057282 95389.02967
1512530102407598084 51870.1631
1512516808699486214 59240.13222
1512488656132526087 59220.10513
1512486195980341253 125189.33959
1512481263411769346 212887.9667
1512460258358304771 37190.30613
1512269125267210244 1414453.28543
1512266912633344103 309178.21542
1512264476493459458 111691.08093
1512254671410241539 161057.85778
1512248673815646210 140630.22598
1512246639544610819 125910.31483
1512242513599348740 376749.61708
1512234946169122817 289892.12775
1512226794887426061 87598.49166
1512224874001010688 247915.34711
1512210805416251399 166545.28044
1512166728528240641 485196.30943
1512161041123323908 56556.50216
1512158422556450830 79868.03492
1512149934576910342 66910.50769
1512136396529672201 10494.19516
1512123888930639885 63766.25456
1512118363841081355 52871.5176
1512108997909831680 291454.24077
1512087548813713408 477045.2838
1512068157422284813 119581.75439
1512066273168932884 30541.31225
1512055037450670083 274871.81025
1512052576493187075 3076321.24072
1512046160428638208 26736.16515
1511885156432289794 91824.20765
1511879263791853573 202754.25916
1511872746627780611 56756.77306
1511870708615467012 77124.32359
1511860932397387778 26896.38187
1511853902735491072 156511.70835
1511849816736870406 124368.2289
1511847252989464580 52070.434
1511846324366458882 1760100.83174
1511844198403686404 7169.69822
1511840926737608711 4806.5016
1511838271617351688 82511.6108
1511837912152821768 50788.70024
1511815379332517893 21649.28429
1511779878684835851 53272.0594
1511771385491865606 130736.84352
1511765689190780935 5427.34139
1511764886849785858 163881.67747
1511762628108034055 70255.03172
1511747169992454145 1418759.10978
1511724500924178446 144695.72525
1511709990188457986 22450.36789
1511699518718361608 48725.90997
1511697716585324546 404667.38054
1511685566705946632 39112.90677
1511669524734652422 521986.07376
1511572460163977217 920264.81259
1511567407080431621 2604983.67757
1511549378888052738 50608.45643
1511535138089410561 127252.12986
1511525965540868096 122545.76371
1511519499375333377 238963.23788
1511471560258899971 1052483.66077
1511462878607458304 62784.92715
1511433137502527494 1055467.69718
1511406798032580613 44480.16689
1511388466390650882 45321.30467
1511387399170973696 34927.24496
1511380392036618247 10574.30352
1511369759337730054 474962.46644
1511368066852179974 1006461.40795
1511364035987460103 396416.21946
1511355789923033094 107585.52748
1511328029343166467 1849381.59896
1511206753660190722 135443.20967
1511205084641693696 172473.29908
1511199963820220416 292475.62236
1511198318990397442 269224.17087
1511195824977502208 659792.48005
1511193681402998785 1288943.5124
1511191098827624458 429601.10759
1511187306836905987 1605531.75112
1511185938696884226 288990.9087
1511177609064943621 107004.74187
1511107424949841920 578061.92576
1511020518048161799 221199.20905
1511018004301111298 12156.44363
1511004682935836673 1200724.18095
1510988100503314436 58819.56333
1510981269517180936 1244643.58932
1510820833673060357 86937.59769
1510816369192828928 295840.17348
1510807944719446025 602274.67757
1510806140526870528 300746.81053
1510806019429093380 124508.41853
1510802822161391616 1597260.56295
1510796735739686915 212307.18109
1510794530592747522 46382.74044
1510793098556846088 114915.44242
1510791075694211075 62564.62916
1510789647818973185 14599.74861
1510786215942971401 236940.50179
1510783918550646785 45040.92541
1510777983652425728 130256.19336
1510776916986396673 50528.34807
1510773716275265537 133861.06956
1510772546488225796 111210.43077
1510771352667627523 97992.55137
1510761061162569730 22430.3408
1510753737480052736 79487.52021
1510730155215441925 533481.62342
1510722410797969412 205778.34975
1510718716945727491 71817.14474
1510706843059990536 241747.00339
1510693438274084866 9472.81357
1510633226724909057 242387.87027
1510622564959330309 259951.6282
1510618123732496389 281781.1563
1510468520806604804 841057.67164
1510465784442769408 1550337.09108
1510463100541095940 2455080.90892
1510457287823048714 514796.34845
1510455506149781516 1706308.068
1510453658500190222 1429093.08822
1510451408616804353 94828.27115
1510434177568620549 118680.53534
1510420969336315911 75602.26475
1510409315974270991 542273.51593
1510402163205357568 187193.21023
1510392163439366157 114775.25279
1510392060142305284 1690286.396
1510391593748074505 164702.78816
1510377323102711810 185631.09721
1510373610309005313 34166.21554
1510369211805323266 40334.55926
1510364426024726531 443419.79969
1510355138669682694 47063.6615
1510350786978623492 23271.47858
1510331016598233095 49987.61664
1510292599038427144 137365.81031
1510282577059405824 193722.04157
1510265428941197325 716208.79258
1510248280348844038 560958.7909
1510104128726487044 146418.05499
1510102986743238658 588375.87711
1510099825760653315 525330.59779
1510097442687135745 42437.40371
1510094783254999043 96530.5738
1510081658602545154 114474.84644
1510078285354618888 36409.24962
1510077419948019718 259591.14058
1510075735943245826 54874.2266
1510074535038517251 76803.89015
1510069018501259264 58158.66936
1510064700591071237 73439.33903
1510060954708594689 359566.37386
1510059724720402434 214810.56734
1510037707585916929 56676.6647
1510036225062805509 40875.29069
1510017403450806278 33104.77977
1510014735974125571 33845.7821
1509990075903496193 52050.40691
1509983949208051719 78526.21989
1509956261017792512 10394.05971
1509952493266083843 43558.92075
1509947494632988678 709820.15087
1509942426659692555 278336.49682
1509920543302164517 42657.7017
1509882691268788235 82431.50244
1509724268141064219 257708.59412
1509722233878556680 337877.03539
1509708193143828490 84053.69673
1509706680258514953 120603.13598
1509705513629495303 107144.9315
1509703765712015368 477205.50052
1509701952489283585 131417.76458
1509694916691218438 178020.80301
1509688612899770370 220638.45053
1509682090006265867 798640.29502
1509620664914882570 262995.74588
1509612316546895875 836471.46803
1509602562089095170 66409.83044
1509568514872549377 13518.28575
1509392515924840449 300386.32291
1509391204059811840 112492.16453
1509365429231185922 139268.38386
1509363703937998850 1786436.45509
1509360113567498246 200090.65619
1509353056432963586 1047516.94245
1509350403514802177 87578.46457
1509281486838669314 94114.601308
1509259825489850368 103541.972614
1509259443363532801 5648.467196
1509241831871102979 656196.754217
1509228920335388672 8512.478732
1509209318746468360 9705.816872
1509167509597044737 861649.803987
1509153309596266499 261659.276164
1508985737269563393 37570.262441
1508984588747649024 3464399.843203
1508866092332204034 203881.821219
1508851054737305601 496289.443457
1508846222458642452 861232.135638
1508843905055342595 6921.361212
1508823910074269703 398773.82845
1508813227030978564 117762.585449
1508809579613855745 49404.198996
1508805425558347786 717076.888326
1508796175457079307 67542.938724
1508788489105686535 20624.860853
1508659899240271875 45983.296328
1508650110972055554 427672.500407
1508644046780125190 169175.570314
1508622593275871235 362615.682808
1508622042089738241 133932.317246
1508620532773802001 341791.932265
1508617500413550597 255990.919999
1508611310476357633 70924.063454
1508608952317190148 322280.853676
1508603758942429184 105113.201165
1508544731156037635 20863.528481
1508534748599275520 13902.389331
1508504279186915329 18158.628697
1508503694970691585 277689.785178
1508481542280159235 11237.267485
1508439700666728457 194434.560944
1508431728070869000 176435.043999
1508428698155896834 164998.886824
1508303852231086080 1433795.77521
1508282634585190406 119393.480907
1508269887222857735 517312.08369
1508265087131336708 3057312.425711
1508255057388707855 173809.700091
1508248800569311238 281687.467947
1508225905822511113 1604144.794695
1508222343730061318 4249576.561385
1508222231960342528 1249524.477425
1508220963116273668 529484.132718
1508198909843320837 438571.655419
1508181829790187523 238767.072845
1508172193448046595 622783.286297
1508156177997250560 95884.719549
1508081414767587329 1462515.446446
1508077686442401806 35780.255231
1508077683745468424 80132.656101
1507918646777204742 595654.732581
1507915127982542848 761906.624452
1507893056615305217 69909.726035
1507891601913225221 249686.116826
1507884519109578752 333080.563843
1507879279802998785 179378.611411
1507875587238604801 315260.047619
1507845050209820679 158534.971899
1507839499371368448 41309.388613
1507831846494629892 22832.536412
1507818974666498057 328346.989221
1507809007788036102 298672.647473
1507791162865725441 81683.995683
1507775102166872065 145726.475863
1507772505402097669 82459.665474
1507771183722221571 297260.530674
1507750257152737283 2982390.679488
1507574555010871296 376458.405232
1507569794064818177 52685.878881
1507567130060984321 635233.780891
1507565114467106816 36237.701518
1507561713054494722 257064.924325
1507561364830650368 33612.35761
1507538925279137793 1187630.005897
1507535253233098752 264026.063475
1507531804219260941 537220.941659
1507530317082644489 1249623.92227
1507528671543836678 1994784.034824
1507526921118109697 88147.910608
1507525658456559628 99862.513349
1507513044632539144 125897.17377
1507510153070841858 401956.06349
1507480056616128514 67721.939445
1507436792429096972 124047.499653
1507428021078220806 566378.170213
1507395868177145883 1341451.292143
1507394378750377991 16865.845712
1507214533336649728 479184.930117
1507213492578922505 318362.726783
1507209098487549953 635253.66986
1507202565569658881 33930.581114
1507183725892751360 351020.413881
1507178706091102216 51253.873113
1507177385829060610 214582.086541
1507170932799979524 167783.342484
1507170426396491781 695199.022426
1507167895041703960 20525.416008
1507164222777569280 21360.752706
1507124599561109505 8512.478732
1507122083117027343 6503.692863
1507072262767362060 139123.338155
1507056321346088969 1256644.728327
1507040607503634432 76492.974774
1507031990138068992 7557.80822
1507023841595383810 609457.677067
1507015990898401298 1349526.213557
1506843793093406720 48926.86374
1506816134397538306 234789.279045
1506814096229994501 115813.466487
1506806174364053504 292188.843579
1506803818704502784 65792.709452
1506797253222092808 53322.325889
1506791360837394438 85343.565979
1506786299520319490 43298.285513
1506781379023020038 160822.203334
1506774135317356546 540542.399482
1506770768084054020 7160.02884
1506767245090992128 6603.137708
1506751230030270464 72455.514067
1506745359275548675 9208.592647
1506737575880445961 106684.429716
1506736514444759049 205453.04977
1506731536317624327 363570.35332
1506701677029728262 77825.535697
1506688230715973632 80033.211256
1506687196912361477 408638.757074
1506672155110608908 1130011.662704
1506669951574327298 8273.811104
1506652450362732546 448297.36126
1506650998114246658 1447916.9432
1506646876795379716 143280.132676
1506631877997780994 77368.08941
1506459856060006402 93080.37492
1506450945521029123 188825.871686
1506430693349502980 75836.638797
1506379186268745744 93000.819044
1506337840141062145 61258.02452
1506315001522442240 74086.409525
1506275557566259211 116549.35834
1506253509267705864 191789.328067
1506253507778822144 346624.951732
1506253504389779461 184927.633762
1506253502745563143 2509729.331203
1506134276311502851 596251.401651
1506082174948237312 120586.819047
1506057828905062400 111219.114648
1506000848777887752 132520.200447
1505994464355143684 725768.367779
1505984211328679943 442648.894064
1505971845098614789 138029.44486
1505964591750205453 628033.974113
1505959412795682816 80271.878884
1505952794427236360 10421.819756
1505945384161525766 12629.495315
1505933525723275267 218639.436217
1505918409091002369 16726.622929
1505910687620608000 673977.492503
1505896702670262282 12092.493152
1505770160497598464 2699629.207215
1505766364526649346 285088.481646
1505761225468227584 231626.932974
1505750409893363714 346624.951732
1505741560360620033 118080.808953
1505736039184441354 109448.996407
1505730200704884739 340717.927939
1505717065411407873 331588.891168
1505712030409687045 129835.189632
1505709956779061249 85860.679173
1505704715564240902 361979.2358
1505697356339154944 359990.3389
1505691470765961218 422004.144242
1505690000133955601 526023.452112
1505688887292665857 60203.909163
1505680157545181185 55132.222068
1505673976831528972 200162.584016
1505673288667869191 78680.761364
1505665488831012866 130173.302105
1505655027226062848 186359.63953
1505645445607002118 225222.684956
1505637624798711814 112850.010106
1505623870283337734 108752.882492
1505620801529208832 29992.565252
1505615144226738176 53242.770013
1505605723383861253 53819.550114
1505569119290241032 576362.432651
1505561554166726658 49463.865903
1505556009749827590 428368.614322
1505546269187575808 18993.965395
1505409120010219526 406033.302135
1505394927030652928 81504.994962
1505392849424162823 64957.372754
1505388785286193152 48270.527763
1505385454333530112 1339701.062871
1505384801867644928 38684.044705
1505378703550820352 189104.317252
1505375688576143366 926567.398803
1505347534641844231 1819582.106903
1505344100534566916 444080.899832
1505338842223677444 249308.226415
1505337904654163972 264702.288421
1505336259782316036 115515.131952
1505331705720283144 59348.683496
1505326147122384896 96163.165115
1505309022991364105 113068.788765
1505308583696773123 289106.053384
1505299346706870275 219812.885388
1505288778285563915 143280.132676
1505281545292201991 219594.106729
1505275478252392457 225521.019491
1505259790511054854 253027.463618
1505259179438751751 1291549.868922
1505252256073068544 192564.997858
1505218297574395905 988760.204866
1505204770742616068 243938.204785
1505033141186093057 207024.278321
1505031112355192836 152071.056974
1505022522840002565 2726280.425675
1505005372272168965 233615.829874
1505003058081673221 181089.062745
1504988611875332100 235107.502549
1504985235313737728 14976.393657
1504971420677324802 12052.715214
1504961020342775808 19013.854364
1504955305494519810 14538.836339
1504948655656214528 256945.590511
1504947469561610243 285545.927933
1504945815638482955 113128.455672
1504939069532475396 105391.646731
1504921731789635593 71142.842113
1504917485480517639 1121538.96191
1504911093633892352 442032.336025
1504904026961457157 210007.623671
1504902891248787463 18317.740449
1504887846058045441 109409.218469
1504872654444154882 74344.966122
1504851637503987723 6543.470801
1504846396658171932 409195.648206
1504681175943630857 177190.824821
1504650804904566784 2429954.676544
1504642568864288771 151394.832028
1504638079205838850 841363.055607
1504628339285368835 274626.883952
1504603336523276288 1223847.818446
1504591064329555973 495175.661193
1504547945907118089 179617.279039
1504546658511732736 234232.387913
1504543199305609218 912128.007309
1504530741677469702 18616.074984
1504494700526555150 411820.992114
1504483484068327426 51194.206206
1504471764268568592 24165.097335
1504460542144139264 335109.238681
1504445430452695041 10521.264601
1504442520775925763 97058.16872
1504309324113448963 1806435.498394
1504305667812827136 1004293.489655
1504277695785439234 810177.152215
1504261507428802564 207561.280484
1504239961003937792 58234.901232
1504234669730062340 49304.754151
1504234514012327940 7378.807499
1504228055635701769 503449.472297
1504222469011480582 594441.505472
1504218268931923980 53063.769292
1504195395504812033 18198.406635
1504189425303142415 602337.426165
1504180725788073986 171065.022369
1504168985583095814 48548.973329
1504163641540718601 304718.894049
1504156843337306118 13604.054796
1504155550514298885 69690.947376
1504132889612414979 6483.803894
1504127804023128068 2672818.877003
1504125488033419264 125161.281917
1504101737480835072 249228.670539
1504099119735975943 202867.4838
1504095138540269569 162532.654668
1504077523142991874 25338.546506
1504072771646763012 206527.054096
1503935038852931584 280891.909187
1503909554421084162 94611.825533
1503909349068058624 146880.036065
1503907186312986627 261002.940187
1503903567941353472 451419.929393
1503897306084519937 23110.981978
1503887854145048582 951110.386549
1503839732937248769 9288.148523
1503831416991326210 455119.277627
1503824162778931205 2075394.026181
1503818459850891274 22454.646001
1503793155757514758 43258.507575
1503790637769965568 29216.895461
1503786357772242952 168996.569593
1503783082876416011 85582.233607
1503780154362974208 14717.83706
1503772079589634049 711746.644634
1503771900912230400 7796.475848
1503748970031558656 1020025.664134
1503730916061028363 54257.107432
1503715390400122880 248532.556624
1503593573203259393 426260.383608
1503587442531594245 194832.340324
1503584419155611650 74126.187463
1503570090217848832 639211.574691
1503567972253806598 308477.90919
1503561740927217665 61098.912768
1503548744268087297 171423.023811
1503538993379647495 93875.93368
1503504634966679559 123530.386459
1503497331550957573 32558.242253
1503482373597544459 43815.398707
1503479548247265280 47136.85653
1503476378901090308 200301.806799
1503436307414110216 105073.423227
1503434736353611776 302869.219932
1503422542001889284 171860.581129
1503413597766041600 475565.137759
1503408924506181632 159429.975504
1503408111842902019 10879.266043
1503407056086310916 1047571.886199
1503392576564609043 137770.888263
1503378669804437506 370611.048346
1503212078630375424 100638.18314
1503200462278909959 276774.892604
1503198370386616326 232442.380703
1503196214476644355 33453.245858
1503190084761260033 18417.185294
1503185303372238850 358399.22138
1503184499198373891 393722.030324
1503180108407971844 11117.933671
1503173816876507138 14996.282626
1503163134797701124 21261.307861
1503160718752980993 329778.994989
1503150642415734786 115893.022363
1503149554555924483 164322.661878
1503148761752735753 6639494.743332
1503140369554448387 726126.369221
1503124532562960390 315816.938751
1503108460400971780 143359.688552
1503099743370727427 109289.884655
1503093068043538441 28202.558042
1503090897298157568 118498.477302
1503089121459269634 175341.150704
1503080146181390339 62192.806063
1503071610282160129 833606.357697
1503059070273609740 29376.007213
1503046098931363847 8313.589042
1503024015862116356 566139.502585
1503018858055090180 42204.392218
1503000501843079169 355097.652526
1502865025983205384 172695.917827
1502856482391531531 775570.346155
1502855896770043906 212135.743354
1502853461884424192 523219.107483
1502847776278794243 305037.117553
1502841063832109056 65892.154297
1502837215445110784 105133.090134
1502834933932253187 108613.659709
1502834502908801028 26332.994956
1502829718772494338 74504.077874
1502824995814354948 147397.149259
1502819345927450627 15811.730355
1502819277967179776 128263.961081
1502816638441242625 228941.922159
1502811343140888576 25557.325165
1502792668207800322 200759.253086
1502785999751065607 191431.326625
1502784549926842371 214184.307161
1502782281555009538 262434.945955
1502779710367219713 91270.478741
1502779174817259528 173869.366998
1502777518264360969 191669.994253
1502762232467271681 51930.098059
1502759246408175626 26273.328049
1502740139495284736 234829.056983
1502738166935076869 80788.992078
1502728386719932422 94353.268936
1502723214283313161 479284.374962
1502707602098110464 552078.001502
1502538696930861059 103561.861583
1502530893335957504 5584623.60551
1502523691766325250 1243100.340438
1502523434244485122 1246004.129912
1502505528391573504 185822.637367
1502498343305547780 992817.554542
1502497594962030596 888062.354819
1502495934701318145 132221.865912
1502492041913122817 31623.46071
1502485419530674178 154199.176657
1502473888730685448 139362.005783
1502468055812784139 266790.630166
1502462591888609286 126434.175933
1502461923329286144 165456.333111
1502448195296632836 36337.146363
1502439648617922567 91469.368431
1502419785245675521 375881.625131
1502416388777947137 44750.18025
1502405154196369423 194872.118262
1502403103378837504 322877.522746
1502397105192775680 128960.074996
1502393263122223104 395750.705162
1502389841748807691 4594.351839
1502372384455725066 24204.875273
1502363194140024848 199565.914946
1502361347492925441 194693.117541
1502341308412796932 279957.127644
1502336047153299463 5568.91132
1502289632456843265 320431.179559
1502138168522551297 169334.682066
1502136959753506819 476460.141364
1502136013950443523 40613.274698
1502127646246797312 209689.400167
1502126155226308629 85264.010103
1502118697405538304 80053.100225
1502103560783384577 353566.201913
1502102656541618176 60482.354729
1502095973119447041 38067.486666
1502090096182448150 458957.848644
1502090092629745667 33135.022354
1502079664487026710 36217.812549
1502074982163169288 53680.327331
1502065652999155714 7299.251623
1502063752358805504 5111.465033
1502061342475309061 60840.356171
1502061171423293475 312694.370618
1502041623429009411 94174.268215
1502041613459197954 37550.373472
1502039633793884166 715087.991426
1502021731652935680 19471.300651
1502016419428552706 904749.19981
1502015355350401029 96302.387898
1502009006482669571 68696.498926
1502000875300167695 228245.808244
1501994144717316100 281687.467947
1501981254010421248 323414.524909
1501974071843733507 9646.149965
1501964163798732805 229319.81257
1501957805359652872 151553.94378
1501923361139605513 115634.465766
1501782793705172992 889573.916463
1501768837359976451 101712.187466
1501757542703284227 647047.828477
1501752473299660802 1337950.833599
1501746443521978370 190536.32302
1501744105755455490 34149.359773
1501725202958491652 115853.244425
1501710896082481152 31782.572462
1501709419075276800 5529.133382
1501704265026478081 208018.726771
1501689069717401600 11436.157175
1501686076062248962 59030.459992
1501658263594704898 43795.509738
1501652027935449091 766898.755671
1501641480972161025 138089.111767
1501638667546284042 199804.582574
1501632308603936771 456392.171643
1501612083808505857 7518.030282
1501563860406485003 75856.527766
1501543328768270339 1905860.454425
1501334650035183626 50955.538578
1501320270975361029 165774.556615
1501317958643167235 83712.670521
1501309602754973703 17661.404472
1501257625769373702 118438.810395
1501254872380936193 154298.621502
1501252409359839236 314882.157208
1501224179600928772 86795.460716
1501214913099968519 203842.043281
1501211243390160909 80291.767853
1501203588986638338 275860.00003
1501077077478436864 40434.273977
1501044974170738691 57081.34103
1501031024171499521 125539.172328
1501030082084806660 143101.131955
1501025199747055619 1042122.308693
1501015410535059458 77189.088689
1501011627650560003 195806.899805
1501008945166499841 61993.916373
1500998719478505474 26969.441964
1500993009575292935 11794.158617
1500984509969448968 19749.746217
1500979925372882947 267785.078616
1500967578377859075 388511.120446
1500948584761597959 229638.036074
1500934407653371904 878177.537226
1500904845183700992 21897.754869
1500890897701089283 103522.083645
1500887044792496138 9129.036771
1500871255737749512 94452.713781
1500863211414986763 1376276.876862
1500841788336218112 1091506.61872
1500712368313192448 269217.084384
1500699225918746626 92046.148532
1500680033454604293 48767.751988
1500667148703879168 592114.496099
1500635510477406211 103641.417459
1500610888151220227 468385.21995
1500609266419339266 87551.241538
1500607129048129541 70963.841392
1500606792384106497 432465.741936
1500604079080304640 27108.664747
1500586045389348871 186757.41891
1500580599081447433 223790.679188
1500577053220945926 31424.57102
1500575868275412992 33234.467199
1500572966526013447 749137.906354
1500569299194236928 324269.750576
1500551359422099458 195329.564549
1500548351560933380 104615.97694
1500530104740499461 44014.288397
1500529012421976064 58493.457829
1500507286955081732 277729.563116
1500496943717490689 83772.337428
1500485141961052173 507646.044756
1500356930627411969 145627.031018
1500352529749745666 324488.529235
1500351286226538498 367070.811864
1500350441355239424 407107.306461
1500341261068242944 116191.356898
1500340135271059457 81345.88321
1500338233258958848 54694.66475
1500324719496675329 209709.289136
1500322525573750796 3949631.019896
1500321605821554690 1904428.448657
1500320148632207362 470732.118292
1500317350914002945 91350.034617
1500316883643371520 828236.336067
1500313310155055107 96799.612123
1500309488699682816 480835.714544
1500308711725744129 87571.130507
1500307512217636864 199605.692884
1500305316398788612 24861.21125
1500303859473948678 509595.163718
1500301143842435082 117464.250914
1500293107320979457 139401.783721
1500289768797712385 126036.396553
1500286645488144386 1359450.809088
1500286213256740866 331071.777974
1500283526310240261 622286.062072
1500283028832079874 376697.07286
1500281914799886346 689331.776571
1500279190947467269 38823.267488
1500276175897255939 34268.693587
1500275003949940737 515820.411015
1500274462289272832 11137.82264
1500267490730930177 56524.449898
1500264254951202817 78402.315798
1500261586048413696 100618.294171
1500255709254070275 49125.75343
1500252245467803655 5243070.340873
1500248818381733895 642354.031793
1500245564432261121 25338.546506
1500244272204984324 147894.373484
1500243800752418816 24662.32156
1500233024851652608 117404.584007
1500229774303797251 39360.269651
1500224732611944449 51572.096617
1500224434233303047 47136.85653
1500217900153683978 21062.418171
1500217865915482115 126374.509026
1500205703163695110 24065.65249
1500201974570094594 275283.219929
1500184511954489344 46758.966119
1500178944477310983 43755.7318
1500177174514573316 45525.850041
1500169886634496000 61198.357613
1500159253071470595 389247.012299
1500154334990024705 247657.441988
1500148728904232961 849020.308672
1500139126473072653 241650.97335
1500125981943685121 26830.219181
1500123990953705477 801764.118328
1500117805655629824 10242.819035
1499993631314354177 444836.680654
1499986332436729858 660114.88111
1499974849178996737 267228.187484
1499951057618755586 159688.532101
1499942183734059012 194076.559502
1499935224376950786 471328.787362
1499933887904063490 261301.274722
1499930722508828672 44610.957467
1499922651367706627 60840.356171
1499920743970197504 288012.160089
1499915494815502337 137194.108162
1499907851719950341 57339.897627
1499882451765760006 195031.230014
1499800861777797127 873105.850131
1499799335688491008 7358.91853
1499785617009426432 13464.832013
1499748323619713029 52327.877439
1499745364030771201 3361593.762442
1499602876330479617 34865.362657
1499596128559394825 55709.002169
1499575811321458688 18059.183852
1499562511925800960 138944.337434
1499550198468644866 37570.262441
1499523514251890691 5568.91132
1499508266052861958 293879.405944
1499499165126176769 33552.690703
1499496004801998854 59527.684217
1499453795763462145 838220.598505
1499437158804905989 7518.030282
1499411919601549314 22991.648164
1499403005447356416 27307.554437
1499394404842283008 17024.957464
1499394135190650880 21400.530644
1499393976998187009 19411.633744
1499393805694521346 13405.165106
1499393552635371521 25696.547948
1499393348410425347 17283.514061
1499393186736787459 14916.72675
1499392996814598145 14160.945928
1499392830413942789 169712.572477
1499221450615664641 1098865.53725
1499192467203051523 31882.017307
1499189340718522368 86974.461437
1499179851202252805 13484.720982
1499174846227312640 8015.254507
1499172450805944322 8810.813267
1499148961801662469 371366.829168
1499142616956477440 44193.289118
1499132071327023110 3422891.5649
1499096405314621443 15811.730355
1499074609139884035 6344.581111
1499062479032397829 84746.896909
1499045436094664711 1383456.794671
1499026858557554696 39638.715217
1499024851457216529 256070.475875
1499019177658617860 47793.192507
1498903493263990786 169851.79526
1498887857859178499 93279.26461
1498877090698907648 627616.305764
1498871560202964993 138268.112488
1498870271985418250 29992.565252
1498861668834631680 67244.604189
1498859722681819139 194911.8962
1498844237638483969 46579.965398
1498844149373718532 272478.8753
1498815055621619713 73628.963238
1498797392950403073 96680.278309
1498787286267351044 564488.718158
1498783047067574275 219037.215597
1498770376196861959 453587.827014
1498758561622593537 104993.867351
1498749755295477768 253504.798874
1498744538520858636 40573.49676
1498714261505327105 996656.125559
1498712168522412034 3957.904831
1498711461601886217 1684675.230176
1498519649985589256 31643.349679
1498514530040782849 143300.021645
1498511457671008257 557666.801791
1498497220336922625 1161635.123414
1498494734850920452 52705.76785
1498484246708559880 1286378.736982
1498478935826255874 180850.395117
1498476947894112261 56783.006495
1498455960049885184 80311.656822
1498419653902843906 395631.371348
1498402928218021889 7756.69791
1498376655060049934 282164.803203
1498349782615552000 8950.03605
1498340291325177865 349469.074299
1498328471969357835 396387.15217
1498321953635160069 63386.144203
1498302456282894337 2222492.840905
1498152826190630913 51293.651051
1498141069162135556 304261.447762
1498132089367142400 194016.892595
1498109106132959232 154398.066347
1498087346264100864 368920.485981
1498083080564875267 59388.461434
1498078523491340293 377015.296364
1498067769908154370 279320.680636
1498067276309925889 242506.199017
1498040520299397123 1881595.912245
