1509291880390877187 630.66321
1509290622636609536 1818.4122555
1509290309703847939 6653.4968655
1509289366476140553 3521.2029225
1509288952829816837 5497.2809805
1509288814082236418 2638.2744285
1509285589132230656 2701.3407495
1509284607870574601 12487.131558
1509284331184828416 5139.9051615
1509283240250679315 10500.5424465
1509281814912806915 4446.1756305
1509281616639983618 3983.6892765
1509281078296596485 5444.725713
1509280625089523718 6548.3863305
1509280555875155980 2407.0312515
1509280236843806729 4330.554042
1509279878927036421 4509.2419515
1509279699872231434 4109.8219185
1509279378798227462 1965.5670045
1509278532291248131 1692.2796135
1509278449734725641 8461.3980675
1509278381455589382 3079.7386755
1509278309376565251 1839.4343625
1509278207933132814 3132.293943
1509276826518048770 2606.741268
1509276736575483904 5108.372001
1509276134915162120 1839.4343625
1509275523108777984 2175.7880745
1509274270672691202 6117.433137
1509272214310375427 5707.5020505
1509271897845997568 2554.1860005
1509271060306399239 3363.53712
1509270375816908810 10185.2108415
1509270224943656971 5770.5683715
1509270053614665734 4193.9103465
1509269734696513537 3447.625548
1509269231333900289 4393.620363
1509268466448179201 3374.0481735
1509268417131520010 2301.9207165
1509268146271752195 2039.144379
1509268024771203075 8324.754372
1509267973109866503 26782.164318
1509266714705358852 1955.055951
1509265857616171013 13285.971624
1509265456284110848 3268.9376385
1509264328502960134 2585.719161
1509264198286467072 4435.664577
1509263974931615757 6432.764742
1509263518029291521 5791.5904785
1509262939651391493 8230.1548905
1509261681549090824 6085.8999765
1509260423354195968 3542.2250295
1509259058330669056 10920.9845865
1509258961618444288 16933.3071885
1509257906616733696 8545.4864955
1509257147644887048 5633.924676
1509257011648774153 3889.089795
1509256945580052484 10584.6308745
1509256799366664194 4435.664577
1509256648199741448 4877.128824
1509255389971419141 4940.195145
1509252873598775297 3552.736083
1509251616003670018 6159.477351
1509249098561507332 3741.935046
1509248381654376465 4320.0429885
1509247840249430019 40320.401226
1509246582008389636 12907.573698
1509245370139914247 7473.3590385
1509245323851403269 5486.769927
1509245245820751890 13779.9911385
1509245189080104965 2701.3407495
1509244688053817346 1397.9701155
1509244067976294405 43274.0072595
1509242806946058242 21894.5244405
1509242613077053446 27812.247561
1509242448073142273 5402.681499
1509242377227153409 7683.5801085
1509242246222262292 6327.654207
1509242061429649408 10815.8740515
1509241985017819152 71937.650154
1509241884765478914 2974.6281405
1509241548654841861 5675.96889
1509241225425170435 28096.0460055
1509240290372055044 12939.1068585
1509239947550760961 4235.9545605
1509239823990669318 2249.365449
1509239698023141377 4603.841433
1509239407727067136 2764.4070705
1509239203770650627 5518.3030875
1509239032458342403 7862.268018
1509238937206005760 4845.5956635
1509238684905836548 6895.251096
1509238084658991104 6159.477351
1509237774150418439 23450.1603585
1509237623990145025 3899.6008485
1509236515758518273 5728.5241575
1509236023607320585 2890.5397125
1509235904019419142 3500.1808155
1509233998983307280 12560.7089325
1509231482656595969 25026.8183835
1509228966523150351 6411.742635
1509226449235955712 7242.1158615
1509223933068734465 8314.2433185
1509221417589432324 35180.4960645
1509218899555876867 9932.9455575
1509216382994460672 3279.448692
1509213871982194695 5865.167853
1509211349921898496 4078.288758
1509208833239011335 4414.64247
1509206317012963335 4519.753005
1509203800241938434 8944.9065285
1509201283823058961 11614.7141175
1509198779018186756 5202.9714825
1509196250599600131 51609.272685
1509193734243557382 52345.04643
1509191218797977604 17784.702522
1509188700890185729 3479.1587085
1509186184513261578 13222.905303
1509183682594021378 9806.8129155
1509181151130181632 3310.9818525
1509178634275336196 22262.411313
1509176118699601925 11940.556776
1509173601097814016 7284.1600755
1509171084490260485 5833.6346925
1509168572920041474 57621.595287
1509166051505971214 18163.100448
1509163534839685120 9754.257648
1509161019850981379 5455.2367665
1509158501683277830 9859.368183
1509155985226706948 3626.3134575
1509153472440147969 6043.8557625
1509150951768215554 5087.349894
1509148435353636872 4299.0208815
1509145918607699969 3720.912939
1509143402650083333 4761.5072355
1509140885505781760 6495.831063
1509138370701651971 19140.6284235
1509135852701638657 2743.3849635
1509133335901007876 14494.7427765
1509130821076238338 12760.418949
1509128302958587906 8619.06387
1509125786208456710 17101.4840445
1509123272515883012 4624.86354
1509120752791949312 7883.290125
1509118236293488640 8808.262833
1509115723267784704 18741.2083905
1509113202985955328 5266.0378035
1509110686495875072 7483.870092
1509109428590624770 69740.8399725
1509108177236729860 6737.5852935
1509105653255528449 6590.4305445
1509103136773861378 14210.944332
1509101878809874439 29861.9029935
1509100620032233472 3931.134009
1509098103630143488 25089.8847045
1509095586913521664 18646.608909
1509093076911931392 7757.157483
1509089295369396224 6222.543672
1509088037027909634 3395.0702805
1509086779067944963 3868.067688
1509085522953650177 20307.355362
1509083004047699970 5171.438322
1509081745710268418 1902.5006835
1509080487461011456 9607.102899
1509079229337583618 2270.387556
1509077974728859649 631672.271136
1509076712524599302 6233.0547255
1509075454178865152 7830.7348575
1509074196441174016 3489.669762
1509072937554362372 4950.7061985
1509071679552638977 9722.7244875
1509070423006367744 5266.0378035
1509069162815000579 13054.728447
1509067904666460165 3069.227622
1509065388176281601 6642.985812
1509064130099044352 7210.582701
1509060354814451712 19077.5621025
1509057838135623686 4498.730898
1509055321527959555 3584.2692435
1509054063282950152 7210.582701
1509052805050372099 4803.5514495
1509051546994036739 15356.6491635
1509050288522543106 14473.7206695
1509049030613118977 5917.7231205
1509047774062460938 13643.347443
1509046513728573440 7326.2042895
1509045255529672708 10458.4982325
1509043997028798471 5381.659392
1509041480576344069 20191.7337735
1509040223405150215 6148.9662975
1509038964019118082 5381.659392
1509036447231262731 6632.4747585
1509035188910792708 4467.1977375
1509033930845872129 5497.2809805
1509031917349490688 11866.9794015
1509031414032830471 24963.7520625
1509030911181950978 8377.3096395
1509029415510069249 23008.6961115
1509027639335419908 15188.4723075
1509026380863840270 40183.7575305
1509022606153900033 49002.531417
1509018831376637954 35727.0708465
1509015056331075586 3920.6229555
1509008764820606982 95303.7220845
1509007506680389640 17448.34881
1509006669665165321 31669.8041955
1509004990014271491 3762.957153
1509002482353008641 4603.841433
1508999956866105345 12749.9078955
1508999549003698177 36242.112468
1508989631009890309 27885.8249355
1508989516048121858 10794.8519445
1508988265554137097 24764.042046
1508988208914251784 134247.175302
1508987463838187523 64485.3132225
1508986115729940489 20517.576432
1508985792248664065 84466.825926
1508985028881141764 7000.361631
1508984857581395969 5139.9051615
1508982340650889218 3132.293943
1508981082519060484 21673.792317
1508980998935044101 4687.929861
1508980950557990915 9775.279755
1508979824047493122 16775.641386
1508978746816036865 21106.195428
1508978565781413888 2543.674947
1508977307716784131 3615.802404
1508977299709956097 175807.880841
1508977028430798848 15619.425501
1508975492682166273 25079.373651
1508975455956779014 1944.5448975
1508975414240235521 2732.87391
1508975376181219330 1776.3680415
1508975334787629061 47079.0086265
1508975293188485121 3626.3134575
1508975025373827072 8440.3759605
1508974931450732547 1713.3017205
1508969004769153031 3111.271836
1508968499485446148 5486.769927
1508967693206106115 129653.8449225
1508967241122922499 4193.9103465
1508964725371011078 5696.990997
1508963663050424320 24438.1993875
1508963466454843393 5728.5241575
1508960528760197125 5539.3251945
1508960433176297476 45901.7706345
1508960382920101889 4435.664577
1508960342336065538 3195.360264
1508960285742223361 5718.013104
1508957383787225088 6169.9884045
1508957175816675331 5087.349894
1508954658273857538 5045.30568
1508953400011939840 2985.139194
1508950883450597377 5665.4578365
1508949625922760708 1786.879095
1508948367027568641 3216.382371
1508947365033566220 16397.24346
1508947312164450310 1513.591704
1508947272251367428 1566.1469715
1508947225245855750 64075.382136
1508947170749296649 3205.8713175
1508947127468277763 1334.9037945
1508947108937625606 10500.5424465
1508947080965992453 3310.9818525
1508947036929990657 7263.1379685
1508946855031640064 3689.3797785
1508945850302550019 29882.9251005
1508944566417776648 29315.3282115
1508939558829772800 2386.0091445
1508935784128147457 2133.7438605
1508934773015822347 5591.880462
1508934527799816192 14032.2564225
1508933267495395331 5844.145746
1508932972942176256 41550.1944855
1508932448939393029 4435.664577
1508931527337553925 4803.5514495
1508930962519957504 2217.8322885
1508930889853865987 34486.7665335
1508930820496633875 19592.603724
1508930750841716736 3710.4018855
1508930739278073867 1786.879095
1508928234439667713 3941.6450625
1508926977134104578 3174.338157
1508925717626585091 241396.854681
1508924459498975233 3920.6229555
1508924371162775553 3363.53712
1508924272252751883 158811.5073315
1508924209875066882 6695.5410795
1508924142841700358 4351.576149
1508924087887933449 3374.0481735
1508923995357392898 10111.633467
1508923896979992578 5644.4357295
1508923831070642184 10258.788216
1508923730101157894 3268.9376385
1508923201220349953 1597.680132
1508921942698446848 6453.786849
1508919426057334785 6054.366816
1508918579055505415 44714.021589
1508914393093791744 3899.6008485
1508912889058496524 4561.797219
1508910618140549120 8513.953335
1508909386856554502 4919.173038
1508908381750415368 7420.803771
1508908315232948241 4772.018289
1508908209091842055 81586.797267
1508908126761848838 9638.6360595
1508908101616820227 6537.875277
1508908052883329041 2932.5839265
1508907996075765765 9785.7908085
1508907914882392069 5402.681499
1508907843570868225 4519.753005
1508906843430563840 9028.9949565
1508905585009340418 55162.008768
1508904328819404802 6390.720528
1508903068414455818 34118.879661
1508902599659077640 2995.6502475
1508902534701887516 2880.028659
1508902468490612738 3636.824511
1508902395404767232 3573.75819
1508901810060218369 1976.078058
1508900551819366402 4982.239359
1508900275486142466 4887.6398775
1508899684697399311 3878.5787415
1508899560978014221 2175.7880745
1508899475405914112 2901.050766
1508899409186201601 13527.7258545
1508899304953593864 58189.192176
1508896780779356162 8387.820693
1508895518650515457 57989.4821595
1508895050511568896 5234.504643
1508894970538864643 13275.4605705
1508894894684786695 1513.591704
1508894802456326152 3374.0481735
1508894705244856328 1692.2796135
1508894629101514752 7631.024841
1508894549535559686 5623.4136225
1508894434162880518 1376.9480085
1508894260443037696 7757.157483
1508893002105647108 16323.6660855
1508891743885922305 22998.185058
1508890485510709254 6653.4968655
1508889229484470273 4204.4214
1508887969058508810 3584.2692435
1508886710930878468 15388.182324
1508885452928937985 6642.985812
1508884426498916361 1934.033844
1508884194067247104 3384.559227
1508883489210388495 13464.6595335
1508883385808306177 4004.7113835
1508882936078163972 58788.3222255
1508882701868277772 2785.4291775
1508882626102411279 7799.201697
1508882582368403457 1492.569597
1508882448540700685 4204.4214
1508881677854015488 1997.100165
1508880419126579205 25310.616828
1508879160894099457 7567.95852
1508879160856530947 6380.2094745
1508879089041657858 2711.851803
1508879010155085828 2974.6281405
1508878940349284361 26140.9900545
1508878871638298633 2165.277021
1508878770526208006 1471.54749
1508878569019215882 5654.946783
1508878295298891781 5507.792034
1508878158136844294 6296.1210465
1508878019884195854 5213.482536
1508877906180771847 13243.92741
1508877902598881289 7231.604808
1508877572666445832 3195.360264
1508877463807533056 1860.4564695
1508877344508977166 11751.357813
1508877115944574977 5644.4357295
1508877027146928130 1492.569597
1508876922557800457 6338.1652605
1508876818979463178 5781.079425
1508876705401905153 156772.3629525
1508876644462874631 4814.062503
1508876575290363914 6254.0768325
1508876450635857921 12266.3994345
1508876331794186245 1219.282206
1508876227066667017 2974.6281405
1508876126264991745 2364.9870375
1508876013362728967 3510.691869
1508875386352021514 23954.6909265
1508874129658757131 3962.6671695
1508872869362630657 15577.381287
1508871611549585411 55477.340373
1508870352927178756 5833.6346925
1508870090640478212 4530.2640585
1508869094774169600 70634.27952
1508868708961296397 1681.76856
1508866587390099461 10374.4098045
1508864061693480964 6033.344709
1508861545215713287 4299.0208815
1508859029556105218 3111.271836
1508856511962877954 17553.459345
1508853995128844289 4404.1314165
1508851488189165569 11761.8688665
1508848962068877313 9996.0118785
1508843930628075530 5350.1262315
1508841412111917058 10721.27457
1508838895739416576 9512.5034175
1508836381069647881 83047.8337035
1508833862440398854 10542.5866605
1508831345866272773 5570.858355
1508828830554734599 7336.715343
1508826312734961673 4645.885647
1508823796408541198 108778.8926715
1508821280606330884 11646.247278
1508818762950139913 8083.0001415
1508816246313144320 10090.61136
1508813731324592129 4519.753005
1508811213219647488 7084.450059
1508808696708612109 9796.301862
1508806192180645895 11036.606175
1508803663950753806 22661.831346
1508801146823102466 4687.929861
1508798631616339978 17069.950884
1508796113968517125 25920.257931
1508793597491036173 3500.1808155
1508791090433994754 9354.837615
1508788563810336773 6411.742635
1508786047714426884 3037.6944615
1508783536714792963 5150.416215
1508781014440505347 7925.334339
1508778497577259018 11120.694603
1508775982517219330 4750.996182
1508773464609472514 14936.2070235
1508770948194836482 9554.5476315
1508768432640204803 5949.256281
1508765914946224131 3342.515013
1508763398112260097 22104.7455105
1508760883031379984 12476.6205045
1508758364854972417 3321.492906
1508755848247615490 17101.4840445
1508753333024178178 10679.230356
1508749557441732609 13054.728447
1508745783469871106 36179.046147
1508742007216168962 5991.300495
1508738233802403851 8808.262833
1508734457599070209 7431.3148245
1508730691655286785 6296.1210465
1508726908137074688 10910.473533
1508723134840643588 100254.428283
1508715593062621184 15051.828612
1508711808068046851 26340.700071
1508708033483792392 42969.186708
1508704258861907972 13443.6374265
1508700489378115584 48214.2024045
1508697345822756864 3983.6892765
1508696708540207105 8650.5970305
1508692933901389825 5087.349894
1508689158805483520 16039.867641
1508685389032148994 13285.971624
1508681609079230467 13254.4384635
1508677834767802370 8125.0443555
1508674059600642049 21516.1265145
1508670288640327681 18594.0536415
1508666509576400898 59997.093378
1508664496159567872 15114.894933
1508662735042592773 14652.408579
1508660973229383680 13222.905303
1508658960227733506 10132.655574
1508656946764783618 16691.552958
1508655436953796609 114549.461043
1508642340960940033 20160.200613
1508638673075675136 20706.775395
1508633742063067139 7452.3369315
1508630053218918402 23860.091445
1508628554321379339 7273.649022
1508623362817409032 24122.8677825
1508622267609145347 23281.9835025
1508620523282051079 9260.2381335
1508618668669902853 9165.638652
1508616985072046083 55939.826727
1508611935243321348 169070.2955475
1508610953641873423 19603.1147775
1508608337021177858 41592.2386995
1508607125848829952 106928.9472555
1508604036819431427 11330.915673
1508602075562889219 6233.0547255
1508600008748240900 14578.8312045
1508598083386499081 6758.6074005
1508594532455424000 25310.616828
1508592987365945357 5129.394108
1508590849612996615 7073.9390055
1508587508166279176 6958.317417
1508583627403272194 6737.5852935
1508582975864287242 4320.0429885
1508580719911657481 5402.681499
1508578908651855876 11667.269385
1508576582499196929 18373.321518
1508572829578665985 20959.040679
1508571194869624832 13317.5047845
1508568394811035653 20906.4854115
1508566094759575566 28432.3997175
1508564751693012998 2701.3407495
1508562320024383488 23618.3372145
1508561060290310144 5633.924676
1508559731539025929 11488.5814755
1508557087806271490 5034.7946265
1508553191801118728 10321.854537
1508551157664395268 16880.751921
1508548689987608587 8797.7517795
1508546253549883403 12676.330521
1508542048898629633 4456.686684
1508538908346363908 13306.993731
1508536766285942794 12413.5541835
1508532983510278148 3258.426585
1508532038349037572 4057.266651
1508530633550802953 7620.5137875
1508528393750466568 35064.874476
1508526368258150412 10847.407212
1508524331210584069 6317.1431535
1508521528811569165 6022.8336555
1508517929427648523 52670.8890885
1508514943070777344 196146.7693635
1508511526428229633 19445.448975
1508509223365197826 9691.191327
1508507965334032386 6569.4084375
1508506707009277952 9428.4149895
1508505448755855360 8513.953335
1508504193539063808 11740.8467595
1508502931762413571 15850.668678
1508501673399885826 42643.3440495
1508500415532478467 3552.736083
1508499157081755654 13611.8142825
1508497898819964929 6695.5410795
1508496642164600836 12560.7089325
1508495382149402625 25583.904219
1508494123816337417 1000273.895274
1508492865499852801 2848.4954985
1508490349336924160 23113.8066465
1508489093319036933 2974.6281405
1508487832309960705 28653.131841
1508486574002089993 6401.2315815
1508485316272816129 4635.3745935
1508484057453129733 10973.539854
1508482799883325445 67018.477116
1508481544075231236 22472.632383
1508480282524983297 7946.356446
1508479024707764228 3647.3355645
1508477766034808837 3342.515013
1508476507898884096 7368.2485035
1508475250262122512 15093.872826
1508474000489517064 39258.7848225
1508471474545471494 3889.089795
1508470217428463624 2890.5397125
1508468958445268993 36042.4024515
1508467700019912716 7704.6022155
1508466442974367747 11488.5814755
1508465183273934852 11288.871459
1508462667899437058 17301.194061
1508461408370843649 3289.9597455
1508458897287262214 2785.4291775
1508457089894699018 8146.0664625
1508455117091074049 34013.769126
1508453858409734144 2732.87391
1508452600584224778 9165.638652
1508451346172817412 7515.4032525
1508450083729133572 15220.005468
1508447567411126282 2333.453877
1508446309388193792 8997.461796
1508445372858912773 4498.730898
1508445051185209350 25846.6805565
1508443798472323072 274843.026918
1508442534145626122 6191.0105115
1508442533705121792 48298.2908325
1508441275652993024 3258.426585
1508440017328246791 2932.5839265
1508438759217446922 7662.5580015
1508437500892753920 3163.8271035
1508436246011555843 7052.9168985
1508434984180232194 7168.538487
1508433726048509960 2985.139194
1508431209310785539 3205.8713175
1508429951476895750 7294.671129
1508428701687431175 16060.889748
1508427434550566914 2869.5176055
1508426176267632651 3678.868725
1508424918014124037 689861.463312
1508423659815383055 16386.7324065
1508422401402433536 42117.7913745
1508421144319303682 3510.691869
1508419884606177284 6874.228989
1508418626579165188 16628.486637
1508417368627634176 9186.660759
1508416109879312387 6243.565779
1508414851814674441 156351.9208125
1508413602109304834 5633.924676
1508412334993133569 5055.8167335
1508411076823719942 27065.9627625
1508409818280652806 5024.283573
1508408560215986176 27486.4049025
1508407301920759809 59292.8527935
1508406043671502848 8860.8181005
1508404785036341256 21978.6128685
1508403526774374403 9659.6581665
1508402268806291459 22483.1434365
1508401010200428551 31564.6936605
1508399752467070980 4151.8661325
1508397235440037888 16102.933962
1508394718803243012 4036.244544
1508392202392768512 4603.841433
1508387169135575040 8808.262833
1508383395163910144 49895.9709645
1508379619723993089 6800.6516145
1508375845932441602 18688.653123
1508372069934718981 23103.295593
1508368301692497921 2459.586519
1508364519814402050 29746.281405
1508360746802954240 9092.0612775
1508356969907818497 6748.096347
1508353197429116928 8230.1548905
1508349420181594115 16029.3565875
1508345646201204741 17690.1030405
1508338103068643332 4814.062503
1508334320724885504 8513.953335
1508330546073518085 21579.1928355
1508326771044749315 13149.3279285
1508322999019225090 4414.64247
1508319221570158599 21957.5907615
1508315446272946178 3868.067688
1508314722411720707 12865.529484
1508311671399501829 9123.594438
1508307899042471937 3174.338157
1508304121811546115 8408.8428
1508300347223257088 45386.729013
1508296717430665219 6600.941598
1508293051982258185 12382.021023
1508293049222377475 20507.0653785
1508290012177182722 8356.2875325
1508289289427238915 5749.5462645
1508288184853176329 6474.808956
1508287111954378758 3416.0923875
1508285499269648395 29063.0629275
1508282605493526528 5581.3694085
1508280965713612801 2575.2081075
1508277241066799111 182955.397221
1508276845443264518 1891.98963
1508275838336311300 2837.984445
1508275432952635396 7515.4032525
1508272414827950085 4120.332972
1508268423691878400 4004.7113835
1508268309367734272 35790.1371675
1508265707955531783 27297.2059395
1508265657552539653 2785.4291775
1508264469708918789 2764.4070705
1508263335829123072 5045.30568
1508262378600808452 2932.5839265
1508261466994008073 2890.5397125
1508259238753230857 11089.1614425
1508257853773078531 4341.0650955
1508256395418030085 4940.195145
1508255658763862022 3826.023474
1508249499092856833 25794.125289
1508244490074611713 14662.9196325
1508243849080188929 9291.771294
1508239684320833536 13254.4384635
1508236775172546561 5865.167853
1508233933225349120 8671.6191375
1508232236633624578 3416.0923875
1508227656822702084 6159.477351
1508223062340218883 7452.3369315
1508220924654460932 4835.08461
1508219623392563206 20265.311148
1508211553564246020 11772.37992
1508208987774328841 25815.147396
1508206208733401089 9281.2602405
1508201021851545614 21316.416498
1508198118168399878 7368.2485035
1508194923144691721 8461.3980675
1508191891661144070 11236.3161915
1508190459100901384 7147.51638
1508185461088559104 3752.4460995
1508182144560078850 9470.4592035
1508178161091153927 11131.2056565
1508174602886860802 4582.819326
1508170602246545413 31585.7157675
1508166932578676736 19287.7831725
1508164008272089103 14652.408579
1508160024878718991 4961.217252
1508155973176897544 6548.3863305
1508152602772520960 5202.9714825
1508149353730371586 4793.040396
1508146835503919105 24185.9341035
1508144318799785991 7073.9390055
1508143060814733317 30891.9862365
1508141803823775744 3363.53712
1508139285576310789 98993.101863
1508136768989798400 41707.860288
1508134253619552258 17385.282489
1508130907722592259 10048.567146
1508121669625384968 6022.8336555
1508119154301169667 3426.603441
1508116636506730501 20969.5517325
1508115378441900033 1578455.4151485
1508114119781584900 9743.7465945
1508111606131019778 11005.0730145
1508109086771990534 32310.978459
1508106570294448130 5192.460429
1508104053393342468 49612.17252
1508101536852807684 58346.8579785
1508099020585115655 16744.1082255
1508096504883470340 3920.6229555
1508093987134980096 20160.200613
1508091470506463233 4582.819326
1508088955090178053 5497.2809805
1508086437438230529 4698.4409145
1508083920750870532 17301.194061
1508081407897210885 42159.8355885
1508078887653175300 86011.9507905
1508076371272216584 11793.402027
1508073854383534082 30303.3672405
1508071337918537728 18415.365732
1508068821378031622 66524.4576015
1508066305835950080 3468.647655
1508063788250984451 7347.2263965
1508061271840722952 18583.542588
1508058755266666498 6233.0547255
1508056238508187656 17217.105633
1508054980514791430 13822.0353525
1508053722055774208 8661.108084
1508052464079020034 36231.6014145
1508051208157683716 21011.5959465
1508050752031363076 2291.409663
1508049947022790656 6012.322602
1508048688899317761 24385.64412
1508047430691930113 59135.186991
1508046172564324358 36967.3751595
1508044913950089217 33908.658591
1508043656246272000 10721.27457
1508042397162385409 29851.39194
1508041139005308933 7473.3590385
1508039880701472773 3689.3797785
1508038622531887108 4225.443507
1508037364358295553 6569.4084375
1508036106880794626 464557.0315395
1508034847704444931 8303.732265
1508033589254017028 15104.3838795
1508032331033972740 3058.7165685
1508031072533196800 3720.912939
1508029814401384449 29231.2397835
1508028556026200067 4393.620363
1508027297709891585 5486.769927
1508026039561293825 4288.509828
1508022264746307585 1326021.9542925
1508021007243612165 19844.869008
1508015973105750020 5949.256281
1508013457886564353 4603.841433
1508010939861274627 13138.816875
1508008423715090436 5991.300495
1508005919715594241 35958.3140235
1508002131982249986 7378.759557
1507998358794764293 4267.487721
1507994582373519362 9701.7023805
1507990810775769096 24196.445157
1507987032286502920 17690.1030405
1507983258897711104 7410.2927175
1507975711289663490 15777.0913035
1507971932930650113 7788.6906435
1507968157880782849 3647.3355645
1507964383045079043 4235.9545605
1507960608116858883 8009.422767
1507955575212048385 24122.8677825
1507945509582827521 3132.293943
1507942992153305094 10164.1887345
1507934184064446469 79179.7660155
1507931667796799489 838519.2929625
1507922860525834242 16439.287674
1507922805710536708 126195.708321
1507917826337636354 29924.9693145
1507912793411883008 43946.7146835
1507905836055674886 71180.854302
1507905243396259840 4351.576149
1507900212412616705 26140.9900545
1507898951965581314 11562.15885
1507897606911021058 545944.11879
1507893918851125257 6443.2757955
1507893638189223936 4151.8661325
1507891001842614275 4256.9766675
1507886466801803266 5896.7010135
1507878639580467205 28716.198162
1507876788445327362 3458.1366015
1507873868014407689 108600.204762
1507866858099204098 15293.5828425
1507865534565650432 7263.1379685
1507864746950864902 671162.2991355
1507855295216857088 15661.469715
1507848616592949251 6022.8336555
1507842328941121537 85213.1107245
1507841070775746560 5865.167853
1507840899426009100 10395.4319115
1507840541718888457 5486.769927
1507839813218537475 8282.710158
1507837296036380672 26140.9900545
1507836037539590145 3090.249729
1507832917761925135 47530.983927
1507831004416786434 17900.3241105
1507829746318684164 111038.769174
1507826781574815753 112016.2971495
1507825971432288257 9607.102899
1507824717406740480 8839.7959935
1507823454405357571 5612.902569
1507822292235128839 4193.9103465
1507822196160311297 3910.111902
1507822177600614408 5360.637285
1507822018300887046 2543.674947
1507821909752397828 33603.8380395
1507820937869086720 2806.4512845
1507819679854694400 11961.578883
1507816529462800387 5266.0378035
1507815904754737155 3416.0923875
1507814646635548674 5760.057318
1507813388251979787 12581.7310395
1507813370430373898 34970.2749945
1507813186908700672 5339.615178
1507812819663736842 34339.6117845
1507812681679581192 17784.702522
1507812313230942210 19455.9600285
1507812191608741893 4898.150931
1507812130065723393 7231.604808
1507811976503873542 5812.589636
1507811833100619778 7473.329532
1507811679966535686 6968.800956
1507811036178653186 9102.536392
1507810871933689857 5833.61166
1507810770180050947 3794.475332
1507810604366577672 3132.281576
