1520090185517735938 1155967.7591715
1519382409665462272 5434728.1350615
1519314091277496321 6546197.4661215
1519312808143376384 19653179.725212
1518993410107052034 757577.949249
1518934746897788930 984970.298631
1518028875493777408 29320017.115158
1517919218854998016 1192195.314585
1517522776285921280 14045018.187651
1515737676393197576 1293598.479855
1512850474483044359 1286545.5781365
1512107442099871755 778453.4053395
1510664439795785731 1518583.2121845
1509860841780359172 7240837.4731275
1509796102916165663 10313070.1317435
1507888984080498695 27127556.052432
1507107508409753604 3295206.322584
1506646931073814532 872350.470387
1506459146417328128 12920434.4248815
1504160307916288016 595984.3576665
1504087622242738180 13688350.965003
1501625006123630593 2835493.090089
1501337866416185351 13348622.036442
1501332314470637571 14222048.853276
1500171998873403396 1882275.0116445
1497646615951204352 2708399.2346235
1496553270134910979 755481.906168
1495100049960968201 1232048.4580305
1493652702194450432 19998205.4112885
1493228890428428289 5660194.3908015
1491064976060018697 13603121.3213445
1491015440159875074 27294078.1777455
1487510851376586756 783948.4372005
1487487151201783810 2306752.0604535
1487120879922384897 2633649.80637
1486112001952829440 4792857.428865
1486089121105956868 10039819.758738
1486081473107185677 10611699.620973
1486021179160899591 11221534.857918
1485749877183336450 18846599.687718
1484571554147151873 21077610.9481905
1484498920969588742 1270853.5799355
1484230264293318663 22545860.8015245
1484209117195423744 10552217.317323
1483780414732967937 29390404.5078105
1482051254662610950 919681.3891485
1482024587936382980 1600498.8417825
1480909706973650947 12496127.3255115
1479154838470639620 5995164.7350705
1477055079349997570 20486271.87519
1475939694819037185 768369.7386255
1475888433532973058 2234240.2998135
1474881558133846016 30195539.975073
1474142234475909130 1377581.8276275
1473680302753128448 902516.4958095
1473340933185974280 1030290.149031
1473315724823248899 1412789.686407
1472284364054667267 845725.058277
1471951531687698435 781314.220896
1471496739962032147 2429200.631253
1470748502171004928 10650079.8692805
1468250076522950668 10353348.1487865
1464266773436502028 2196624.8239815
1463592852437573633 4007832.6452175
1463242160065679361 3068550.420771
1462732198755381249 1436384.3335215
1462184681810632713 14129341.4343015
1462061181645037582 8088686.899392
1461309772909711369 19205136.354195
1461309565149097995 10800909.996393
1460291720067887104 1955183.3209755
1458925257008549896 6869951.1474165
1458564259441483783 2561421.294795
1458563264250535936 12526434.9754665
1456918726536728581 32916996.991593
1456728234113093633 63830346.747189
1456683998516760583 7241715.545229
1456579002206916609 6239070.504942
1456578194119725057 12703975.4894085
1455965622052040704 4133736.85461
1452324758348091402 3638334.239925
1451937105756803075 13432548.7344015
1451504499835670583 17600502.0760635
1450866722605522944 5446681.2456045
1448779093240172545 15481855.7196765
1447276555856715787 8381708.0571345
1445098238269444097 11671022.7991665
1445098139485155334 3471387.241014
1445096471859171333 22051222.959315
1445039050621083648 1941728.990388
1443578976140546065 5133889.303125
1443253926850179077 3491214.675564
1442905699919417344 4047629.13885
1441815905655197697 4198487.590869
1441409221061349376 13758511.7584035
1440730217308319749 3324380.976279
1440350196597080075 1870916.724138
1438194882150113283 7040098.860762
1436183415150325761 35830270.274931
1436091002616492036 3932884.9426185
1434562891118747656 5376945.3258015
1430505444670418948 4174099.8463725
1428454082570854410 2507717.272071
1425895832398835715 18315111.142152
1422341721527095298 2811303.619938
1421847608306413570 17211516.135099
1421336053814861832 25394185.074258
1421225778105171970 22554839.796885
1419773565860208642 6470683.2653925
1419557007443496965 8429378.874774
1418105100451651585 4965582.708702
1417669707591655426 10779468.0421725
1417470556446806016 4996031.9831895
1413980438377422854 7241573.9206965
1413922172955996164 46311845.275443
1412466123275223042 10078568.23083
1412154629387862017 14453803.238259
1411085127938084866 4194663.7284915
1411011202130579464 17297765.4753915
1409891837985296384 4148579.105616
1409584203226746882 2419003.664913
1409484604516487180 18193087.44495
1409229747159175169 9093088.083882
1408544299592171526 19482890.387334
1407894653555380228 19995797.794236
1407820394363564034 9465305.6801985
1405946034963030022 6780246.168531
1405644012434956292 12187130.920503
1404230776753954817 29283279.7114275
1403054480925630471 4171635.579507
1402484695871504388 20349859.125486
1402394776188641287 11714586.5053635
1400946828913397761 16096931.064324
1399698641535832068 10484520.790788
1398298041044586504 4634521.20153
1397627240678977537 1114273.4968035
1397298217142951940 5363717.594466
1395434649938243586 1976965.174074
1394124175745462276 31228917.5389125
1393981845696614403 8257871.5659165
1393253575762006020 3159898.2442335
1393202803036889091 16286962.8620325
1391820496107413515 2353998.0044955
1391450764481073153 8887590.8872245
1391024849498386433 27619757.9526825
1389629363692441605 23874610.490346
1389328441535868931 21373662.8709285
1388483773629702147 16106816.4566925
1387527765285642241 29044529.074539
1387452930060607489 21980382.3681585
1387363364465266690 45081014.788392
1386369787652198400 13252119.0799965
1385952891396108291 10981028.0768265
1384886292295598080 11200404.477669
1383872484701655045 18173656.559091
1382640693106126849 3802108.849308
1382343545059749890 1853043.7081365
1382104568826318853 25899274.806966
1382081834595520521 26986809.5920335
1382021202554798082 14490370.6925505
1382020409554571269 30225281.126898
1381951946697883651 31842916.537113
1381282477961048065 15354591.914772
1380884775561486353 3033625.8110565
1379929784986300418 29160689.5160955
1379853667017326594 22685077.716972
1379751819841245186 38754052.0985805
1377882732144037897 11280847.212129
1377579737942536196 10357285.31079
1377533138520391680 24469688.4510045
1377279461628985350 1249241.676276
1377236421124177921 16660115.1802635
1376859003481956353 14006581.2895305
1376567251197956096 18622181.4535185
1376566507082280962 19141886.8379805
1375063573077094407 11729003.882772
1373972756832866304 9840185.817726
1373702628274757637 11350526.482119
1373599562619846656 12637751.8580115
1372909234816491524 2698513.842255
1372897659669856259 19273824.2524575
1372460177169977352 8121515.4660255
1372227906194313216 12010383.503943
1372115397680500736 9223269.354156
1372114752785281025 7526749.0793385
1371799064178724864 12936522.9717735
1370797692406874117 8511691.053063
1370738445321179140 12167303.485953
1370039746630672389 6732292.1018265
1370037968778506241 19662895.1681415
1370029839282024449 11412274.778289
1369987502195499013 11213830.48335
1369979699619893252 4778751.625428
1369979492622536706 5391872.551527
1369979347906494466 23765531.2754145
1369979170646818817 7918935.7347375
1369240440692748293 19557696.4654005
1369033432773361665 20338755.762138
1368947350664847361 16035466.017219
1368618143493599238 12539209.508298
1368568229698957314 12356570.511186
1367854448974921736 5303187.2692755
1367802632488763394 1522803.623253
1367802551228334082 11541776.250807
1367080095521923074 8565876.5991975
1367079399061925888 7291510.730856
1367032450166235140 12551729.116971
1366731619512553472 9610159.2520395
1366720822531018752 10867331.9021355
1366710004674408448 1447261.0976175
1366367766844964868 10213281.486144
1366362528197079049 20623902.5958735
1366361152637304836 11427541.9028925
1366312537483063297 16638361.6520715
1366056248689496065 18307038.5437995
1366006230397956099 7604217.698616
1364646131922325509 9058276.7737935
1364562263986892800 9215961.528279
1364542932326506496 22282779.0699525
1364408094214803457 20365041.27537
1364407018434486272 59553059.266437
1364406817237909514 24260395.716876
1364405561454972929 33933294.636813
1364403874849820674 1655505.8102055
1364403487711363073 16226800.7606265
1364402183064715270 9369425.871696
1364353254184910850 19491387.859284
1364146168473747457 20208772.7662095
1363894926266744833 1857434.068644
1363893442703671298 30271620.673932
1363865585826877442 27367949.5338975
1363771129740034050 25928789.359539
1363769747062607874 13430849.2400115
1363631427607293954 15842686.70358
1363610798703190023 7226590.045158
1363508005019529219 24580212.2361675
1362767404271599622 23602379.8139745
1362075443877265418 10920129.5278515
1361870895120318470 39835666.9781895
1361806062282813447 33376511.9497425
1361796017818132487 24826015.7747745
1361793166660239364 53574464.601669
1361775567222276099 26280046.5250455
1361651762772406274 22209955.735341
1361500712354668546 36114199.137687
1361256225753726976 35632760.7019065
1361255868499640321 16949397.450348
1361058949097803779 11208165.50205
1359652652704014341 22957223.418624
1359461684188971009 6251363.514363
1359426173227458566 13878637.68687
1359277416355610627 19631001.3234225
1359242181899354121 2234325.274533
1359242099489710081 11087954.598864
1359103178520854528 8585165.860524
1359095498339196930 34883453.6253555
1358974780289015813 20450610.8179065
1358974315404877825 31696306.821069
1358970261522046980 23081683.057785
1358969549002072064 30649361.627016
1358969245523185666 37138087.857849
1358966371602878465 55168392.0651435
1358966084813135879 18067353.1849965
1358965886909095937 33008826.338466
1358964596044922880 45387801.8506935
1358963410914967552 32600862.7101465
1358962867043782658 14191316.3297235
1358961542771974149 30579115.858896
1358793467036659718 25427126.9405175
1358616200792707074 12823449.9450255
1358613781904060421 66085575.802719
1358613209482227712 47741856.505002
1358612986684985345 24118487.935311
1358611012430290944 10561621.186281
1358608116481470464 34793607.0219375
1358597368191582208 9593022.683607
1358596983741689857 5072792.4798045
1358474582991208461 6486375.2635935
1358396190413488131 44303411.1302475
1357594910065651712 12625062.2998995
1357349490353573891 19698471.2507055
1357145277954727941 23902850.4221265
1356942462888140802 28928906.806206
1356935057290764289 19309173.7357695
1356794332003590144 7666475.843103
1356792731679522821 9156932.423133
1356789887949807617 22413810.0874215
1356584432031916035 25489356.760098
1356582494049611783 16190289.956148
1356341990103916546 19883631.164496
1356341557130092544 24644254.849764
1356340517173407744 20181920.7548475
1356285068709400576 3465778.909527
1355929498894659585 6020968.724892
1355927557821104131 16811285.206254
1355855284938428417 6653577.186663
1355647326774194178 2172095.4549525
1355646234145468418 13287893.436906
1355641813697253393 3644763.9937005
1355639975044395018 11393438.7154665
1355639637243551750 8463963.5856105
1355590602893778944 14666636.5857
1355497605833306113 12626648.4946635
1355494761105416196 6234311.92065
1355481062961537034 6479520.6362205
1355445224068284417 12518107.4529555
1355444519806922752 15237864.9750855
1355110774071549956 8733814.969836
1355068087217827841 25418912.7176325
1354981701378842626 10832520.592047
1354972568462176261 6657939.222264
1354834108258652163 18759104.0515395
1354833691676180486 7917831.063384
1354355865160196096 17251709.1774225
1354141352167149569 1934137.915446
1354141091428245507 18970776.077814
1352624010299904000 11535459.7966575
1352375798733398026 1473291.686691
1352375554046103554 897333.03792
1351952220099637249 1150246.1280585
1351635425081892865 10522844.3892825
1351572731830149123 2158669.4492715
1351457808114479104 9092436.6110325
1349655552721346564 8387542.9878735
1349510720183029764 11697874.8105285
1349497366416666626 2238970.559199
1349497108257251335 34930756.2192105
1348907676487602176 10657982.518194
1348548875729170433 7529666.544708
1346818914358075392 3946792.47171
1346480940961284097 43639588.6215135
1344690986019151872 4478422.6418085
1342113234531319809 4304847.6147765
1341127432695373826 9796537.1368095
1341061363557425152 1754784.607488
1340293727919738880 2665175.4273045
1338856903036653568 2088253.7317125
1338801586081058818 7509187.6373085
1338545678721675266 56308554.526488
1337518422234697728 17062498.8020025
1337435969037824000 21604822.432875
1337434355078066177 19809504.8841855
1337101898436980737 8449517.8832955
1337035311994597380 1779568.9006755
1336779710362218505 15567396.9373065
1336707575937724417 8374541.85579
1336451974531870721 39651781.6851915
1335297155058323456 6147156.1833495
1334282816981508096 15794251.113465
1332751530269822979 4762918.0026945
1332415135214936070 19247198.8403475
1330649982358216704 584031.2471235
1330630950737293315 401817.123609
1330628097075523585 380545.1188275
1330586477886115840 459656.582682
1330481378207600648 899117.5070295
1329855682976374784 5146947.0850215
1329139329969565697 1220208.6471135
1329046701621952518 1078159.241016
1321491551692988416 7093406.334795
1320828423384797184 6403609.8868005
1320802195168788487 1616587.3886745
1320056057234939904 6496940.453718
1319643721747603456 16989902.066643
1318976131580743682 7483836.845991
1318604966320361478 9066745.920837
1318165231684734980 16749168.6862995
1317829189073068039 4131895.7356875
1317829182001455106 2571674.910948
1317531447348072448 1976596.9502895
1317514225728868354 16452691.889964
1316212472282578944 30402906.6155595
1316143167125753856 6938100.8724555
1315692913976901633 11492066.0398995
1314685186303553537 13621504.185663
1313237769188241409 20017381.372989
1312912895118893057 21342392.1741525
1312092488983863297 7399938.472938
1311698038797283328 2660331.868293
1311690128138608643 6056091.608952
1311402326448537600 9458932.576236
1311199355173580802 14640322.7475615
1310588744492298240 19800129.340134
1310276967376318464 10537431.71613
1308854991977881601 6232754.0507925
1308838883795374080 36200391.8281665
1307300311627857921 21591566.376633
1305275338390466561 72473267.0920665
1305262756459876358 108470682.640254
1304855762716557312 20829456.442344
1304693731396730880 2637360.3691215
1304693731262595073 3268835.8346325
1304693731237347329 17289013.079283
1304396237962186753 26217335.1820545
1301974858830696450 3827601.265158
1299338944505618432 26428554.009825
1298355596958339072 23930722.1301225
1297664505045028865 70698145.2017115
1297166835914354691 47884614.033762
1296876890825863179 41945164.389777
1295894679909801985 33361358.124765
1295887798180995075 44884921.4606925
1295696031099822081 67391042.4183975
1295492310663299074 43777191.0172905
1295362770733604864 20515786.427763
1293893893998641152 39914410.2182595
1293599531246985217 41430727.437924
1293544972222857219 112085847.106662
1293278207362379776 20020553.762517
1292927062647410690 7038059.467494
1292794366008991745 952679.905221
1292521619060137985 14498329.991277
1292465156337946630 7179712.3249005
1292093689326641158 10077151.985505
1291395501338832896 6710481.9238215
1290608471063355392 10333520.7142365
1289965381705056258 10763549.4447195
1289352173009035265 12295671.962211
1288467572715917313 14881820.9003805
1286814541595238400 11600833.6808595
1286717165261983744 7634610.3232905
1285597889801203713 9580814.6489055
1284156315753906176 8383889.074935
1283169907094573056 10076103.9639645
1283163471425736707 16455269.4564555
1282405614795337730 5518484.883582
1282341668893659137 7596456.674235
1280588524086087680 441698.591961
1280501238807789570 6842674.262457
1277946368506691584 1169252.14032
1276855297802412044 1040402.1406515
1276224512120492035 455549.4712395
1276220110177480713 3897790.383465
1276152247379005441 1412818.0113135
1275888820484018177 13276846.723371
1275811006871207936 5575842.8192445
1275431034960699395 998594.5786575
1274029062344900610 892319.5294695
1273661754388680705 638273.443071
1273626816100646912 1021481.1031095
1273295335981539328 12524763.805983
1272959097449701377 522906.0988965
1271110372330745860 772561.8247875
1268180138648371200 1701023.934951
1267174430628810752 23598244.3776255
1266715987849535488 1206244.468209
1266086963901280257 9902472.2871195
1266011779752214530 1350928.090611
1265756661593133059 19380042.6518325
1263180484202442754 10309161.2946465
1262486185898885123 16428020.8964025
1260899730940399616 2918570.0408535
1259896465608126464 2733891.6504735
1259843441862770697 1415962.075935
1259593913247072256 12893299.1644545
1257851405181710336 20320032.9989415
1255605366123102215 6643521.8448555
1255264025765646337 19527672.0645105
1252687962120347649 12674829.16062
1251253890139512834 4677036.8861865
1251211053293281284 449856.165033
1250896052758220801 8669064.233577
1250095896672468998 7132579.6804845
1249529152597905408 11258243.936742
1249082491199279105 517127.8179705
1245393456660389889 24382674.3382365
1245392673541890049 29291125.710528
1245190337607409665 53901418.9973985
1245071639722758148 836859.3625425
1244811529226256386 13906764.3190245
1244742675804360704 50405134.163571
1244701532693676032 28995102.1126965
1244638919259574273 68481013.145424
1240816965616390150 19289657.875191
1239593994885173248 2107174.7692545
1238938195724767232 9467599.997625
1236287013877354497 12392061.6190305
1234895266383265793 11982285.196695
1233078628960829441 3142591.726362
1231650892715372545 11153441.782692
1230119537988833282 13216288.073274
1228594181939105792 1757588.7732315
1225008213629849603 24035410.9845465
1223621083737337856 6973507.0055805
1221892248662683648 8076450.539784
1221559608797540353 22690459.449207
1221499375043710980 7039673.9871645
1220361846743609344 1440746.3691225
1220158263641214977 9206784.258573
1217902956475047937 2628862.8971715
1217835733173571584 12044061.8177715
1217526993018900480 6815680.6265625
1216521377509003265 10274378.3094645
1216425770345779200 5718062.174781
1215056665378205698 13504663.9463505
1214976455375048704 4215284.2604235
1214649965261328385 8669404.132455
1212795063434141699 5632237.708086
1212064614927798272 14293909.1410665
1209943859221975046 8422807.496466
1209580675877261312 12968275.19196
1208450029444313088 5729363.8124745
1208068333737848834 14678136.497739
1206995646294773761 3732344.6045985
1206276813678358528 5739560.7788145
1205128449314238464 10681917.0641865
1204828516384215043 10395099.0609675
1204427129473110016 6884991.672768
1203665738239762432 570321.9923775
1203665485562298369 730669.288074
1203447930017009664 9974870.7481335
1203433847783919617 11517445.1561235
1203328200367132672 4693521.9817695
1202683817082998786 4036497.4505955
1202386032525824000 11958775.5243
1202366403283767296 19461929.956524
1201592310376599553 1883464.6577175
1199761934695960576 11469944.287923
1199403421574553600 9568946.513082
1198646389196165121 13604254.3176045
1197557890606870529 9142260.121566
1197546615969665030 1158686.9501955
1196796032182628352 524322.3442215
1196080321164455937 5442460.834536
1195699184369913858 1425705.843771
1195045565949763590 1455475.3205025
1194240044967612417 3308320.7542935
1192498728453726210 3007963.4457675
1190237381787574272 9946460.866914
1189532412302245889 950357.262888
1189138837806764034 3253030.5368055
1188779583971180545 1780418.6478705
1188113846583599110 4172683.6010475
1186682500447461377 405272.762202
1186682342720638977 263619.9047955
1186404537579560960 821677.2126585
1183408824381771778 8623376.1593925
1183069525425737728 5691011.8890735
1182692510684143618 1325832.223452
1182387456961908738 1552148.226387
1181951568695963648 4793367.277182
1181205526601961479 6930623.0971395
1180847557469200384 730952.537139
1180198753875189760 899570.7055335
1180087722209402880 5218892.3475315
1179425205741113345 8925178.03815
1178054695711064064 10705794.960366
1176915426850299904 7200474.481365
1176506682421260289 1464142.7418915
1176151567315210240 1460403.8542335
1173938177419202566 12397500.0010785
1173683377905590272 7649877.447894
1173629589123473410 4108301.088573
1172870957750505478 5740353.8761965
1169701452316663809 12842880.8308845
1166384749239263234 13343381.9287395
1165394207810490369 6277082.529465
1164619839631253504 5109076.685031
1161615056292974592 7633137.4281525
1160515515108024320 7317428.0203035
1155880148819947521 6985148.542152
1152305907839250433 9055019.409546
1148654839011926016 2091539.4208665
1147208103672328192 2099045.521089
1144618639208980480 4420554.857829
1143944994992140288 1761695.884674
1143603896989995008 8694981.5230245
1142138506065719298 6785316.3267945
1140672738933321728 19394460.029241
1140627669253545987 4422395.9767515
1139704641439113216 12349857.5083455
1137446873567047680 22044453.3066615
1136996557662896129 4230041.53671
1136384991557038081 8122591.8124725
1134784155147890688 3974834.129145
1134461493481746434 8442351.681951
1134196786774642689 5064804.8561715
1133744965736181761 838927.080717
1132322010883854336 8621988.238974
1131991372024688642 5987573.6601285
1130959071044165632 1242840.247407
1130464825388277761 991570.0018455
1130195863681347584 3912491.0099385
1130063919203135489 906000.459309
1129850039331905536 6408085.2220275
1129456530716282880 9296121.013674
1129033193187958788 7503834.22998
1128720575864680448 4053634.019028
1128694682865872897 4882307.483592
1127698463750270989 3982963.3773105
1124282424647716864 813236.3905215
1124282078433091585 556301.16366
1123896208899153920 823008.483264
1123168681297678336 7480777.756089
1122189237493874688 5599040.917668
1121745422094147584 1831176.8803185
1121382226443296768 848897.447805
1120103462723837952 9882786.477102
1119345603224506372 7517798.4088845
1118927676142698497 1939349.698242
1118162463567036416 1544783.750697
1117901148390748161 17228624.378625
1117794153277083648 2672284.978836
1116679680952885249 1878337.849641
1115335631121653760 4116033.7880475
1115324194835849216 13792331.6967645
1115283715687579648 561456.296643
1115283393569226753 835556.4168435
1115246692713017345 9206076.1359105
1114858209041362946 6109002.534294
1114138960404582401 6351803.632812
1113447269834084354 3634170.4786695
1112306760369475584 8370972.917571
1112064819115556865 1321470.187851
1111283841996591105 929368.5071715
1109605825797066753 12587531.798787
1109155933643554816 1085806.965771
1108841318447542272 661613.166027
1107693661150687232 2742615.7216755
1106918037603655680 1719293.4996435
1106578311558373377 1375485.7845465
1106188489652097024 585022.618851
1106187905633001472 348849.548454
1106138108607762432 3662382.0855435
1106137752687521792 11067504.016371
1106137507442450432 6796702.9392075
1102334442771763203 6648365.403867
1101143879770869762 2983434.0767385
1099375014716080135 1601348.5889775
1096824202974425089 2890245.1343535
1096491420955877378 4410811.089993
1096437298315624448 1256974.3757505
1093856707187539969 16282147.6279275
1091719516969725953 12482814.6194565
1091386598606979073 1407322.9794525
1089884545804058627 351795.33873
1089862159100772352 5014669.7716665
1089227663791804416 460194.7559055
1089226694395920384 654078.740898
1089226263183720448 826520.77167
1089221400139890688 2763462.8528595
1089201361831559169 1146025.71699
1088951198433058818 6131237.5858965
1088576820155465728 9592144.6115055
1087482028381990912 434617.365336
1084923022967013378 400457.528097
1082751815278649344 329078.763717
1082640564556832770 5892033.750504
1082335323277967361 1093284.741087
1081243716524879872 5439005.195943
1081196754681430017 8780777.664813
1080888505423802379 5562586.7630025
1080571199455985664 8404339.657428
1080166781568847872 8456599.1099205
1079863562313568256 1345857.9323475
1079758966614384641 2330516.657007
1079728065289302016 309251.329167
1079487716910350339 1939859.546559
1079432525922078720 345847.108365
1078692924966297600 10369578.320211
1077713975461199872 959761.131846
1077589700209197057 10526130.0784365
1077389257680015360 7522981.866774
1077204641878822913 320722.9162995
1076674085919379456 4492301.8459935
1075719789664985088 11658871.414278
1075508769931624448 7383906.575859
1075475584795455488 340946.8995405
1075474724321398785 251440.1950005
1075388521463074818 233000.680869
1075079055140102147 2054207.1940995
1074742401498013696 342334.819959
1074669452011159553 718404.6035595
1073275444940734464 453056.8794675
1073225406126440453 2833708.6209795
1073209814669541376 4865935.687635
1072944203968249857 3092286.692418
1072836992684253186 355052.7029775
1072561178591854594 7646818.357992
1072222306766897152 370574.7517395
1072150862078861312 6441225.3626325
1071738725795880960 1426782.190218
1071491870025490432 811423.5965055
1070712076186910720 1855394.675376
1069712546012295168 309761.177484
1069642237770952704 515060.099796
1069559044011106305 1688447.676465
1069203699187281920 5196005.8230795
1068576588952932352 922627.1794245
1068432944551919616 1840524.0994635
1068257229357359104 408105.252852
1068232821758722049 689739.7981815
1067948157949104128 6437656.4244135
1067837972941336577 7538107.366845
1067507707056402433 326331.2477865
1067121022535487488 328030.7421765
1067026273262813185 6435390.4318935
1066594687404990466 1864656.9198015
1066307948505378817 587118.661932
1066086616320667650 9576282.6638655
1065308762561544192 622128.246366
1065046973135249409 2275538.0134905
1064948207095095296 6711643.244988
1064938959631978496 873738.3908055
1064856795863310336 2946583.373382
1064639038886305792 313500.065142
1064537332618010624 406150.8343035
1063490370334531584 7090063.995828
1063153231960961025 6271445.8730715
1062813644008943617 9110592.876099
1062789745267367936 4596367.5524745
1062048059453071361 7387305.564639
1061696993809063936 6942491.232963
1061372964749361152 5956302.9633525
1061303669319237633 560266.65057
1061272269555671041 851021.8157925
1060927405467074560 4015990.2182895
1060868506936336384 325793.074563
1060868245933170689 296929.9948395
1060563169783861249 254357.66037
1060560910169841664 296335.171803
1060181432176402432 10927522.328448
1059881677504307202 7839371.072379
1059590100315766784 5693079.607248
1059551569316864000 424335.4242765
1059113385160310784 4428202.582584
1058798145323188225 335423.542773
1058783471349497857 697982.345973
1058494461251121152 9835257.283995
1058408440903725056 459288.3588975
1057641988407799816 1634856.953367
1057600384884191232 5747095.2039435
1057316895685251074 7381272.3595545
1057283821186572288 310412.6503335
1057052233622274049 319080.0717225
1057030488722939904 1282665.065946
1056913410636611585 315482.808597
1056700956073697280 5801422.3746105
1056636041996713984 314944.6353735
1056615822368665601 4792489.2050805
1056198583962091520 515796.547365
1055815715033374720 259399.493727
1055105721241624576 345535.5343935
1055104803670581248 390147.262131
1054793926450864128 6636978.791454
1054781588091875328 3830801.9795925
1054769623848116224 634931.104104
1054543875677872128 309931.126923
1054424112603582464 2777370.381951
1054413462414209024 290641.8655965
1052943961927634944 1909551.896604
1052912031580516353 6626470.2511425
1052594571446767621 337321.3115085
1052202675067084800 650254.8785205
1051983408585482240 394424.3230125
1051961547336105987 339134.1055245
1051929502593495045 7607475.0628635
1050895616329637890 4184211.837993
1050753358489944064 574967.2770435
1050118221750259712 562249.394025
1050117984184922112 412693.887705
1050030840053420032 3309680.3498055
1049777212856123393 426261.5179185
1049473179767500800 525766.914453
1048305023543910400 919794.6887745
1047987470942523392 8246824.8523815
1047150719332159488 498490.0294935
1045697587834232838 12859195.9770285
1045438280446218241 789386.8192485
1045437388091248640 575448.800454
1045380899334967296 1596080.1563685
1044979885238890496 378675.6749985
1044717369921327104 424108.8250245
1044603663392501760 858103.0424175
1044233877823328256 641360.8578795
1044205785851604992 12376143.0215775
1043466728217489408 12339320.6431275
1043243384691941383 540807.4398045
1043243046492692480 385077.1038675
1042874337915817985 2866452.2128935
1042433871839670272 417169.222932
1042064352042541056 509650.0426545
1040253532681711616 5191615.462572
1039928202725130240 1415792.126496
1039927844737036288 1965720.1861935
1039526987096879105 870537.676371
