1520931120061337601 715.7533035
1520931075433893888 426.940567
1520929862344757248 2649.5429305
1520928557433856000 4420.090576
1520927299046105088 2624.4287795
1520926040780161024 3415.524536
1520924829830025217 5135.8438795
1520924782555922432 740.8674545
1520923525581783041 1682.648117
1520922265935876097 1720.3193435
1520921510885568512 2348.1731185
1520921007615225861 2561.643402
1520920504156098560 1192.9221725
1520919779137277954 12155.249084
1520919749428924417 2787.670761
1520918994227580929 2436.072647
1520918521735225344 2461.186798
1520918491179663361 4369.862274
1520917987959742465 2184.931137
1520917232997388289 1594.7485885
1520916030880722944 1933.789627
1520914751378935808 1770.5476455
1520914716108881921 1833.333023
1520913457750675457 3277.3967055
1520912199581155331 3616.437744
1520911444501430274 1280.821701
1520910941319274502 3340.182083
1520909711046066180 5098.172653
1520909682998530048 2373.2872695
1520908456189997057 3013.69812
1520908425080676352 5073.058502
1520907195742887941 2059.360382
1520905928270299142 1619.8627395
1520905908099764224 4307.0768965
1520904685074403329 3302.5108565
1520904650039377922 3754.5655745
1520903894850686976 3089.040573
1520903391588884481 15721.458526
1520902888310067202 3440.638687
1520902133867896833 2423.5155715
1520900978568056832 2775.1136855
1520900876067606536 4030.8212355
1520899616559955968 3013.69812
1520898373712285699 4294.519821
1520898358486855680 3277.3967055
1520897178260156418 2210.045288
1520897100111831040 2662.100006
1520895860736942082 2021.6891555
1520895841724207110 3202.0542525
1520894608330342400 1582.191513
1520892093513805824 1305.935852
1520892066942705664 28328.762328
1520889575727640576 4771.68869
1520889550238855168 1657.533966
1520888795280797697 20417.804763
1520888311354646531 14666.664184
1520888292308312065 1670.0910415
1520887056616013829 1845.8900985
1520887034000252928 5386.9853895
1520885869238005762 3038.812271
1520885779811102720 2749.9995345
1520884538351751175 2523.9721755
1520884517422120961 7973.7429425
1520883258774360064 3541.095291
1520882021475786758 5022.8302
1520882000554446848 3465.752838
1520880759816531969 1871.0042495
1520880742196080640 4344.748123
1520880238917406720 5135.8438795
1520879502066339844 5688.3552015
1520879484093804544 1155.250946
1520878729337053184 1054.794342
1520878225978650627 1996.5750045
1520877722393849856 15646.116073
1520876985920151552 4909.8165205
1520876967414820864 2448.6297225
1520876212406554625 3880.1363295
1520875709102653442 2335.616043
1520875206025224193 891.5523605
1520874467211321350 1017.1231155
1520874450735886336 2649.5429305
1520873205635944451 31216.889693
1520873192755286016 2172.3740615
1520872689199554561 2536.529251
1520871948087087108 1280.821701
1520871934426112000 1255.70755
1520870761933725696 32535.3826205
1520870679603826688 9317.350021
1520869434222653440 13285.385879
1520869417676062731 2511.4151
1520868159351271425 4131.2778395
1520866913882185730 1393.8353805
1520866900984565760 2310.501892
1520865656169717768 5248.857559
1520865642802425856 1921.2325515
1520864401506582528 1406.392456
1520864384628805634 3076.4834975
1520863126136053760 2850.4561385
1520861877844201480 6065.0674665
1520860609633472514 7785.38681
1520859358938152961 3051.3693465
1520859351279292417 2373.2872695
1520858596489138176 3327.6250075
1520858101947187201 2699.7712325
1520858093126565888 15018.262298
1520857589763956738 2285.387741
1520856848953397254 2097.0316085
1520856835493965826 1883.561325
1520855613823201280 3679.2231215
1520855580398731267 5098.172653
1520854326004142080 3252.2825545
1520854318097739776 1996.5750045
1520853059802320896 2335.616043
1520851801741963265 2950.9127425
1520850543396147205 3315.067932
1520849336707518464 6328.766052
1520849285289496579 8450.9118115
1520848530059022339 1644.9768905
1520848082098868225 1431.506607
1520848028466401281 6404.108505
1520846818325716992 5336.7570875
1520846768472305665 2800.2278365
1520846013447098368 5487.4419935
1520845563562012678 4055.9353865
1520845510109655042 4658.6750105
1520845006952710151 2574.2004775
1520844296953503749 3126.7117995
1520844252032475137 22087.8958045
1520843496776601600 2172.3740615
1520843051438153729 5123.286804
1520842993581772801 2172.3740615
1520842490240151552 4621.003784
1520841782363312130 1720.3193435
1520841735886102528 3151.8259505
1520840533312217089 18898.3986275
1520840478140383238 3917.807556
1520839266753990661 1230.593399
1520839218758623234 6529.67926
1520838463762882567 10573.057571
1520838003396161538 4319.633972
1520837960467427328 2837.899063
1520836754034548737 2197.4882125
1520836702100615168 4018.26416
1520835497341472770 1820.7759475
1520835443750756352 4771.68869
1520834230531633152 3063.926422
1520834185686093825 2210.045288
1520832978032680960 5638.1268995
1520832928636235776 7835.615112
1520832423826575361 3603.8806685
1520831719036887041 3315.067932
1520831668843474944 2310.501892
1520831165720051719 19902.9646675
1520830457566355457 5349.314163
1520830410707505152 2850.4561385
1520829907374280704 1619.8627395
1520829200898437122 1531.963211
1520829152772771840 11690.6372905
1520827939327287299 765.9816055
1520827894364348416 4194.063217
1520827894209126401 3968.035858
1520827390745710592 33878.989699
1520826683028385793 1707.762268
1520826636538679296 1469.1778335
1520825881089953793 2850.4561385
1520825489581088782 14377.8514475
1520825380495495169 1732.876419
1520824173983055874 3415.524536
1520824119335563264 2398.4014205
1520822860960329728 2184.931137
1520821662844956673 13297.9429545
1520821602899820544 3729.4514235
1520820402691485698 10372.144363
1520820344415735808 3553.6523665
1520819144530223105 4658.6750105
1520819086363664386 3553.6523665
1520817876466380800 2373.2872695
1520817829062201344 1456.620758
1520816627528478721 2021.6891555
1520816569353392128 3867.579254
1520815364065615872 3490.866989
1520815311133417472 6303.651901
1520814108110635010 8174.6561505
1520814052959834114 25779.6760015
1520813297783558145 3114.154724
1520812847709757440 2260.27359
1520812794874155011 16512.5542825
1520811599468113921 2775.1136855
1520811536524087296 2436.072647
1520810781947969536 2837.899063
1520810348839907334 15281.9608835
1520810285648424960 6918.9486005
1520809077772857346 5663.2410505
1520809019719438337 3302.5108565
1520807804650545152 7119.8618085
1520807761344286720 4721.460388
1520806554924199936 11376.710403
1520806503095046144 5361.8712385
1520805292296097795 2498.8580245
1520805245047107584 19626.7090065
1520804042452176897 2009.13208
1520803986672037888 7509.131149
1520802794713853953 5412.0995405
1520802729689505799 3151.8259505
1520801973318082560 24247.7127905
1520801512171220992 2448.6297225
1520801470081294342 1984.017929
1520800255780040705 5098.172653
1520800211605413888 3917.807556
1520798992875102208 2021.6891555
1520798953314217984 16512.5542825
1520798198658330626 2787.670761
1520797738199400451 3327.6250075
1520797695140638721 1858.447174
1520797193371795457 6479.450958
1520796493967409154 11640.4089885
1520796437482680320 6680.364166
1520795237727223808 4671.232086
1520795182370799623 3566.209442
1520793920514445314 50881.269926
1520792704430624777 1682.648117
1520792661875064834 8111.870773
1520791448140013568 4746.574539
1520790145481334784 5399.542465
1520789642034831360 2900.6844405
1520788930458787840 5311.6429365
1520788887152472064 1481.734909
1520788132102168576 2097.0316085
1520787660289331200 2323.0589675
1520787631709122561 7408.674545
1520786399707947008 4394.976425
1520786370712723456 2888.127365
1520785615805165569 2611.871704
1520785142578565121 2950.9127425
1520785112333385728 1205.479248
1520783882324426753 3302.5108565
1520783854377779201 3980.5929335
1520782596053118980 3905.2504805
1520781338177122305 2084.474533
1520780110919606279 9128.9938885
1520780083597746177 1205.479248
1520778850053066757 1921.2325515
1520777586472800257 6416.6655805
1520777562498027522 3541.095291
1520776335190282241 2423.5155715
1520775070263779329 11439.4957805
1520773812450639873 9229.4504925
1520771292986855425 3428.0816115
1520770033064030215 1657.533966
1520770013317132288 7684.930206
1520768777113198593 4997.716049
1520768754736533504 7697.4872815
1520766263651450880 6240.8665235
1520766238414106626 33678.076491
1520765023638933505 3930.3646315
1520764985013506048 2134.702835
1520763742274965504 2461.186798
1520763721114546176 30425.7939365
1520762482616320002 5311.6429365
1520762463012106241 2109.588684
1520761231216422915 21510.2703315
1520761204792246274 3402.9674605
1520759966868590592 14013.696258
1520759946379362305 5022.8302
1520758707445022721 1845.8900985
1520758688369184769 3842.465103
1520757432607141888 7484.016998
1520756190589956097 3478.3099135
1520753674561204224 1996.5750045
1520753654902362114 5474.884918
1520752414592311296 1092.4655685
1520752396686741505 3365.296234
1520751161225236483 2423.5155715
1520751138819252225 22339.0373145
1520749911578398723 52513.689741
1520749887566008322 9229.4504925
1520748639651516418 7571.9165265
1520744867625947137 5236.3004835
1520743604653891584 8727.1674725
1520742331153928192 6303.651901
1520741085038981121 4357.3051985
1520738866776391682 2900.6844405
1520738568414576640 3076.4834975
1520738555751976960 22715.7495795
1520737311348174848 2737.442459
1520736050506878978 2687.214157
1520736039249190913 3101.5976485
1520734823190519808 4106.1636885
1520734782283419649 5324.200012
1520731019019792388 1670.0910415
1520728498335268865 17278.535888
1520727249749790720 6479.450958
1520727231793819648 10108.4457775
1520725988077981696 6517.1221845
1520724732529754118 3453.1957625
1520723477334040577 4847.031143
1520723455737442304 9292.23587
1520722210276659201 8162.099075
1520720951020863488 1958.903778
1520719710526095360 6253.423599
1520718446761230336 7446.3457715
1520715924726235137 2674.6570815
1520709624625872898 4621.003784
1520708365827117056 1984.017929
1520704646234484736 16788.8099435
1520704584473354241 6454.336807
1520702111616487425 6605.021713
1520700867409760257 2950.9127425
1520697080150384642 9568.491531
1520697032616280065 6605.021713
1520695829710917632 6353.880203
1520694572254470145 4055.9353865
1520693304546967552 2159.816986
1520693257033838593 25955.4750585
1520690783514472448 4168.949066
1520690740753432577 3151.8259505
1520689591174500353 17630.134002
1520689487117967360 7684.930206
1520684494562471937 1644.9768905
1520683236850118658 5713.4693525
1520681932421488641 4859.5882185
1520678215211180032 4307.0768965
1520678157438754821 13687.212295
1520676950544629760 4734.0174635
1520675685911699458 2561.643402
1520674504162357248 44728.302931
1520674383617925120 5198.629257
1520673165223071745 2184.931137
1520671912480985089 1644.9768905
1520671866007867394 5776.25473
1520670654860779520 6328.766052
1520669397043585024 3428.0816115
1520661837469175808 4043.378311
1520661799665762306 3654.1089705
1520660587260350464 2825.3419875
1520659361571512328 113880.1177095
1520654283594776577 3327.6250075
1520653029988610051 6969.1769025
1520650523141156865 9945.203796
1520646739178528768 3189.497177
1520639183488012288 7597.0306775
1520637922415939584 13034.244369
1520635477883330560 7320.7750165
1520630369481023489 6165.5240705
1520627825614606336 6391.5514295
1520626593508564992 2498.8580245
1520625335108255745 1381.278305
1520625309128699906 4821.916992
1520624077437906944 7220.3184125
1520624050896134148 5449.770767
1520622820388179968 4206.6202925
1520620303658934272 4872.145294
1520617786153877504 10610.7287975
1520616501094531074 5952.053787
1520615243168333831 2800.2278365
1520613984415625219 2863.013214
1520612750237618176 2913.241516
1520611468005322752 10962.3269115
1520610209877667840 4143.834915
1520603947395960833 5211.1863325
1520602681638858753 13712.326446
1520602661267070979 7006.848129
1520597626776809475 5198.629257
1520596368489807872 2925.7985915
1520595110253187073 3289.953781
1520593875840245762 3340.182083
1520591357538189313 7747.7155835
1520591336927203329 2712.328308
1520590077231050753 4181.5061415
1520588837797384193 4181.5061415
1520587560434782210 1444.0636825
1520583863596105744 9869.861343
1520582545775247361 4558.2184065
1520581268903104513 2925.7985915
1520577511784132608 4809.3599165
1520576256416391168 4307.0768965
1520574999266004993 5663.2410505
1520573737770393602 4332.1910475
1520571217908060161 11263.6967235
1520571202644824066 3616.437744
1520569961864994818 3716.894348
1520568799342247937 2536.529251
1520568685965955073 1356.164154
1520567455113961474 3528.5382155
1520567428010455040 2147.2599105
1520566169614249984 13285.385879
1520564911310577669 4081.0495375
1520562410691739648 1908.675476
1520561136512339968 87535.3733105
1520559895828963330 4834.4740675
1520559878179196928 2863.013214
1520558620194222080 5085.6155775
1520557374599270407 2059.360382
1520557361491963905 3754.5655745
1520553684333121536 28529.675536
1520553587314728960 2109.588684
1520552328637542401 3980.5929335
1520551069952077827 3001.1410445
1520549811921039366 2976.0268935
1520548565466112012 2586.757553
1520548553457901570 3867.579254
1520547310501044226 3603.8806685
1520546036791615489 2724.8853835
1520544794535247872 5273.97171
1520544778571722757 2950.9127425
1520543873746964480 21522.827407
1520542277449531392 5424.656616
1520542262085574656 1845.8900985
1520537238018351106 1996.5750045
1520537228891598849 3792.236801
1520535970474561538 4909.8165205
1520534719368249344 4055.9353865
1520534712263008256 4219.177368
1520533454009548800 1871.0042495
1520532244703727622 33590.1769625
1520532195751907329 6479.450958
1520530938349768705 2473.7438735
1520529679056347137 200950.8792265
1520528466655035393 4043.378311
1520527213334044673 4847.031143
1520527162775793664 2473.7438735
1520525904379842560 4219.177368
1520524646059175936 2222.6023635
1520523510929661953 2724.8853835
1520523394655133697 2636.985855
1520522182295699457 2348.1731185
1520522129346813953 1745.4334945
1520520917595611137 4030.8212355
1520520870946508800 5600.455673
1520519667307143171 2109.588684
1520519612881772544 2938.355667
1520519591599824896 9643.833984
1520518405794799621 1896.1184005
1520518354494275590 6328.766052
1520517149596471297 4985.1589735
1520517096152571905 2925.7985915
1520515903724691460 1720.3193435
1520515837836378112 2109.588684
1520514633823576065 3842.465103
1520514579666714632 2184.931137
1520513365487071234 5462.3278425
1520513321316720640 4457.7618025
1520512124627398675 2323.0589675
1520512063029850113 2197.4882125
1520510855493918721 1971.4608535
1520510804872732672 3465.752838
1520509605276790787 2687.214157
1520509546615083008 5399.542465
1520508417751801858 1519.4061355
1520508292241539073 2385.844345
1520507090049110018 2737.442459
1520507029713932288 3892.693405
1520505818906599427 5123.286804
1520505771842326529 2536.529251
1520504578864828418 2599.3146285
1520504513156632578 3503.4240645
1520503312109424641 2184.931137
1520503254932594688 3541.095291
1520502060302716928 3641.551895
1520501996725305344 2925.7985915
1520500785871790085 3415.524536
1520500738501214208 3804.7938765
1520499534224404481 8501.1401135
1520499480029663232 3252.2825545
1520498262578450432 1695.2051925
1520498221994283008 57586.748243
1520497466751131648 22376.708541
1520497021345480710 1444.0636825
1520496963585667072 1343.6070785
1520495747128610816 7031.96228
1520495705323819008 841.3240585
1520494500799463424 6303.651901
1520494447141785601 4319.633972
1520493355603566596 264991.9642765
1520493190750433280 1984.017929
1520491990453993475 1858.447174
1520491930387320832 2523.9721755
1520490714433523714 1230.593399
1520490671915732992 1519.4061355
1520489461083168771 7082.190582
1520489414220255234 3515.98114
1520488200422281216 2310.501892
1520488155446607873 3164.383026
1520486943083180034 7961.185867
1520486897331580928 166067.3234875
1520486142201806854 1130.136795
1520485690978578434 21686.0693885
1520485640952983553 4922.373596
1520484421266247681 4507.9901045
1520484380677971968 2724.8853835
1520483122323861510 6391.5514295
1520481905778511874 15382.4174875
1520481864326295555 2247.7165145
1520480641984471040 6617.5787885
1520480605858934785 8149.5419995
1520479347760676866 9191.779266
1520478592718626816 11087.8976665
1520478238975397890 2385.844345
1520478095702212609 7232.875488
1520476868113321985 1808.218872
1520476830691590145 1820.7759475
1520475572610154505 1820.7759475
1520474348729081858 4018.26416
1520474314255917056 3917.807556
1520473090228109312 3402.9674605
1520473056040398850 5788.8118055
1520471797849751552 22376.708541
1520470584903315461 4671.232086
1520470539306950658 2486.300949
1520469318525407235 4734.0174635
1520469281460289536 2473.7438735
1520468023060049920 3327.6250075
1520466801603366912 3855.0221785
1520466764697640968 3402.9674605
1520465544574558208 2310.501892
1520465506343563265 4507.9901045
1520464288657424390 1732.876419
1520464248136093698 2523.9721755
1520463078135115779 2574.2004775
1520462992034471937 3654.1089705
1520461772083318787 3666.666046
1520461731428016128 3214.611328
1520460524936474624 2348.1731185
1520460473002446849 2360.730194
1520459257237446658 4495.433029
1520459215134806017 2812.784912
1520457998400954369 2825.3419875
1520457956495659008 4256.8485945
1520456738914414592 2611.871704
1520456698451963904 6680.364166
1520455493155708928 3402.9674605
1520455441481748480 1644.9768905
1520454225645473792 5550.227371
1520454181789786116 2448.6297225
1520452967828267010 3528.5382155
1520452923213246464 1820.7759475
1520451713152471040 13636.983993
1520451664964198400 6893.8344495
1520451161676996609 15407.5316385
1520450470111854593 2410.958496
1520450406819635200 3553.6523665
1520449194846269442 2448.6297225
1520449148801146883 14063.92456
1520448065110519810 9555.9344555
1520447892900655107 9242.007568
1520446680000258049 2863.013214
1520446631803502592 72429.211484
1520445417149935616 3202.0542525
1520445373529034753 3340.182083
1520444169449263107 7785.38681
1520444115493679105 2046.8033065
1520442908243021826 7597.0306775
1520442856955121666 3980.5929335
1520441641307455488 2084.474533
1520441598894436352 4985.1589735
1520440395695628288 6906.391525
1520440340305514496 1933.789627
1520439122527141888 5713.4693525
1520439082203164673 4093.606613
1520437872356171777 2247.7165145
1520437823819509762 238257.950537
1520436612076871680 16738.5816415
1520436565897404416 2662.100006
1520436565511524357 1406.392456
1520435342851153926 16286.5269235
1520435307409285124 4206.6202925
1520434087948861440 3289.953781
1520434049558454279 3704.3372725
1520432911870275584 26696.342513
1520432792894586889 2850.4561385
1520431562969563137 1871.0042495
1520431532590182401 1406.392456
1520430299456360448 1356.164154
1520430274303066113 2486.300949
1520429015772778497 4897.259445
1520427757523677185 2812.784912
1520426527833440257 3968.035858
1520426499358089218 2373.2872695
1520425240903532545 1996.5750045
1520423982792470528 3691.780197
1520422746848645122 4194.063217
1520422724837036032 3616.437744
1520421467057364993 6240.8665235
1520420208124514305 3716.894348
1520418950361792512 6743.1495435
1520417794898210816 9304.7929455
1520417702346637314 5361.8712385
1520416454079926273 2863.013214
1520416432898539520 3917.807556
1520415174896672768 3490.866989
1520413916274184192 5952.053787
1520412678698807296 2775.1136855
1520412657978789889 9581.0486065
1520411399939190784 27926.935912
1520410141383868416 2586.757553
1520408913555959809 3063.926422
1520408883226988545 6730.592468
1520407624964997121 3390.410385
1520406388362694656 5047.944351
1520406367663656960 3202.0542525
1520405108554489856 1783.104721
1520403850884222984 18571.9146645
1520402674344251394 37872.139708
1520402602839531520 7484.016998
1520400075112927232 5424.656616
1520398844575551492 2888.127365
1520398816754683905 2235.159439
1520397577958694912 6002.282089
1520397558471749632 3591.323593
1520396318287540224 7559.359451
1520396300696629249 6190.6382215
1520395043458060288 2963.469818
1520393783929720834 8074.1995465
1520392525613133827 288335.567631
1520391304643067905 5989.7250135
1520391267196231680 4420.090576
1520390028471541766 7107.304733
1520390008997400576 3804.7938765
1520388771958689798 4570.775482
1520388750898913287 2775.1136855
1520387721692385280 40948.6232055
1520387502657490944 7772.8297345
1520384975916339201 3767.12265
1520379967644880896 2800.2278365
1520379945599569922 4985.1589735
1520378695713792002 9468.034927
1520378684108066816 3001.1410445
1520377425938587649 5713.4693525
1520376167718608896 9957.7608715
1520374930369650688 2385.844345
1520374909649702913 2586.757553
1520373651396251648 8551.3684155
1520372552954261509 6316.2089765
1520372403490066433 2636.985855
1520371150152474629 9078.7655865
1520368633712717824 4470.318878
1520367371172651010 6278.53775
1520367359571021824 4859.5882185
1520366111937675265 4332.1910475
1520366101388963841 14365.294372
1520364843823292420 34381.272719
1520363584664055808 2599.3146285
1520362334753112065 3541.095291
1520362326347575296 5688.3552015
1520361068199133186 2800.2278365
1520359831672135680 6014.8391645
1520359809912082432 23268.2609015
1520358579198382080 3804.7938765
1520358552199520256 9581.0486065
1520357354000236544 6102.738693
1520357296596938753 6316.2089765
1520356058581155841 3880.1363295
1520353518623756288 2059.360382
1520352260122886154 2461.186798
1520351012564963328 5286.5287855
1520351001928163328 5487.4419935
1520349743460675585 2272.8306655
1520348529423749120 3001.1410445
1520348485375062016 3842.465103
1520347226891034624 4457.7618025
1520346025235517440 2297.9448165
1520345969073688579 9141.550964
1520344753904263169 3817.350952
1520344710233006080 2988.583969
1520343452470284288 10937.2127605
1520342282662203392 2611.871704
1520342201011744770 1757.99057
1520340986584567809 4357.3051985
1520338470073425921 218229.4151145
1520330905579139073 17818.4901345
1520330869059186688 4093.606613
1520329611300777985 5964.6108625
1520328353324015616 6341.3231275
1520327144081088512 1883.561325
1520327101123121153 3817.350952
1520325870430437377 3001.1410445
1520324610276925440 13549.0844645
1520324577628278784 2737.442459
1520323362538598401 4244.291519
1520322061066985472 6843.6061475
1520320836758036480 6567.3504865
1520320802935218176 8463.468887
1520319544698425344 3729.4514235
1520318319630376960 3402.9674605
1520318286168137728 53593.598234
1520317027788935168 18107.302871
1520315814016077825 2172.3740615
1520315769627856896 6416.6655805
1520314556416995334 53719.168989
1520314511424507905 7735.158508
1520313253246607361 3955.4787825
1520312048386822145 2611.871704
1520311998910656512 10748.856628
1520308259487465474 3013.69812
1520305729965641729 3566.209442
1520300699141214210 4344.748123
1520299452363329536 2335.616043
1520299411716202496 23569.6307135
1520298153672687618 8764.838699
1520296897474285570 3942.921707
1520295667620585474 3465.752838
1520291888250724352 384510.2088855
1520290642701729792 2737.442459
1520289345961291776 17906.389663
1520284312469393408 18408.672683
1520281830926299137 19827.6222145
1520280560765128704 2837.899063
1520279300867563520 1230.593399
1520278054253338624 2172.3740615
1520278020774264832 2812.784912
1520274245799927810 5236.3004835
1520273024360095745 6554.793411
1520271763086716928 4520.54718
1520270493147971586 4131.2778395
1520270470976659457 11025.112289
1520269212719194113 3654.1089705
1520267978134196224 3779.6797255
1520266813422059520 15972.600036
1520266698586300417 6303.651901
1520265437723840512 5135.8438795
1520264179545903104 3289.953781
1520261682379083778 4369.862274
1520261662988767232 4206.6202925
1520260422003216384 5248.857559
1520260404894597125 4784.2457655
1520259147840765952 3716.894348
1520257904699482112 2523.9721755
1520256629941362690 2624.4287795
1520255390277115905 4369.862274
1520255371830566912 7848.1721875
1520254128299065345 2762.55661
1520254113291796480 19978.3071205
1520252875015868416 2034.246231
1520252855193677824 3993.150009
1520251666024513537 54058.2100275
1520251597099515905 3101.5976485
1520250356743213057 3804.7938765
1520247834007769094 2498.8580245
1520246574978416647 1218.0363235
1520245321242226698 5248.857559
1520245305471496192 1984.017929
1520244080990691328 1908.675476
1520244049416003584 8739.724548
1520242812012437506 14679.2212595
1520241541197045760 2071.9174575
1520240292338839552 9154.1080395
1520239031585546241 2360.730194
1520237772535214082 1845.8900985
1520237756101709828 3566.209442
1520236583286460422 130756.8271815
1520235270737694720 7283.10379
1520234000706641921 4294.519821
1520233980666200065 2511.4151
1520232768952803345 2134.702835
1520231496979787777 5550.227371
1520230283664056322 2863.013214
1520229051331485696 1393.8353805
1520227772714602496 6366.4372785
1520226511487479813 1757.99057
1520226431023804416 5135.8438795
1520225256211947520 3767.12265
1520224417715949573 21460.0420295
1520223990102560769 4671.232086
1520223914328305670 13335.614181
1520222761041420293 4708.9033125
1520221526980796421 7760.272659
1520221397624053760 2875.5702895
1520220236737388544 5449.770767
1520218969571053569 2775.1136855
1520217727897583618 7647.2589795
1520217622981361665 3842.465103
1520216465194037250 6215.7523725
1520215204939931648 12305.93399
1520213986796523520 4382.4193495
1520213849277935620 3302.5108565
1520212687170457600 4118.720764
1520211418951335938 4997.716049
1520211331416272899 3453.1957625
1520210176392974337 3264.83963
1520210073133494278 7270.5467145
1520208917225250816 7057.076431
1520208814871515139 2184.931137
1520207653024243713 4407.5335005
1520207556743815168 7496.5740735
1520206480976326657 3616.437744
1520206305327206403 1657.533966
1520205140862644225 5437.2136915
1520205040023179265 3126.7117995
1520203880226820098 2134.702835
1520203781564207104 2586.757553
1520202628168404992 4847.031143
1520202523352735752 15344.746261
1520201384561418251 4972.601898
1520201265338327043 2310.501892
1520200118909165569 17366.4354165
1520200007118434306 3478.3099135
1520199251967414272 1092.4655685
1520198878376742912 2184.931137
1520198749754118150 3089.040573
1520197589156651008 3892.693405
1520197490330456064 14352.7372965
1520196323496140802 4784.2457655
1520196232026677251 1745.4334945
1520195476770811904 2436.072647
1520195083353661441 10999.998138
1520194973643141121 1092.4655685
1520194218647597056 15118.718902
1520193822730424320 5751.140579
1520193715352084481 2109.588684
1520192457417404416 5713.4693525
1520191426629406720 16173.513244
1520191199402938369 8124.4278485
1520190099841028098 1971.4608535
1520189940541263874 2310.501892
1520188763787481089 1996.5750045
1520187518095872001 22665.5212775
1520186255061004290 2410.958496
1520184996748795907 4043.378311
1520183768790798338 2850.4561385
1520182480862691329 2260.27359
1520181231899578369 5964.6108625
1520179984983339009 10849.313232
1520178735017824256 7094.7476575
1520178615962509312 3905.2504805
1520177451334348800 3038.812271
1520177358161989633 2134.702835
1520176269387866112 21246.571746
1520176106904584193 7383.560394
1520174926233227270 9882.4184185
1520173673503670272 4231.7344435
1520173582613196810 2159.816986
1520172929195155456 5977.167938
1520172426922967040 4658.6750105
1520171163388981249 3415.524536
1520169891470495749 6918.9486005
1520168679165595648 5449.770767
1520168551604097024 2850.4561385
1520167380961435649 10208.9023815
1520167291219894273 27449.767043
1520166123165163520 4005.7070845
1520164875078717440 3465.752838
1520164774893559809 10547.94342
1520163612454756353 2423.5155715
1520163516560207873 8676.9391705
1520162356051025920 3716.894348
1520161146799595523 37457.7562165
1520159845126705157 2611.871704
1520158578329460739 2988.583969
1509291969859792898 336.443409
1509291922636038149 423.669478
1509291880328036356 2591.860336
1509290622552842244 8112.024417
1509289592616361990 3725.799233
1509289372004225025 685.347685
1509288192469606401 14006.014508
1509288105563418626 8822.293836
1509286932668465158 1520.225774
1509286847297593351 9769.319728
1509285681675259904 1071.634562
1509284419051347979 2741.39074
1509284330849329154 2716.469006
1509283947892527104 5881.529224
1509283176933478415 4448.529519
1509281931128717319 41494.68711
1509281815667699712 3189.981952
1509280637311721477 1918.973518
1509279386473799683 1594.990976
1509279297659301888 8037.259215
1509278127838703653 2093.425656
1509278039384940546 1781.903981
1509276878045073409 2791.234208
1509275602767040514 3526.425361
1509275522894897153 1059.173695
1509274453284372481 2105.886523
1509274265601814528 984.408493
1509273088315305987 11949.971453
1509271832226156554 3289.668888
1509270581581131793 3476.581893
1509269304155463690 2305.260395
1509269231325655042 2367.56473
1509268068559634445 2803.695075
1509266814429188110 7214.841993
1509266715049226241 6940.702919
1509265518473224195 4622.981657
1509264266637062147 5358.17281
1509264198471016448 6367.503037
1509263014897278977 4137.007844
1509261757893722116 3189.981952
1509260497782255623 3065.373282
1509259366360403973 4448.529519
1509259168544288770 3601.190563
1509257986996375552 10467.12828
1509257906738405382 11152.475965
1509256727304318977 4610.52079
1509256648199606276 3875.329637
1509255460003749897 13968.631907
1509255390315245570 3451.660159
1509254209400717315 2566.938602
1509254131659198464 2255.416927
1509253275912077313 10990.484694
1509252942284701702 9320.728516
1509251710295937031 3202.442819
1509250454055792644 16086.979297
1509250419297558532 6816.094249
1509249169797660678 4909.581598
1509247907383422977 4124.546977
1509246658453946371 3152.599351
1509246581874122755 4548.216455
1509245392851984387 2654.164671
1509244188306690054 1981.277853
1509242871269969930 6616.720377
1509241613641555971 8112.024417
1509240765150638084 4585.599056
1509240705742344194 4236.69478
1509240384312025091 29332.880918
1509239114226352136 7090.233323
1509237841808744448 3152.599351
1509236607257305093 4660.364258
1509236516274454530 1532.686641
1509235349419143177 5096.494603
1509234063667867654 5408.016278
1509233369371987970 4423.607785
1509232819675058176 1196.243232
1509232740834717702 1657.295311
1509231578584600576 7077.772456
1509230311569338371 2155.729991
1509229192273174543 11115.093364
1509228967294820357 1694.677912
1509227838217543692 4124.546977
1509226542429319178 1295.930168
1509226449705705477 1171.321498
1509225295907373062 17171.074726
1509225191397892096 4535.755588
1509224026413146113 1931.434385
1509223932674682883 5669.694485
1509222765781565452 3015.529814
1509221532547141637 1881.590917
1509221419124633601 7675.894072
1509220249450819589 3825.486169
1509220157851246592 9470.25892
1509219013804625934 3937.633972
1509218899572584450 7364.372397
1509217739835158528 2679.086405
1509216485918584841 7314.528929
1509215214662832137 4012.399174
1509214028937285634 3476.581893
1509213874452586506 1246.0867
1509213597255172096 5893.990091
1509212711464443904 3364.43409
1509211440644825096 2479.712533
1509210186422042631 7763.120141
1509209795848335361 3389.355824
1509209793700904960 3813.025302
1509209788353196037 1358.234503
1509209783965941760 6018.598761
1509209779805204481 7326.989796
1509208922128801792 6379.963904
1509207666605924359 2317.721262
1509206439281184770 10529.432615
1509205148182188032 5146.338071
1509203895456837642 6990.546387
1509203800124542995 11115.093364
1509202628500197376 5183.720672
1509201367600189442 1271.008434
1509200106310012939 8311.398289
1509198968403730432 13931.249306
1509197591724109825 2566.938602
1509196565503741963 2404.947331
1509196337677484041 12174.267059
1509196250305941518 2467.251666
1509195076236414985 1221.164966
1509193836119089154 4959.425066
1509193734000361479 1894.051784
1509192552720838656 5308.329342
1509191318924410882 2330.182129
1509191220374872064 1570.069242
1509190032887894027 2903.382011
1509189860879482884 5370.633677
1509188779915022347 4834.816396
1509188700621742085 6940.702919
1509187627399856129 4697.746859
1509187529366507529 3464.121026
1509187442602958849 1109.017163
1509186273294049281 8249.093954
1509186184026632196 3713.338366
1509185001161740291 2890.921144
1509184926364553220 5059.112002
1509184438797750272 3003.068947
1509183848369774598 99200.962187
1509183675157528580 1545.147508
1509182488761016324 2953.225479
1509181235838562311 2591.860336
1509179981523525642 5308.329342
1509179339652452355 1133.938897
1509178725170040841 1756.982247
1509178634367647744 6791.172515
1509177491117723662 1370.69537
1509176219987759106 1221.164966
1509174949721878535 4024.860041
1509173684287725571 5270.946741
1509172864863383553 4735.12946
1509172422922153989 3700.877499
1509171172654657539 2305.260395
1509169922571710469 3040.451548
1509169826710712320 2517.095134
1509169776106475529 6504.572574
1509168745264070660 2878.460277
1509168568394403849 7488.981067
1509167900845817858 2529.556001
1509167382119464966 2716.469006
1509166127234097152 5320.790209
1509164876849156108 5943.833559
1509163625604395012 2193.112592
1509163535208787976 12921.919079
1509162362846298117 5756.920554
1509162310132195331 3115.21675
1509161139543973893 5021.729401
1509161037186097153 2654.164671
1509159839347392515 17644.587672
1509159590696566789 2865.99941
1509158575502934018 3239.82542
1509158320719994882 5108.95547
1509157342830641160 7675.894072
1509156065371377670 4859.73813
1509155985209716742 2853.538543
1509154799702487051 8274.015688
1509154727472222210 15887.605425
1509153635707629576 12099.501857
1509152940954693641 6392.424771
1509152277583515653 4959.425066
1509151031636205569 4984.3468
1509149779976237058 7700.815806
1509148515619979274 4298.999115
1509148435647066112 7214.841993
1509147256930328576 2741.39074
1509146023117131780 7052.850722
1509144726523547656 5731.99882
1509143706544320524 3476.581893
1509143426390007809 3987.47744
1509143424640987143 7177.459392
1509143402109186050 3189.981952
1509142213153992706 11152.475965
1509142188147593216 4411.146918
1509142144338087939 3239.82542
1509140954787295234 3277.208021
1509140885635846145 6355.04217
1509139698182234112 3825.486169
1509139627881369600 7962.494013
1509139393923137542 9395.493718
1509138506538491912 7638.511471
1509137174054195206 2267.877794
1509135922721439749 3675.955765
1509135852290682885 5619.851017
1509134669081726981 5345.711943
1509133404436111365 8485.850427
1509133335834017793 3065.373282
1509133152144527364 3090.295016
1509132136577654794 2080.964789
1509130913069817857 3638.573164
1509130896934416387 6492.111707
1509129620901306373 3526.425361
1509128366485553158 3165.060218
1509127119535849474 3414.277558
1509127044302471172 4710.207726
1509125849647300612 3040.451548
1509125809398853635 4037.320908
1509125786204356612 5295.868475
1509124591863709703 1744.52138
1509123939963912195 26267.507636
1509123446185279496 9245.963314
1509122072051699719 2890.921144
1509120805778739202 3975.016573
1509119554739490819 2554.477735
1509118965221453826 10255.293541
1509118289850601474 5869.068357
1509117039264346117 1582.530109
1509115790947201035 2990.60808
1509114522602250244 5208.642406
1509113261777735680 2778.773341
1509112007563390984 2604.321203
1509110768830230534 3476.581893
1509109480155488264 4311.459982
1509109428452315137 7439.137599
1509108327254474752 55114.414741
1509107000248086541 5034.190268
1509105756049653760 1794.364848
1509104491353759750 3875.329637
1509104484915494912 9432.876319
1509103222929215495 1582.530109
1509101974217707520 3489.04276
1509100741868273668 3027.990681
1509099476459429902 3040.451548
1509098191739887619 4049.781775
1509096943561195520 2978.147213
1509096879056998400 8336.320023
1509095672347246594 11713.21498
1509095586892460036 3501.503627
1509094423484895232 2105.886523
1509093229865709570 9071.511176
1509093099095695364 3626.112297
1509091897905750016 5370.633677
1509090638805012486 8759.989501
1509090553711022099 2454.790799
1509089388260642818 3513.964494
1509089320459812865 22454.482334
1509088121970905095 3551.347095
1509088076622094338 2629.242937
1509088037145235457 3152.599351
1509086879127379972 31239.393569
1509086131169681415 12710.08434
1509085624472686593 1607.451843
1509085522773233666 1694.677912
1509084353825026050 6978.08552
1509083096473391108 3052.912415
1509081835308990468 3252.286287
1509080575147184133 4523.294721
1509080487784026112 25681.846887
1509079323587887105 5059.112002
1509078130660626436 2068.503922
1509077976410861571 10217.91094
1509076792161804289 3813.025302
1509076712642031624 1582.530109
1509075539272867845 2915.842878
1509074295741460480 1918.973518
1509074195942105089 6180.590032
1509073025299365888 1719.599646
1509071763573030914 2990.60808
1509070531194241027 1370.69537
1509069248823496706 3975.016573
1509067976112226310 1744.52138
1509066722678120448 2928.303745
1509065470732812290 63662.569503
1509064206565494790 2205.573459
1509063032428707843 13744.336301
1509062871736467463 11974.893187
1509061698724012036 2168.190858
1509060433377992708 6417.346505
1509059576305385475 7115.155057
1509059171966234624 6367.503037
1509057915738546177 3339.512356
1509057838240333827 2616.78207
1509056669883457536 1968.816986
1509055420631076867 2791.234208
1509054129292955652 3675.955765
1509052883869831170 2828.616809
1509052805415284738 4647.903391
1509051625733865472 2791.234208
1509050380830875651 2616.78207
1509049105984675846 2616.78207
1509047926798094344 4149.468711
1509047773299036168 5133.877204
1509046590237028355 3090.295016
1509046531571298304 2691.547272
1509045340435066883 3837.947036
1509044072585076739 5906.450958
1509042813136158726 1607.451843
1509042738620100613 4573.138189
1509041551896416262 7837.885343
1509040316686516225 2180.651725
1509039043731988482 5183.720672
1509037803870560258 2741.39074
1509036532207955968 2928.303745
1509035263728750593 53120.676021
1509034002400882691 3937.633972
1509032783376793601 4897.120731
1509031487693365250 9532.563255
1509030230756933632 4137.007844
1509030156257562631 3389.355824
1509028973459746825 6517.033441
1509027708898103299 3651.034031
1509026457561059333 1756.982247
1509026381069533190 6379.963904
1509025235923783687 7887.728811
1509025123927420929 2193.112592
1509023941687398405 10579.276083
1509022680464478208 4697.746859
1509022606086737926 39127.12238
1509021422794022913 6579.337776
1509020160765612039 5993.677027
1509020089437155334 4236.69478
1509018894001913856 9270.885048
1509017685417467904 8498.311294
1509017576403259397 30404.51548
1509016393819246596 1931.434385
1509016314467168257 3663.494898
1509015147188215818 3277.208021
1509013879862484995 25345.403478
1509012609147838466 3065.373282
1509012539744555012 2566.938602
1509011350646833158 3339.512356
1509010433545437188 13993.553641
1509010120344317958 1470.382306
1509008846186024963 1383.156237
1509007592114249728 4996.807667
1509007506542149637 3513.964494
1509006348226281472 2965.686346
1509005075997413379 3576.268829
1509003810890473473 5470.320613
1509002631456432131 2965.686346
1509001281951698953 3003.068947
1509000040093827080 3027.990681
1508998769483862017 2118.34739
1508997508948762629 60198.448477
1508997440082530308 4535.755588
1508996240268222465 3102.755883
1508995049903767552 7501.441934
1508993744472793089 6841.015983
1508992488442376195 1507.764907
1508991227651399684 12722.545207
1508989950158675972 6267.816101
1508988726466252804 1246.0867
1508987519580483586 41295.313238
1508987373920526342 4199.312179
1508987373740347392 4647.903391
1508986193379315712 2953.225479
1508984978448781316 10816.032556
1508983671100948488 4485.91212
1508982412407095300 4411.146918
1508982340680392705 4124.546977
1508981167546159115 3476.581893
1508979913801535498 2043.582188
1508979825595367431 3800.564435
1508978679153664008 2517.095134
1508977398020284418 3389.355824
1508977307645530121 44871.582067
1508976136339996675 24834.507931
1508974902409314312 2292.799528
1508974791008608256 15501.318548
1508973605060816905 9756.858861
1508972533785190404 3376.894957
1508972278993752064 5395.555411
1508972274283470852 1445.460572
1508971084678316036 11750.597581
1508969834549325825 2704.008139
1508969757730652162 3962.555706
1508968584520810499 6541.955175
1508968499363778565 5632.311884
1508967344109989889 3875.329637
1508967241169227784 1582.530109
1508966970548490245 14217.849247
1508966048468553728 11775.519315
1508965983267872768 6517.033441
1508964812792999941 1918.973518
1508964725148856327 1059.173695
1508963534390054914 1906.512651
1508963466425643010 10965.56296
1508962272655421441 3912.712238
1508962208167907330 2965.686346
1508961017249902594 3351.973223
1508959754030354435 3837.947036
1508957430159400972 21270.699969
1508956015487856643 2417.408198
1508955916535623682 1956.356119
1508954765148966912 3177.521085
1508953573798854659 5432.938012
1508952259115327492 1769.443114
1508952141741780995 4598.059923
1508950984311123975 4323.920849
1508949758995570699 2180.651725
1508949626921005056 3264.747154
1508948474716381185 3638.573164
1508947211626942465 4685.285992
1508947108602298371 16959.239987
1508945964886863876 6504.572574
1508944694528589829 2230.495193
1508944592103624704 4386.225184
1508943441711050756 3414.277558
1508943334068391937 6031.059628
1508942223563501568 32759.619343
1508942079359029248 3003.068947
1508940905658605573 5171.259805
1508939649846321153 28261.246356
1508938389726314499 5408.016278
1508937498520698897 20697.500087
1508937140746477578 5657.233618
1508935891254919168 3750.720967
1508934715700559880 4099.625243
1508933360357453828 2218.034326
1508932149038268416 4274.077381
1508930858123767808 33357.740959
1508929587228684291 2342.642996
1508929338187689985 16560.492243
1508928234599161859 3165.060218
1508927098618060802 55301.327746
1508926979428466688 2890.921144
1508926330896715776 5893.990091
1508925810656301066 4672.825125
1508924560040677384 15351.788144
1508923302156423179 3389.355824
1508922041822498829 5769.381421
1508921942811758598 3513.964494
1508921942706896907 4274.077381
1508920782554025988 2953.225479
1508919539672793089 2591.860336
1508919426250334217 5320.790209
1508918255737528327 10118.224004
1508918167787110402 19189.73518
1508917012268990467 2517.095134
1508916909802233859 4336.381716
1508915751037583363 6342.581303
1508915651263414272 6654.102978
1508914475939868689 18990.361308
1508914393194586119 25083.725271
1508913219431288841 3401.816691
1508913135205457931 4249.155647
1508912069462138883 31962.123855
1508911881842577411 5769.381421
1508910709610094592 14678.901326
1508909447237746694 1308.391035
1508909359790579714 2504.634267
1508908203555405829 2143.269124
1508908101650587650 7812.963609
1508906931351699460 2953.225479
1508905672037048322 6317.659569
1508904443072425986 3152.599351
1508904328400150550 1582.530109
1508903158642364419 33345.280092
1508901898279084033 3538.886228
1508901810341220352 19700.630727
1508900648863084562 4049.781775
1508900552238845967 9806.702329
1508899375061291012 1732.060513
1508898127318765574 5520.164081
1508896947922509834 5482.78148
1508896779374415873 2118.34739
1508895607964020741 4137.007844
1508895518734258177 2915.842878
1508894352021594126 4261.616514
1508894193673859073 14878.275198
1508893093839396870 6716.407313
1508891827725873159 5208.642406
1508891743718035460 5482.78148
1508890576632098831 3950.094839
1508889346996383746 2068.503922
1508889227349540871 3763.181834
1508888059860893715 3950.094839
1508886798738546697 1694.677912
1508886710972653574 5146.338071
1508885545317019658 2180.651725
1508884622070804480 6193.050899
1508884278310060036 34304.766851
1508884194147020802 2716.469006
1508883099945369603 4884.659864
1508883017770709010 2317.721262
1508882935985819652 5644.772751
1508882361156517889 7750.659274
1508881807441375243 22915.534413
1508881679112306690 3003.068947
1508880505281855495 13594.805897
1508879233304645632 6317.659569
1508877989521641475 1844.208316
1508876720186826759 6093.363963
1508875483135492108 7065.311589
1508874262244904971 4249.155647
1508872944927318024 6890.859451
1508871691384070150 12635.319138
1508870436876169218 2878.460277
1508869170871554048 9071.511176
1508869094514171904 4622.981657
1508867893571854336 1308.391035
1508867836898267137 4161.929578
1508867031155707904 3925.173105
1508866754784772109 5158.798938
1508866578162536449 2890.921144
1508865391891730432 5831.685756
1508864139057414158 45033.573338
1508862885061136393 8136.946151
1508861610814844931 2791.234208
1508860364699717636 10404.823945
1508859106416857095 3725.799233
1508857841637072896 4797.433795
1508856578182680579 6168.129165
1508855339109830670 3613.65143
1508854061516439558 7090.233323
1508853995040772096 7464.059333
1508852800717041664 25719.229488
1508851585576751106 8037.259215
1508851488247926786 7950.033146
1508850284071686144 3638.573164
1508849041978933254 5682.155352
1508847775890432001 2155.729991
1508846503787433989 3975.016573
1508846445276794884 4710.207726
1508845251976482824 2878.460277
1508845187149139971 4598.059923
1508844020658843649 2068.503922
1508843929822760963 1221.164966
1508842749591793669 5221.103273
1508841484166049796 7202.381126
1508840226885623816 36398.192507
1508838965369004040 2467.251666
1508838445040472064 28597.689765
1508837708860432388 2803.695075
1508837638266052622 2367.56473
1508836520882544642 2616.78207
1508836384869543937 4087.164376
1508836072113029130 27899.881213
1508835180982714374 3289.668888
1508833979797024773 6180.590032
1508832663439872002 7626.050604
1508831418620821508 3987.47744
1508831346231320578 2467.251666
1508831113455681537 16074.51843
1508830138267541507 9183.658979
1508828908552171522 1781.903981
1508828830743498757 6355.04217
1508827623585198083 3140.138484
1508826418133798917 6492.111707
1508826312835678209 7177.459392
1508825161948147715 2679.086405
1508823903166205955 2878.460277
1508822635450404865 2180.651725
1508822539002433542 8822.293836
1508821448948867074 6479.65084
1508821283152310273 1096.556296
1508820118486274051 2330.182129
1508819859135598594 15875.144558
1508818858597093376 6442.268239
1508817600251371536 3464.121026
1508816329163390980 12311.336596
1508815082431598593 4411.146918
1508813829681164294 8398.624358
1508812573398994957 12872.075611
1508811960418189312 48721.98997
1508811303133007875 2292.799528
1508810049644376070 6255.355234
1508809955238838272 21794.056383
1508808792888197124 4984.3468
1508808081928503298 3763.181834
1508807533649084431 2878.460277
1508806411198898191 17382.909465
1508805014592139270 3626.112297
1508803759639572494 3165.060218
1508802488438337540 5270.946741
1508801232613396489 5221.103273
1508801146999037955 13395.432025
1508799988498894848 5246.025007
1508799888787660810 5009.268534
1508798747328851968 4647.903391
1508798638633500694 2292.799528
1508798631935037442 2691.547272
1508797462466768909 1993.73872
1508796199364698115 2130.808257
1508796113662328837 8124.485284
1508795480666517523 24734.820995
1508794946245046272 2828.616809
1508793676675354625 2753.851607
1508792484092129288 69880.542136
1508791227239575553 7464.059333
1508789907061420036 2542.016868
1508788644974317576 3052.912415
1508787394870448130 17482.596401
1508786941231304709 61357.309108
1508786134230437889 3588.729696
1508784871463862279 2230.495193
1508783635788349444 7887.728811
1508782354407604232 3713.338366
1508781088428146692 3538.886228
1508779845815312384 2454.790799
1508779458328776708 10629.119551
1508778582205677576 3227.364553
1508778497531006985 2953.225479
1508777319544115210 3837.947036
1508776178240430087 19650.787259
1508774803146223621 3077.834149
1508773549892423689 5931.372692
1508772267853062151 1931.434385
1508771021729546249 6940.702919
1508770948073369607 3750.720967
1508769762872070156 5146.338071
1508768617562783746 5470.320613
1508768502873743362 1495.30404
1508767234361114631 2841.077676
1508765984743645192 8249.093954
1508765949482217474 16298.814036
1508765914795286528 6143.207431
1508764726167232518 7588.668003
1508763462746390528 2193.112592
1508762638448312323 5096.494603
1508762213519175680 3351.973223
1508761040615583749 26641.333646
1508759691412791297 3165.060218
1508758423709663243 5121.416337
1508758365056471041 14753.666528
1508757177560875010 4336.381716
1508757141489922052 7850.34621
1508755911493488642 2031.121321
1508755886600302602 8348.78089
1508754651931418627 5981.21616
1508753414485913607 5532.624948
1508753405229023234 1109.017163
1508753334127108096 2205.573459
1508752138524143618 17083.848657
1508750895756062724 5208.642406
1508749636529500163 2317.721262
1508748390053691392 3900.251371
1508747105829068804 4847.277263
1508745941486116870 13981.092774
1508744603570257923 3476.581893
1508743332201181187 3227.364553
1508742550282113025 13258.362488
1508742066083405827 3040.451548
1508740804805906435 3102.755883
1508740749172649985 6953.163786
1508739555955986440 3626.112297
1508738302622457864 2155.729991
1508738234540384258 23239.516955
1508737027591876615 1258.547567
1508736779318439936 8897.059038
1508735769170616323 3426.738425
1508734534711398409 4423.607785
1508733257503985672 3875.329637
1508731993437224960 4610.52079
1508730810429546499 3825.486169
1508730694977167363 5046.651135
1508729489718661121 3040.451548
1508728215094837248 2691.547272
1508728166084358145 2542.016868
1508726960205316098 3501.503627
1508725702585208832 6093.363963
1508725649438957568 4186.851312
1508724447267729408 2118.34739
1508723192889851907 947.025892
1508723132843974656 3713.338366
1508721934732824578 971.947626
1508720671899201536 1308.391035
1508719456440262660 3040.451548
1508719357790203905 19401.569919
1508719129632595968 1246.0867
1508718192918773760 4024.860041
1508716928025743361 1993.73872
1508715831324299270 2554.477735
1508714416048590856 8436.006959
1508713178087235596 12485.788734
1508711903027159042 1682.217045
1508710649194553350 2305.260395
1508710549726670851 4024.860041
1508709371584331778 1482.843173
1508708131488116738 1345.773636
1508706877584162819 5719.537953
1508705608685473797 3189.981952
1508705516763156481 7551.285402
1508704350805311493 11625.988911
1508703086415597573 3214.903686
1508703000222736384 30728.498022
1508701833170149377 8622.919964
1508700619107979268 9046.589442
1508699316122230787 2155.729991
1508698049664765952 2604.321203
1508697966952869888 25694.307754
1508696801637019648 7364.372397
1508695548135718912 3401.816691
1508694266788388866 4423.607785
1508694192142397441 1669.756178
1508693014977392643 11426.615039
1508691768736460804 2168.190858
1508690508033441798 3987.47744
1508689243589300224 4585.599056
1508687988456407040 3077.834149
1508686728932044804 6342.581303
1508685636802433026 4697.746859
1508684206297255941 3003.068947
1508682955513868291 1532.686641
1508681702167695364 4336.381716
1508680445445259269 4485.91212
1508679189410553861 12909.458212
1508677927671672836 1881.590917
1508677835572989964 40460.435149
1508676691199209473 2953.225479
1508675443502817290 1756.982247
1508674153745985538 3077.834149
1508672889469509638 3663.494898
1508671632897986569 3750.720967
1508670485181210624 10180.528339
1508670285075132419 3700.877499
1508669114109333509 7750.659274
1508667875028000771 17233.379061
1508667767909613571 2816.155942
1508666599888363520 1869.13005
1508666509639532544 11887.667118
1508665334546501632 1657.295311
1508665251306352643 10516.971748
1508664159759650816 2791.234208
1508664089429655553 5395.555411
1508662830324670464 3202.442819
1508662734652649474 3065.373282
1508661572377452549 18491.926628
1508660317382979587 2529.556001
1508659070181462023 1221.164966
1508658959766351879 26666.25538
1508657959475322885 17295.683396
1508657790843297793 5009.268534
1508656531969036293 3364.43409
1508655372294397960 5619.851017
1508654017571917826 7164.998525
1508652755656847361 2716.469006
1508651504043008003 4996.807667
1508650237723922434 3513.964494
1508648964236759042 8448.467826
1508648893663399940 1931.434385
1508647752670101505 3999.938307
1508646464578281473 5906.450958
1508645208166219780 10417.284812
1508643954627121157 3165.060218
1508642681626443781 6703.946446
1508642602073079812 27625.742139
1508641425893773313 4510.833854
1508641416754442245 1744.52138
1508638923328835586 44871.582067
1508637637954920451 9707.015393
1508637346907963395 14392.301385
1508636395140698118 2841.077676
1508635831019483145 23675.6473
1508635130167971846 3102.755883
1508633867288256513 6591.798643
1508633805946564611 47351.2946
1508632622834065414 5408.016278
1508632481586688010 12199.188793
1508631353948057602 6504.572574
1508630101365248000 9781.780595
1508628831048978436 2205.573459
1508627596019437574 47588.051073
1508626316026912779 3538.886228
1508625146776596489 13345.588557
1508623793962504203 4411.146918
1508622581297029132 7688.354939
1508621282815971338 2903.382011
1508620005918887946 3277.208021
1508618759707275270 2679.086405
1508617533238263814 6978.08552
1508617436433592320 9607.328457
1508616244525686789 9657.171925
1508614996586110976 2940.764612
1508614919788277764 4024.860041
1508613740232589314 4423.607785
1508612485313712132 13657.110232
1508611216427692032 15663.309819
1508610006710726666 44547.599525
1508609892029911042 2753.851607
1508608686981328900 3351.973223
1508607432200704005 3302.129755
1508607369894322186 3389.355824
1508606188669263874 12573.014803
1508606111636668428 11987.354054
1508604907464675339 5844.146623
1508604853290999812 3526.425361
1508603646564524040 1570.069242
1508603595276443653 1819.286582
1508602433731235842 1520.225774
1508602337878851586 2940.764612
1508601145413021698 3052.912415
1508601078459236352 16722.483514
1508599884726865922 6492.111707
1508599820260413441 51126.937301
1508598624212729858 4062.242642
1508598562245910530 17881.344145
1508597364847751175 9657.171925
1508597303736561668 24909.273133
1508594960525938688 20485.665348
1508593572471267331 1582.530109
1508593528607105024 10666.502152
1508592391934119938 4186.851312
1508591248415903753 29420.106987
1508591083239972867 3638.573164
1508590020579545092 1146.399764
1508588596177031179 2953.225479
1508587362850422784 2018.660454
1508587237608353793 1794.364848
1508586090223046671 1993.73872
1508584815892774914 2604.321203
1508583560030138375 3177.521085
1508582303777366017 8348.78089
1508581037965819905 24709.899261
1508579858221256707 6280.256808
1508579694245027841 5121.399897
1508578524831129604 74989.256886
1508577260785262596 4598.045163
1508576021485871113 8797.343862
1508575138001960964 10529.38783
1508573482371756033 12049.607138
1508572335972012040 8872.099568
1508570984000991235 4872.178274
1508569714200612874 3351.958966
1508568468718768129 14990.359242
1508567200923373568 8647.804916
1508565940614713348 3962.538852
1508564710643359754 14143.02389
1508564589243367426 1482.836866
1508563423281524737 9295.767244
1508562142940827660 4996.786414
