1512853293298438148 623190.333416
1511453688597864449 1193244.2617375
1511107364161683457 667221.965802
1510822665111568388 1376680.5612945
1510034200656809984 25771891.7731415
1510009218241163272 548254.3775135
1509272547468070914 1136388.092021
1507857898805686272 2580089.296127
1507138510058188814 357032.5240965
1506689833850191877 380237.799907
1506429768916365312 595767.882598
1505983031999295490 370830.2556595
1505631973439463424 686296.572759
1502825299725066240 6525137.5696815
1502416339889102849 647455.309613
1502415836073529345 700678.2208615
1502410440571179013 504676.902436
1502407406399066115 474918.78546
1502043113526759428 653683.752701
1502039415257845760 664799.79349
1502036702562455580 745769.553634
1502036210809671703 1094886.7646395
1502035876628500498 678986.802746
1501984458790121480 351279.8648555
1500659296677208064 422582.56229
1499800590343282690 1705295.813802
1498080633901383682 426518.592297
1497293634642710528 636490.6545935
1497285578613993473 376539.6618235
1493321059109507073 703489.6708665
1493314376832622595 550525.164056
1493042218788999168 2228247.1412705
1491146608494399498 746418.349789
1489313327289360388 481796.024703
1487920476903002114 922826.0243335
1487494031638597633 1036841.1353055
1484597878416941063 501951.958585
1483685650486284289 1133014.352015
1477178233229557760 642481.205758
1474863629120024585 541290.6321165
1473758925187170317 622757.802646
1472326482278027266 5598137.6234175
1472326357350711296 416375.7457405
1467350697129746440 1134441.703556
1465863435120353283 649639.5900015
1465862939353649153 853188.5703635
1465164757594357768 2985824.7849255
1465164427582451716 329696.5794325
1465164105447186433 312784.6263255
1465159252151001088 322451.689035
1465152746852536325 663567.0807955
1465048147516739585 2476000.7663265
1465039183962017795 1094367.7277155
1462613727761424388 7486091.1813905
1461893192282886144 1415327.185594
1461430895722729474 1216276.52524
1461425114294067201 1381914.1836115
1461416828056457217 591680.4668215
1461067016605896705 17880367.8744915
1461044752011329540 762486.8678945
1461043819768467466 7225577.8986195
1459608411172134917 651045.315004
1459262919091367936 747564.5563295
1459228135942090753 546610.7605875
1459023424697745409 2052012.479034
1458997803967942665 742914.850552
1458885060199804940 3277610.0423675
1458492622478082050 3144887.975593
1456695603627323394 2206361.0843085
1456694331465736201 382400.453757
1456694200330637316 388866.7887685
1456693896872857607 451908.148496
1456480397538172933 1140151.10972
1456400404636319746 1029963.8960625
1455292437765636096 2621179.719277
1454560774848843776 3217250.373414
1451785351526113280 950097.089382
1450494109760774151 489495.072409
1448437109786873860 645617.0538405
1447699982094536711 2272235.5205795
1447600774545084421 479330.599314
1447569656177385472 607143.441849
1446555842346582017 1434034.1413965
1446551897821777921 6871183.81222
1446550549957017600 4731454.09303
1446548418013241347 13390006.4326595
1446544470418149376 511770.407064
1446544376008609795 402988.918409
1446543770053271555 374333.7548965
1446543444269092871 431860.3473065
1446542600266084354 343688.949842
1446541482781917185 471242.273915
1446541340125188098 275089.56972
1446541249003999232 287611.3355115
1446541060826533888 312438.6017095
1446536994461388801 457249.9035055
1446535106407981058 26006907.367021
1446531864219422720 1068004.977284
1446497814087880704 872847.09386
1442047677936508933 626866.844961
1437459314877210629 1175943.0309375
1437264067165515781 1677527.338368
1435780678449184769 6676653.0984125
1432117256926998539 608722.1791595
1428082945068175360 1843164.9967395
1428081580115963912 453876.1634995
1427368826962944007 513046.3728355
1427345834522423303 458785.387739
1427070214655512577 1103796.8985015
1422280060782927879 759567.285197
1421638371294601218 1652591.9394775
1421179340927115265 1924156.383422
1420960184881479683 4097363.98421
1420460774699323394 4051905.000283
1415737530356404226 19150213.335596
1412550429808885764 5042941.1270455
1412464952468774914 777236.1671515
1409338609216507906 1608171.0293985
1409314297575088136 651672.4846205
1409222723570573313 688870.1308405
1406702117402730499 1543291.4138985
1406689991305039874 4262720.497581
1400508786477989890 2805372.9476815
1400502164372570112 608289.6483895
1399102898730983424 1709383.2295785
1399083950115594243 733118.0286115
1398370891201859584 580650.9321865
1398362358968307714 1530856.154261
1398359994576162817 605651.2106925
1398009130141380608 675331.9177395
1398007114425987072 1235221.372966
1397963818852970497 2092302.7202595
1397230655428349954 24959815.2524665
1396982807562526724 640188.792677
1396982539768717318 507791.12398
1396916950308204544 859936.0503755
1395810472423735301 1174212.9078575
1395786891417591810 2516572.1525525
1391493566447464450 772499.95522
1386993908282925059 1502957.919596
1381709473002127361 872501.069244
1380583233918623744 2993523.8326315
1378445183897886720 2383028.277315
1378069624982364165 579807.497185
1378044378938138625 2395787.93503
1376995932558909440 1375080.1974455
1376587782873698312 1037273.6660755
1375923526239068162 1613080.253638
1371660776184803334 1219239.3610145
1371588582146768904 718260.596662
1371541567316627458 1505185.4530615
1371204277344083971 1239633.18682
1371198568518668289 4038647.9321825
1369466858223538177 4488890.837214
1369464974075043840 1358622.401647
1369461180591349768 2030948.230535
1369393045431607309 1597465.892841
1369387897598656513 1523373.37194
1369382169269985283 1503260.691135
1369025895390793731 1210026.4556135
1368734247515607041 7992692.845753
1368731136654864385 3856811.9964745
1368727062647738370 848409.105355
1368723313418117123 601369.1560695
1368722203240407040 565750.24716
1368714167968964613 623817.5030325
1368706254554636290 511035.104755
1368703131652005888 5325772.9975485
1368698305769742336 594924.4475965
1368694937290567682 881432.8296445
1368693257031409664 650115.3738485
1368689686080753664 973497.004039
1368684028094681088 657208.8784765
1368676976064532484 1050638.8668685
1368640032609890305 711967.2739585
1368637269096099840 528876.9990175
1368384537256890369 737032.43208
1368383721737388036 881519.3357985
1368344359561666561 2412505.2492905
1368058700859015177 3781400.256725
1367938242310369281 1557521.6762315
1367935888538234880 5649219.5073545
1367706086325714944 5064502.78593
1367674824269565954 3774393.258251
1367215284482838531 2395506.7900295
1366833859829108738 843240.3626535
1366781238975950850 1812952.722455
1366778215373545477 1098887.674262
1366778066140164100 11368919.9036805
1366776574574358539 1657912.0679485
1366775448273739778 2142000.5057325
1366774698286010375 689713.565842
1366773989062795265 693736.102003
1366772537074491394 1114826.4331365
1366771161304948736 756626.075961
1366768921836023813 1274300.5280355
1366758224821682180 604548.257229
1366556770714411012 717373.9085835
1365820768785887236 1797381.614735
1365820117855047687 1606224.6409335
1365819814904614915 2646071.8650905
1365150996838555648 28511584.9233985
1356027864777285632 3525255.534731
1352010934072475649 936602.129358
1350104868099387400 766768.9225175
1344923105358012416 9177654.143245
1344744957744177152 1055569.7176465
1342556464854884357 7995201.524219
1331677775019687936 3860704.7734045
1330307230760099841 1361109.4535745
1328820935814569984 2136312.726107
1314645647069310976 7001743.2251445
1312856287084974082 1104532.2008105
1296750375114964992 6604442.086361
1294324864761749505 2400416.014269
1290351243009826818 5138206.029138
1290341151266897920 9835230.672876
1285328622845222912 2110382.5064455
1285324782628556800 3436024.43688
1285302468079828992 4076883.6522505
1274785023275806720 816250.4426055
1273856145543720960 591615.587206
1272242118677807109 1635961.131371
1271082535372517376 899209.8442915
1268243264156524544 1738881.8280925
1267166319100583937 4533938.9169095
1267166084257333248 623449.851878
1266521798885007360 3512885.154709
1259603407075237890 860044.183068
1259213655289233408 534110.6213345
1257370212355244035 486575.4897115
1252428854368432128 3670369.608066
1252427998139002892 854205.017673
1252427384579473413 596914.0891385
1236611866241036290 2186594.4281195
1236610147469926401 363736.7510315
1232755639522189312 1919268.785721
1232578298254782464 59225832.793022
1231621528829091840 1053147.5453345
1228110483984531456 416894.7826645
1227701523834167297 444209.10079
1227304309798428673 788438.7140945
1226350264749154304 649250.3123085
1225596024007168001 427297.147683
1225472934736613377 2372993.563451
1221529658761469952 9062644.211502
1219387020939685890 459845.0881255
1219384974631030785 380194.54683
1218996607317753856 488803.023177
1218996210167513088 3183988.757201
1218989063706828800 388910.0418455
1218985427756933120 1076158.1822985
1217952518979903489 551238.8398265
1217576062709719040 374441.887589
1217560280332288000 1337601.406225
1215447132020232192 723710.484364
1213765227122065408 3038247.5142495
1209604961283137536 3924178.663902
1205085744689119233 449615.735415
1205082829123489792 1037727.823384
1203812834980663296 2566724.095334
1199284188353945600 711167.092034
1198887042828001287 1375880.37937
1196495139272679426 1162080.419759
1190803743945551872 2134452.843796
1190009772113661952 1724565.0596055
1190009418416443393 2484759.514419
1187603890985766912 720942.287436
1186737090052050944 3956294.0735745
1184921402476056576 384736.119915
1184424896094277632 805653.4387405
1184423460677636097 3502785.5612295
1183848601161592832 1136734.116637
1181640796287537152 2552947.9903095
1176190867364696065 422582.56229
1176190436848762880 397171.3795525
1176189899562602496 433763.4826945
1176188519208734720 1008315.731024
1175532788373544960 1968166.3892695
1175532148465397760 712075.406651
1173378662709809153 531364.050945
1173023630663380992 859698.158452
1172690241351606273 1181176.6532545
1172207896186081280 497258.9997305
1171603029302206464 5412603.549626
1171596867207139328 480584.938547
1171595200659165184 348965.825236
1170829818096603136 3026136.6526895
1170014296572682240 389407.452231
1166078681585860608 3313877.747432
1163504805475545088 783248.3448545
1162607879670525952 731712.303609
1162325780136779777 1693033.5664725
1160356878351654912 820878.5218445
1159274537076310017 484023.5581685
1156632110154883072 622411.77803
1155895618004344833 2472886.5447825
1154085967315124225 3104662.613983
1153378409914884096 1275252.0957295
1153377379840155660 1169736.214388
1153023099572330496 430606.0080735
1153022727965425664 458634.0019695
1153020886569500672 1297462.550769
1152300323492380672 769407.3602145
1152298963938054144 354091.3148605
1152297851197644800 550719.8029025
1152297690832629760 4759936.2442345
1151206959485345792 3288726.0831565
1151206429052641280 909568.956233
1151204062521511936 6355412.4955335
1149916925117394944 584284.1906545
1148260203210711040 457790.566968
1147583807249252352 2722218.907149
1147212610187608065 1425880.936382
1146861119556018176 889845.553121
1146507371700604928 4707621.647603
1146502364473548807 542436.838657
1144075977535844352 1916154.564177
1143271013955715072 830156.306861
1137433930397757440 1636263.90291
1137053056770510848 1297354.4180765
1133443587268534272 544037.202506
1133431554594619392 528920.2520945
1132765900556443648 716379.0878125
1129470712849129473 523665.003239
1129446893308612609 726305.668984
1129165068074082304 1805599.699365
1129164082618089472 868370.4003905
1128014072878751744 1239849.452205
1127677838457561089 1295040.378457
1125966030029746177 688026.695839
1125824475432271874 1750927.810037
1125823009162313728 3561177.2151795
1125482247241572353 485104.8850935
1125162147057520640 1542599.3646665
1123996595555569666 333740.742132
1123996072613904385 474918.78546
1123995184621137926 645876.5723025
1123994613440761864 1083316.566542
1123864797538344960 568929.3483195
1121205556528574465 450480.796955
1121200509019283456 573168.1498655
1120772149575159808 477730.235465
1120172445309100032 2698299.955568
1120169976239808512 2282854.150983
1120158320461959168 479611.7443145
1120151445674741762 1000551.8037025
1119744891888832512 433028.1803855
1119708540216565760 410168.929191
1116837185829752832 1985878.524301
1116771388516225024 2425567.6785445
1114719277884399616 1952335.7630875
1114579231227371520 912358.7796995
1114239074447941633 1790115.097799
1112564999677853696 2237611.432441
1112403987721011201 718866.13974
1112050117895323648 787097.8687075
1111022647247134721 2936710.915992
1110003063857668096 1350642.2089405
1109999615707734017 2352059.074183
1109496340705271808 8444254.969633
1108331010679144450 855437.7303675
1108328020631183365 343061.7802255
1108327746147475456 585473.650272
1108325271801720832 300890.0301505
1108319021265371136 1012943.810263
1106639708203827200 709826.246647
1104926836834746368 601196.1437615
1104529283316436997 595421.857982
1104522150399131648 367110.4910375
1104090562188107778 908401.123154
1103424615295172608 842375.3011135
1102777269817233409 858616.831527
1102772648189157376 769926.3971385
1102772432891371520 410212.182268
1102772340574711811 259950.99277
1102772025137848325 245936.995822
1102771664561926144 251949.173525
1102770692108345344 351971.9140875
1102034241901203457 574682.0075605
1101929428236431365 588977.149509
1101712186584399872 1120579.0923775
1101706561804591104 402599.640716
1101699500748419072 366245.4294975
1101698914149793793 309021.6086265
1101698167341367296 315660.955946
1101696054125187077 2362764.2107405
1101690530176458753 1029985.522601
1101679575451414529 653575.6200085
1101672596796391424 972891.460961
1101522713443627009 1913494.4999415
1100858446113456128 6055603.792308
1100856407849463808 3676446.6653845
1100854244574322688 3590827.199463
1100226707846381569 2066567.1394445
1098671282911010816 3173305.247182
1098336644569096193 448123.5042585
1098215658750234629 1123282.40969
1098214417425035265 428097.3296075
1098213841651916801 858638.4580655
1098212794124558336 1771624.4073815
1098211968572284928 663069.67041
1098208592858152960 3657177.419581
1096508027123847168 1721753.6096005
1096485931140374528 3244586.318078
1096482498488328192 2380195.2007715
1095861148199473153 17640378.176757
1092223555859767296 792417.9971785
1088543156767866880 1474432.5153145
1084188311692800000 1092356.459635
1082748684909985792 6772696.555891
1082021136945229824 930806.21704
1081260885295808513 2251841.694774
1079912430074056705 1302523.160778
1077637146503073792 7291971.3718145
1071097308547186688 707122.9293345
1070045211315851264 729765.915144
1068194034689093632 1603997.107468
1067153251340939270 751781.731337
1065769384789057537 693952.367388
1065765349038075904 2438089.444336
1064290098429095937 2359368.844196
1064289334524764161 498816.1105025
1064286984741384192 516593.1251495
1064286305234735105 633441.312665
1064283330630234112 977303.274815
1064280029918416896 384044.070683
1064261394688806912 513954.6874525
1063913944455163904 679873.4908245
1063320465890897920 643800.4246065
1062801216030167040 489754.590871
1062117137630687232 3891738.856152
1061568251639918593 581321.35488
1061561721851121664 568388.684857
1061447450098089985 494144.7781865
1060782056664252416 849360.673049
1060624994663915520 834200.4695605
1058495498745565184 2580500.2003585
1058190418767044609 649682.8430785
1058188923304796160 2235146.007052
1058101794570678274 494015.0189555
1057881333127696386 599574.153374
1057671027885404161 532769.7759475
1057664451032141824 1732610.1319275
1056663494295216129 498297.0735785
1056469228369305602 950313.354767
1056383712999432192 559348.791764
1056085881252016129 827128.591471
1055634691762483205 726803.0793695
1055594887637336064 482271.80855
1055565568286380032 560754.5167665
1055197859405094915 646482.1153805
1053850075808579586 535667.7321065
1053743869077188608 1567621.269711
1052265394440790017 736837.7932335
1051244744402194434 1233037.0925775
1050964805320929280 617913.458022
1050054989551464454 565555.6083135
1049454903335227392 16627715.5114945
1049385593984172032 3841024.6233695
1048360574424375296 425069.6142175
1048343745962369024 534218.754027
1048308802687307776 617091.649559
1047167547190235136 566745.067931
1043956445853573120 596308.5460605
1043702539143794689 630608.2361215
1043622500524072961 573406.041789
1043282825192136704 1136604.357406
1043194045323980802 865083.1665385
1042824071434657792 504720.155513
1042814301617061888 717633.4270455
1041394739189149696 632597.8776635
1041103749085769728 1141275.689722
1040630039568678912 993934.0829215
1040270468375347200 2017301.8847415
1039667611288649728 760237.7078905
1038930652148756481 1334681.8235275
1038249669543911426 1094497.4869465
1038148701477384195 915689.2666285
1035683787525574663 917830.29394
1035306448014598144 568842.8421655
1035306030970822656 395224.9910875
1035305296342605824 1035759.8083805
1035303619145256960 739605.9901615
1035302732419092480 364731.5718025
1035301488594059264 349830.886776
1035300223973650432 508072.2689805
1035298738724433920 328182.7217375
1035297834801618946 2070503.1694515
1035296568738377729 288627.782821
1035296262063419393 338866.2317565
1035295242621083649 444901.150022
1035294934201327616 288195.252051
1035291238411329536 489668.084717
1035290515778940929 327901.576737
1035290253945262080 5472552.314348
1034919088911339520 9413145.5209715
1031460852895899654 1548114.131984
1030167352032325632 1112707.0323635
1029488007357837312 1016274.297192
1029308716640694273 673536.915044
1028695332564029440 684804.3416025
1025591450992627713 901307.618526
1024369194593218560 1614940.135949
1024368944990154752 1520021.2584725
1024343059255840768 819407.9172265
1023763278911041536 525308.620165
1023762394135162880 1301528.340007
1023760072738885632 521588.855543
1023757399511982080 713956.9155005
1022651650463346689 4249290.4171725
1021993450173067264 1954260.525014
1021880998273806336 17894814.4022095
1019458133834551296 920706.6235605
1019043537755594752 1253366.0387675
1018460005664788481 1420106.6506025
1018097091560820737 591161.4298975
1017836948113756162 608505.9137745
1017836551865274368 1196877.5202055
1017836484336988162 900074.9058315
1017803799283544065 747002.2663285
1017606646485389312 905654.5527645
1016342888442220544 614172.0668615
1016341919901847552 364601.8125715
1016340794196873216 349398.356006
1016340415258259457 395246.617626
1016339786221654017 416938.0357415
1016338842633293825 412807.366888
1016338373471035393 367802.5402695
1016334298121670656 1460699.663367
1016328442290286592 677083.667358
1015676242413150213 819429.543765
1013849157394628609 1309768.0511755
1013842338517417984 700288.9431685
1013136481848872960 602947.89338
1012664282641784832 2464733.339768
1011967250415476736 711037.332803
1011283932569112576 589669.198741
1011282520527302656 405735.4887985
1011281638016331776 687875.3100695
1011275254306627584 2522605.956794
1010563367491260417 513651.9159135
1010561970632904708 483115.2435515
1010561278040068103 421609.3680575
1010560354458525696 417781.470743
1010558902147182600 738092.1324665
1010084030526771201 800354.936808
1010080605634269184 578142.2537205
1009896941109510144 1076179.808837
1008399522702258178 756063.78596
1007759080478437389 667892.3884955
1007134027868827648 1037749.4499225
1006278808729600000 904140.6950695
1005706564534063104 464602.9265955
1005706394689925121 470961.1289145
1005705468403113984 344229.6133045
1005705024146530304 375652.973745
1005703832561565696 735583.4540005
1005702588346482688 386076.965302
1005700449817657345 680219.5154405
1005601310773612545 526735.971706
1005600552577744896 361811.989105
1005571251539095552 516766.1374575
1005570816946270208 457466.1688905
1005569682613497856 578920.8091065
1005564457127309312 1933845.07267
1005563877239558144 376604.541439
1004171011787378688 881497.70926
1002985959808368640 738913.9409295
1002985905798279168 407638.6241865
1002985540344430592 786535.5787065
1002984599448764416 4355757.866208
1002982807059066880 2906541.8947845
1002301309347946496 623536.358032
1001902136463011840 388996.5479995
1001901941381709825 602385.603379
1001886107246649344 1702354.604566
1001668515349389314 936450.7435885
1001649011391070209 482120.4227805
1001648697892069377 542393.58558
1000227695576272898 800246.8041155
998398906026389504 629959.4399665
998396351590248450 739973.641316
998395624172158976 1230852.812189
997678929010921472 837985.113798
997678650492379137 681495.481212
997676368258326528 767071.6940565
997675959775125507 450761.9419555
997675789041782784 283761.8116585
997675758247084032 317801.9832575
997675714563465216 309519.019012
997675689682853888 381794.910679
997675089238937601 481947.4104725
996044804168601600 917354.510093
996019978141773830 1182236.353641
996018555769389058 1206587.835992
995510788382224384 883963.134649
995124206881783808 1006542.354867
993350329520472064 1584554.8493565
993347394023473153 594989.327212
993344203621974017 448512.7819515
993343716688515072 495463.997035
993343121671970816 374528.393743
993341131076194306 492609.293953
993340722207064064 620551.895719
993340007690616833 456449.721581
993339684863422465 353464.145244
993339440029315072 511186.4905245
993338282820829184 520680.540926
993338180655972353 4622045.4347585
993337986925215744 515057.640916
993337810039070721 523708.256316
993337441770659841 495074.719342
993334955349499904 723494.218979
993334040131391489 1008834.767948
993333052548956161 466311.423137
993332730459910144 384930.7587615
993332449282150400 2286465.7829125
993332080661614592 704852.142792
993331145143013377 1383882.198615
993330755014029312 326906.755966
993329991336132610 340574.728298
993328902343872514 443235.9065575
993328680486125568 448426.2757975
993327685760835585 411899.052271
993327408223698951 1314093.3588755
993013474287501312 1913472.873403
993011621713788928 1585528.043589
992942145370755072 1497118.754201
991340270796136454 1351528.897019
990804807303639040 4001601.671732
988319530698059776 1264417.199941
987489982142009344 4117195.5200145
986915424653606913 2319316.494894
986260308619550720 2982191.5264575
986260066666856448 2882060.6532025
985817300753362944 1360157.8858805
984729932738707456 16541122.8513405
984412616201252864 2262265.686331
983569344633323520 4320722.873838
979340976207663104 1253820.196076
978111718751694848 810303.144518
977801089348141057 1150293.9562765
977400702657073152 683052.591984
977391485468495872 673818.0600445
977078494692745218 1887607.533357
977076329265819648 621460.210336
976712710866923521 952129.984001
975557607917318144 1046789.3430155
974323764249886720 712313.2985745
973474304267468800 896203.75544
971726805345472514 819926.9541505
971206840649359360 1390781.0643965
970543513619202048 1031412.874142
969707857221337088 3054380.9119705
968882460707536896 2033759.68054
968429030063202305 885671.6311905
968079577955278848 2264579.7259505
968077112706965504 790168.8371745
968076098507386881 421090.3311335
968075012748931073 1656376.583715
966035189821448193 975032.4882725
966033433204936704 503054.9120485
966030137182502912 648579.889615
966027907171676160 785086.600627
966025234276007936 497432.0120385
966025011596214272 418062.6157435
966020716905693184 451843.2688805
966017737343430656 1924848.432654
966016845110157312 2738892.9683325
966001748799315970 499270.267811
964309018436018176 1337796.0450715
964215720337788928 2031943.051306
963894091762339841 1439635.414868
963215521654087680 1154035.347437
963189433771048960 2222018.6981825
961738959603744769 1283124.1557435
961735131118551040 634738.904975
960767529227640832 2716401.3682925
960617926616285185 943284.7297545
960615908698935296 903167.500837
960610896094617601 1006261.2098665
960610485371658240 1444890.6637235
960610119502491649 2166330.361545
960609828463837195 3618617.3014355
960602916515188736 548319.257129
960601907151720448 1804020.9620545
960601375234248704 1312298.35618
960578076047544321 1200208.0071345
959989242846990336 956974.328625
959983425594773504 1169022.5386175
959979266896261121 828599.196089
959561379161231360 5718921.84094
959255570862825473 2933488.5617555
959238803385921538 1654646.460635
959235499763404801 1084160.0015435
959232831661715456 1030439.6799095
959231989621706758 1051114.6507155
959231314909155328 614755.983401
959229685694717952 10405565.746198
959226930330525697 1681852.646068
958475921933008896 1767580.244682
957815861556973568 4955180.6338125
956335405288243200 8071802.723586
956306846649741312 1864423.884085
953378956518068224 1400123.7290285
952974881183838208 1821797.9767015
952972906715275264 2975746.8179845
952602600511172608 775484.417533
952595061383901185 819948.580689
952593740484419584 974448.571733
952586885603328000 5517795.03289
951847300283838464 704333.105868
951846323497480192 705738.8308705
951844746565054464 1138074.962024
951843091299713024 12630244.508616
951198629452115968 1838472.037885
950933622076264448 1738968.3342465
950919833826213889 2439062.6385685
950918319393001472 1650472.5387045
950504752114102272 3077218.5366265
949721962732912640 2460083.6339905
949714092004016128 879226.9227175
949713157894754304 2272711.3044265
949706370198089728 866142.866925
949703999317458944 1508840.338068
949379965623160832 974483.423124
949117962497155074 3583020.498682
949063013893595136 1143831.076564
949052702251724800 708970.495052
948801557465673728 4025549.245624
948778100619337728 7546425.203624
948777274605674496 1034878.32606
948775707710124033 2581709.296786
948761949340295169 3037414.327988
948750842378649601 3570989.03912
948648891485843456 5326091.703018
946791819991506944 1349467.512884
946491052298461184 1455893.008866
945426803061014529 5926001.445236
940331612180504576 863997.039534
938118736854355968 889809.596404
937195358442131456 1790873.035594
936412035167944704 793903.527364
936309597450752000 1928619.207276
936308716571414529 645897.134332
936308536367251456 616542.101038
936302857380392961 618637.34624
