1520171389365284864 107624.6107125
1520135224339800064 92343.8551735
1519853648611749889 1158506.2149885
1519853647399510016 871972.6568105
1519853645784776704 3508290.823723
1519765934507888640 191901.468038
1519749538461798401 265512.823401
1519730491531821056 348005.6331255
1519432210473922561 73960.4081545
1519408024036646912 104172.866441
1519386055580938240 81019.0312715
1519354716924235777 151566.478798
1519035230375448576 115885.526778
1518697895607775233 98083.8344115
1518667505937440768 72409.0624145
1518639793323724803 106189.615903
1517607195390619648 80592.411193
1517584909375733760 165489.8068145
1517560025538990080 236541.4417065
1517270790646812672 76015.94126
1517256391349587968 91956.0187385
1517213230795436032 430576.010137
1517198715294937088 58640.868972
1516914847983620096 53288.726169
1516880646764843008 62131.396887
1516860229014618112 166808.4506935
1516838332491128839 90016.8365635
1516587855077801992 156104.1650875
1516571851786387461 148114.7345265
1516550573394329603 103746.2463625
1516538611864244226 185269.4649995
1516508060600070152 60424.916573
1516469246963838978 321593.971902
1516194624104136704 102582.7370575
1516182575915565057 61084.2385125
1516160449179398145 132989.1135615
1516151654726324224 137332.8816335
1516126600391135234 105336.375746
1516111697487929347 81406.8677065
1515792206459596800 142491.106219
1515745898751414281 1364292.2273995
1515109096151678976 123487.120904
1515080934332112896 65311.655654
1515048470360461314 117475.6561615
1515032669809115137 114217.8301075
1514726930959925261 160176.447655
1514685930463903777 72680.547919
1514667713582415876 1995689.9435795
1514371384222179329 104521.9192325
1514330772227833856 166730.8834065
1514306315891318784 151372.5605805
1514034100478246912 59765.5946335
1514018508086013952 65854.626663
1513985968939831296 110494.6003315
1513946816097644544 102893.0062055
1513704844611051520 105375.1593895
1513655694490099715 84742.2610475
1513628011182010369 72680.547919
1513618069133807616 77799.988861
1513584188351410179 93584.9317655
1513551931599319043 653038.989253
1513219030160531458 248525.587548
1512566446966013956 795917.931907
1512543922106470405 358632.3514445
1512517727356809216 85362.7993435
1512496948489515010 62441.666035
1512476196230991880 562828.234472
1512192439217401872 186200.2724435
1512176729707610126 69965.692874
1512118383424069636 119027.0019015
1511842213151457283 134889.512093
1511799466151473152 82647.9442985
1511780158906114048 147377.8453
1511756254565134336 94981.1429315
1511494142408347650 271640.639074
1511448351383777282 102156.116979
1511403777915441159 107391.9088515
1511378474614763525 126861.2978885
1511111787030073345 135742.75225
1511062471200546819 127171.5670365
1511036295249768451 88543.0581105
1510381020033343489 134811.944806
1510327443671855110 84044.1554645
1509999581320294401 132640.06077
1509971279113187333 253102.057481
1509934764731424776 112744.0516545
1509658574183493634 210323.6987005
1509617496185212929 233593.8848005
1509591902139473923 352465.752128
1509300186786385923 169213.0365905
1509278555355553793 148386.220031
1509247813460238337 117824.708953
1509221202069372930 131592.9023955
1509198421097287682 531801.319672
1508942979855052803 161533.8751775
1508886345921413125 96105.868593
1508855835929194498 159090.505637
1508575177172389892 509888.5610945
1508509334287777792 128839.263707
1508477534379249666 502907.5052645
1508476233146765312 153738.362834
1507752266157101060 530443.8921495
1507498966211960832 111774.460567
1507458964941795330 73766.489937
1507396950047412227 96493.705028
1507147243459166210 68297.9962035
1507092075690410013 104987.3229545
1507080221480013833 79234.9836705
1507055787780104208 121974.5588075
1507030500568813573 108400.2835825
1506768444674351108 85517.9339175
1506735670114480129 132058.3061175
1506721783344291841 84470.775543
1506703707861225475 84160.506395
1506687606058151939 54762.504622
1506396383758090242 82260.1078635
1506343377498894338 68220.4289165
1506313835170263043 340559.1735735
1506008078990204935 115264.988482
1505975487209738243 116273.363213
1505243167985078273 398385.586032
1504925616902217732 62480.4496785
1504902963361292290 81755.920498
1504854401504059393 253761.3794205
1504538050751197216 322757.481207
1504488853394010113 185618.517791
1504198580109684738 234951.312323
1504137956780494848 752829.3039785
1503776954876456961 158780.236489
1503469141943980032 142878.942654
1503446022420254722 121703.073303
1503429441497620482 153815.930121
1502815006517202944 433562.3506865
1502389317993308163 73068.384354
1502349459442733056 75279.0520335
1502048322059583488 63993.011775
1502020896025841668 78381.7435135
1501996282323210242 104987.3229545
1501705690082988033 80747.545767
1501652779294552065 118251.3290315
1501633199499186181 170454.1131825
1501367726991835136 143189.211802
1501341993556926475 66242.463098
1501308891501457410 80398.4929755
1501285719913877505 66940.568681
1501251575339048960 89590.216485
1500979089116569600 155638.7613655
1500925994059792387 135510.050389
1500889695726682115 168670.0655815
1499878131997437953 156220.516018
1499831335216574466 453225.657941
1499552925445545984 314225.079637
1499488003193860104 78808.363592
1499468052005470212 102000.982405
1499177320757686274 172509.646288
1499134405654110211 202528.186357
1499113672634867714 336603.2419365
1499099715299733504 246237.3525815
1499070192680243200 227155.7999795
1498782919719940101 159323.207498
1498754303929896961 111696.89328
1498725139558526976 597268.1099
1498444853083979777 107740.961643
1498416547265531905 55266.6919875
1498416545784942597 58524.5180415
1498416544300212226 33625.4189145
1498416542349856775 28156.925181
1498416540793782272 20865.600203
1498416539359342592 41265.796684
1498416537576767489 43204.978859
1498416535878062082 47587.5305745
1498416160139669507 473431.9362045
1498396971928723456 100100.5838735
1498372696530243584 134773.1611625
1497321959083831296 482584.8760705
1497297906209988609 1529432.9814225
1496658690316783616 120811.0495025
1496622468886269952 99363.694647
1496581641090715648 162464.6826215
1496550891301732352 161456.3078905
1496310335556386816 183097.5809635
1496269385811464193 95911.9503755
1496238904503980033 81057.814915
1496209716686442497 107973.663504
1496186400638701573 341528.764661
1495873464233775107 159012.93835
1495828164555284499 159129.2892805
1495805517775659011 133609.6518575
1495443135626977280 384927.6617375
1494839150343704584 343041.3267575
1494805173771943939 62480.4496785
1494769289680678912 92848.042539
1494751444536213505 106228.3995465
1494744697905975298 207104.65629
1494451883573800978 141327.596914
1494434779114004480 113287.0226635
1494411512521248768 109912.845679
1494390941255274496 367668.94038
1494374851951284231 283430.866698
1494092280738639876 43631.5989375
1494074414551293952 111464.191419
1494038473145155585 100527.203952
1494016709568577537 166769.66705
1493782897836187652 207221.0072205
1493740707005100035 113054.3208025
1493717964377387012 96997.8923935
1493656779493838849 131980.7388305
1493384072604700673 139659.9002435
1493338715606839296 196477.937971
1493312610791354369 110688.518549
1493291947183640576 163356.706422
1493264755607281668 952565.0680035
1493005872879915008 3810376.6229445
1492309300487733250 102815.4389185
1492261472805683205 101923.415118
1492236326342512643 114450.5319685
1492201921104396292 489798.6337615
1491906468089458688 112084.729715
1491872763270742029 285951.8035255
1491851155307057163 148774.056466
1491811560745943045 266249.7126275
1491563257194156034 195585.9141705
1491539631707287552 61045.454869
1491518934595473412 238480.6238815
1491503448386244608 124805.764783
1491480192421752832 266017.0107665
1491261968061132804 143499.48095
1491163556099682305 99557.6128645
1491116679606145026 107896.096217
1490829664977260545 94515.7392095
1490807575729737729 133570.868214
1490442972625735680 254149.2158555
1490022899910021125 143964.884672
1489760401470287873 76636.479556
1489711319108313089 133454.5172835
1489685520766554116 85634.284848
1489379098019319808 109525.009244
1489321370836107265 225410.536022
1489299833764528129 578458.0428025
1489280095684419593 91568.1823035
1489023205855481856 74929.999242
1488998003754946563 124495.495635
1488972174379544580 56158.715788
1488955723606212611 426930.347648
1488939893149487113 146602.17243
1488640551779848192 258221.498423
1488599106440232961 227543.6364145
1488582824156286976 1294753.154604
1488304204141588480 181235.9660755
1488272901446930433 78924.7145225
1488229492275351553 124999.6830005
1488196334540648450 1695465.759246
1487576010170122243 246625.1890165
1487496127066689536 332841.228517
1487182162583457793 210750.318779
1487138070734327809 172897.482723
1486855934647230465 120074.160276
1486842332947177473 61821.127739
1486808276381560835 72060.009623
1486770850955030531 103474.760858
1486514162255626244 2139771.179182
1486488074989146114 105491.51032
1486449325005627393 222889.5991945
1486434743121969152 58524.5180415
1486419553890406403 149704.86391
1486401750344998914 340481.6062865
1486086059637153795 59843.1619205
1486073814823800832 141250.029627
1486053702142095363 102815.4389185
1486042106292432899 111696.89328
1485777857565523968 163589.408283
1485746020638085120 39326.614509
1485725270745042945 101807.0641875
1485708306328875008 343080.110401
1485697660132610048 31298.4003045
1485686470874570754 120849.833146
1485676381501411331 552162.7325095
1484679778045030400 148231.085457
1484636536821874688 82298.891507
1484605522040950784 101962.1987615
1484265895107055616 89706.5674155
1484246621646819328 136208.155972
1484225663112335362 100410.8530215
1483958854035468289 114954.719334
1483915362118737926 66707.86682
1483913592667664385 58602.0853285
1483897301286342656 58602.0853285
1483884093913780226 249883.0150705
1483870049446219784 115652.824917
1483858845889748996 180266.374988
1483631364368834560 86681.4432225
1483610288368672768 235804.55248
1483604189540347906 155522.410435
1483544257029832705 82880.6461595
1483499525972975625 373757.9724095
1483211509924724739 142568.673506
1483184821434142720 188837.5602015
1483157515730755586 361541.124707
1483128071372763137 911609.5404675
1482449185349640194 169019.118373
1482158460368142337 93158.311687
1482113072781090816 136557.2087635
1482065652932243459 105762.9958245
1481760814914686976 139621.1166
1481717575587274753 123176.851756
1481704955996106752 444460.55451
1481401250373455872 125154.8175745
1481385293936619520 430847.4956415
1481357713137229826 92886.8261825
1481328947447033857 128257.5090545
1481016739546599425 60502.48386
1481004120051892226 122323.611599
1480958150140260352 377791.4713335
1480692497370140673 105724.212181
1480627554495041537 1121739.3209505
1480617542678835201 92925.609826
1479602355620352000 127792.1053325
1479576856013598721 104211.6500845
1479545246891397122 140939.760479
1479194336373870592 162736.168126
1479161379672104960 307786.994816
1478891600939945984 117941.0598835
1478873897516744706 204157.099384
1478838385036779523 220407.4460105
1478823589956636675 188139.4546185
1478779478541172737 551619.7615005
1478505331315539970 127830.888976
1478486124234305537 96144.6522365
1478457015546437634 156918.621601
1478445166293762050 199231.5766595
1478417014133641216 156569.5688095
1478170158690623490 188410.940123
1478136163043094535 145671.364986
1478087812268404740 213038.5537455
1478056034405163013 613014.269161
1477729958952898564 241273.0462135
1477002023300210688 3797888.2897375
1476983286488612868 87651.03431
1476674460040286214 246974.241808
1476614062511247362 491815.3832235
1476583863426203651 243134.6611015
1476310361594900480 124766.9811395
1475985369514577922 98238.9689855
1475915617446342662 143848.5337415
1475895030996996097 191203.362455
1475863396310556681 628837.995709
1475737126746660871 151023.507789
1475673141213081606 190931.8769505
1475512101783416834 215714.625147
1475134699265839108 198261.985572
1474789299543494661 1081094.0625625
1474592320226045955 1225912.1873915
1474264555018768384 280599.6607225
1474181759013113858 355452.0926775
1474156067538059271 201985.215348
1474108805059424256 52280.351438
1473772803761528839 261324.189903
1473752247351844874 196516.7216145
1473689100238692358 148308.652744
1473409903486246912 107702.1779995
1473348587090325505 243367.3629625
1473329028560039938 225255.401448
1473043027501404165 91374.264086
1473005280241889283 219050.018488
1472982631650193411 132601.2771265
1472961715813982212 121547.938729
1472667852817719301 213038.5537455
1472628176715194369 53754.129891
1472329983767060485 66281.2467415
1472309380867579905 151178.642363
1472273792047239171 266676.332706
1472236536473264135 510858.152182
1471973789005135889 114644.450186
1471948317705719809 100216.934804
1471903224839868421 84819.8283345
1471862546785210377 245578.030642
1471638464684716034 179219.2166135
1471594330418671616 243832.7666845
1471547607419744256 139582.3329565
1471285233966366726 169096.68566
1471271839926296579 124728.197496
1471214045764149255 131243.849604
1471178405848567809 84858.611978
1470955796502437889 251589.4953845
1470902382942773253 142568.673506
1470860033739030531 245500.463355
1470842757186949126 170570.464113
1470545122127319044 79622.8201055
1470529295416115201 72796.8988495
1470493865220227081 166265.4796845
1470457257661853696 1297080.173214
1470438675917860866 87185.630588
1469783180337057798 79002.2818095
1469727605632823296 102466.386127
1469430912660041732 391016.693767
1469390274023485441 121509.1550855
1469079603738124288 107702.1779995
1469033382436687873 147882.0326655
1469010290343772161 150790.805928
1468741904908963844 275480.2197805
1468723916235366400 81755.920498
1468690230802747394 417544.705921
1468649587485265922 99596.396508
1468635049989869568 839743.449062
1468408242615185413 379381.600717
1468392298534690820 131903.1715435
1468354905735774210 132174.657048
1468315276584185858 92460.206104
1468276137084153856 97191.810611
1467990474552082438 304374.034188
1467956592133881859 262991.8865735
1467909211514277891 129808.8547945
1467644775532666882 1495574.860647
1467224271063687171 164985.619449
1466958350147473414 156414.4342355
1466931896948981764 90870.0767205
1466906971928346626 92576.5570345
1466880587214442499 168321.01279
1466861490955161600 136014.2377545
1466824891005485060 95834.3830885
1466815872777875456 167002.368911
1466562492352503809 93933.984557
1466512684170432514 311587.791879
1466497452639354883 110339.4657575
1466466416345890817 100139.367517
1466145197767548928 138224.905434
1466131187554914305 122284.8279555
1466114258194759680 99130.992786
1466103819587047425 291730.566407
1465844041585549313 360843.019124
1465825459929698306 76946.748704
1465804798146408453 104366.7846585
1465792328388407300 418979.7007305
1465779104326635521 95911.9503755
1465766296058925061 92149.936956
1465748265152876549 207570.060012
1465485196526948356 171307.3533395
1465470196177518593 172587.213575
1465442778536574978 107236.7742775
1465410846553620480 182670.960885
1465384509315043335 107585.827069
1465062547862740999 3487696.7090245
1464695750215241728 285641.5343775
1464425631899394051 221299.469811
1464387932840681480 78692.0126615
1464284571508346883 226574.045327
1464047023448104965 2134302.6854485
1463945107594436611 395166.5436215
1463690457951748097 294794.4742435
1463606329784913923 119027.0019015
1463548006620299271 159439.5584285
1463341535613763585 164287.513866
1463291093970145281 118639.1654665
1463279955006013444 115032.286621
1463234847359442944 616931.4171545
1463205591489282049 235882.119767
1462916872886579200 118522.814536
1462879311166197763 1668782.612518
1462847673862479875 195973.7506055
1462622518871662607 369918.391703
1462486611485085698 188953.911132
1462091098357002244 181817.720728
1461486687528239106 408236.631481
1461446618041905155 986966.159788
1461372107523166211 517490.1552205
1461093019218694148 228280.525641
1461034651754008576 543281.278148
1460975532162437121 1509847.241455
1460758578625593346 213038.5537455
1460732868141879301 110882.4367665
1460695415632785413 108555.4181565
1460677500070027265 327605.4366445
1460397053679263746 188837.5602015
1460349028294541314 140241.654896
1460324691965403137 232856.995574
1459759940784906244 383182.39778
1459714942639038465 230103.3568855
1459281711393488896 279436.1514175
1459248727579762692 78226.6089395
1458996214821638157 170105.060391
1458958522830372867 396756.673005
1458924030266785819 99596.396508
1458895761224069145 85168.881126
1458862307069480986 307554.292955
1458629975444054027 137177.7470595
1458582694959276033 180343.942275
1458541013195055105 85401.582987
1458501769248468995 109447.441957
1458254037833306117 163279.139135
1458230937951498247 251085.308019
1458207497479618564 199192.793016
1458165001739374598 209664.376761
1458125889271517188 89047.245476
1457856641840267264 271058.8844215
1457787819833782275 203924.397523
1457187000608456711 883956.802652
1457086945897566213 1467611.8536835
1456755225578987526 94127.9027745
1456724448430546947 122013.342451
1456705126354145281 134618.0265885
1456674609311326212 211293.289788
1456425794335510535 128761.69642
1456374137648136213 174642.7466805
1456359082172968996 101070.174961
1456340571379810305 141521.5151315
1456305578637094912 201868.8644175
1456055502064926720 202799.6718615
1456031192059289601 2093657.4270605
1456002744037232643 87844.9525275
1455981727101317122 192560.7899775
1455698204163334146 115924.3104215
1455656299799060480 85517.9339175
1455626230552662017 84548.34283
1455599637914546178 92615.340678
1455580495610146820 473199.2343435
1455564814604931076 54180.7499695
1455327817911001092 193957.0011435
1455308001972080642 113170.671733
1455260132699369472 135160.9975975
1455226835868925955 130933.580456
1454891251988197376 157384.025323
1454221448621395968 690465.2052305
1454182705768267778 197292.3944845
1454158549940985856 181391.1006495
1454118089453289478 185385.81593
1453905361925070851 465636.423861
1453883642237710342 252016.115463
1453860906379612161 187169.863531
1453843577138663428 136440.857833
1453819545576108051 163201.571848
1453788436846940171 163977.244718
1453768228467986432 375386.8854365
1453520209487171589 403466.2433305
1453459766223671298 116777.5505785
1453446073842765824 95213.8447925
1453425362357170176 169290.6038775
1453397716625620992 631320.148893
1453151367640453121 584547.074832
1453133936725401604 187480.132679
1453095918455066625 170997.0841915
1453067455811575809 119376.054693
1453049512675594243 97657.214333
1453031507690278920 178908.9474655
1452802751411355649 146059.201421
1452723126056329219 642722.540082
1452688257402032129 516404.2132025
1452327454161440774 675649.8534135
1451952004603863042 817016.233971
1451718025028136967 91063.994938
1451687354310164480 136983.828842
1451643947047030784 184493.7921295
1451616436254744577 140513.1404005
1451588633769644035 220058.393219
1451360548826746927 174565.1793935
1451301712942092288 107857.3125735
1451289391264002051 85091.313839
1451255478055407630 102233.684266
1451233822847078401 137294.09799
1451218018365677570 210983.02064
1450978987405049857 73611.355363
1450932201260929025 150015.133058
1450913755466924032 81019.0312715
1450897857892864002 215326.788712
1450875236480471040 253994.0812815
1450586627521220610 167079.936198
1450546189980483588 260315.815172
1450501736645332994 204428.5848885
1450251152797298690 215986.1106515
1450234543399575553 105220.0248155
1450193685123981314 266598.765419
1450162252984639488 149161.892901
1450141515993415680 182011.6389455
1449900667569467393 2159201.7845755
1449826670588747781 314069.945063
1449434721499246596 269429.9713945
1449142332608057344 269313.620464
1449066746007080963 143421.913663
1448793001455538176 134113.839223
1448770009459671063 368056.776815
1448732750903603200 205087.906828
1448705014453526530 222152.709968
1448446272965263361 144236.3701765
1448430988824956930 138341.2563645
1448378846915354628 121509.1550855
1448332008090791948 235028.87961
1448308961136943107 137371.665277
1448013971496128514 160254.014942
1447991727571156997 196012.534249
1447976266460635136 188100.670975
1447688119797518336 138573.9582255
1447663138518667266 383492.666928
1447650475352883201 123215.6353995
1447614992904175616 137449.232564
1447598867994734592 481498.9340525
1447373330533683201 1686933.357676
1447241116416315395 198494.687433
1446634472418336770 124340.361061
1446556690577387524 122556.31346
1446529915499601923 509617.07559
1446248833751523329 150868.373215
1446218846658969610 125814.139514
1446202744658796544 400984.0901465
1446175097761394688 183912.037477
1445889562924896266 208035.463734
1445832001580240898 370655.2809295
1445811080299646978 266404.8472015
1445470676287037444 188139.4546185
1445454163643494404 522648.379806
1445426105251291136 135316.1321715
1445165978212388866 619064.517547
1445125306436636672 776332.1919395
1445081781753892869 299099.458672
1444715284883931137 345756.1818025
1444055749613608961 201907.648061
1444030061372338179 107896.096217
1444007027101954048 149123.1092575
1443717395193864192 292040.835555
1443663536115224592 1545179.1406835
1443619339190497286 179839.7549095
1443359679732584448 202993.590079
1443320490576080897 88892.110902
1443283833021886465 227272.15091
1443258615582715904 158004.563619
1443004131220672515 188566.074697
1442979873492901888 124960.899357
1442951538180198401 391753.5829935
1442912848854667264 298634.05495
1442898789560315905 521562.437788
1442675071676399619 290024.086093
1442591311719141376 187867.969114
1442540844108562434 162852.5190565
1441806500230402048 293398.2630775
1441569474402926596 208151.8146645
1441545300296933377 116544.8487175
1441513422252752905 144352.721107
1441485949616070675 214628.683129
1441460061587402754 115303.7721255
1441197878735618052 204351.0176015
1441160183984525312 130662.0949515
1441124908654678024 105801.779468
1441104885835919362 801774.2620755
1441090273358987264 189186.612993
1441078308398006281 201674.9462
1440820115793072133 159711.043933
1440765939096555529 119957.8093455
1440725590076575752 316784.800108
1440461747253436426 254187.999499
1440397622565490692 306623.485511
1440377190688821249 55654.5284225
1440377122933989376 178482.327387
1440370108115795978 146990.008865
1440125080374185989 378450.793273
1440096185230843909 244569.655911
1440065584364879879 126434.67781
1440031766031388672 259307.440441
1439999665936556032 250658.6879405
1439276134365990915 295957.9835485
1439044909009305603 246625.1890165
1438971126575599616 145322.3121945
1438915064786939905 297780.814793
1438652534302773255 171229.7860525
1438628874456236033 185928.786939
1438600914516905996 198339.552859
1438552201643761686 172819.915436
1438318443695009792 84548.34283
1438293039131156480 197408.745415
1438252797107920897 142491.106219
1438237647315423237 78110.258009
1438216380369686528 842807.3568985
1438203324554088448 698570.986722
1437941979719999488 1608861.8833105
1437915143392743425 200201.167747
1437883983614734337 250619.904297
1437858512076361730 164442.64844
1437824564851986434 141172.46234
1437580504740466689 199425.494877
1437552054289895424 176310.443351
1437508257774374915 466218.1785135
1437463026269970433 305692.678067
1437189304665608192 227543.6364145
1437143217300914177 165683.725032
1437093836136730632 293863.6667995
1436792302203068417 215481.923286
1436717855735570436 1072018.6899835
1436479619591401472 307088.889233
1436428659422744576 504342.500074
1436416998695600130 201287.109765
1436409005019066368 221570.9553155
1436056980330729490 187441.3490355
1436020331676770308 149045.5419705
1435815794437328896 90482.2402855
1435779616732434434 72719.3315625
1435775570617397253 103823.8136495
1435771721592623106 79700.3873925
1435769220084559875 70275.962022
1435727268760850439 160641.851377
1435649252135342080 396834.240292
1435391834491031555 186549.325235
1435318833951043585 219011.2348445
1435260887246331912 211293.289788
1435022941570224130 402535.4358865
1434938965128146944 243057.0938145
1434917136820932608 396834.240292
1434197689944535041 1310033.910143
1433874751684964354 190970.660594
1433830963092484101 105646.644894
1433471318209404929 446516.0876155
1433278227573710850 79234.9836705
1433248289344741378 77489.719713
1433245716202209283 64574.7664275
1433242268459094020 63139.771618
1433239858735026179 61549.6422345
1433234633320136705 84160.506395
1433188250940702721 91490.6150165
1433188147660161026 89706.5674155
1433188050582982658 71555.8222575
1433187918193967107 202101.5662785
1433134730430410760 259346.2240845
1433097465977212928 179839.7549095
1432857821851250688 165063.186736
1432857642016264193 175573.5541245
1432857215765934089 147959.5999525
1432856180867493896 376395.2601675
1432783230432808961 281685.6027405
1432501977439621121 108400.2835825
1432472231087534081 127908.456263
1432430219005030400 193530.381065
1432414743524876289 314457.781498
1431761165860814849 539713.182946
1431357737120657408 393576.414238
1431307494249304066 1811428.853311
1431041937788706819 303016.6066655
1431024627891937282 461951.9777285
1431012868938342403 362433.1485075
1431003088672804865 315272.2380115
1430993590226989063 110029.1966095
1430968157041164292 989836.149407
1430711668430962689 117747.141666
1430708873095122946 80902.680341
1430706687283843076 64148.146349
1430703950395699201 70004.4765175
1430697122865635328 63023.4206875
1430624763223756801 268227.678446
1430253734446080002 216916.9180955
1430226388179570693 335051.8961965
1429952143516004352 370965.5500775
1429891649925107739 330397.8589765
1429862127997636620 3132671.2364255
1428795574174699520 510858.152182
1428502127836606474 294949.6088175
1428469831431450625 109563.7928875
1428402552270327809 500735.6212285
1428174872161619977 87806.168884
1428162672298799107 79739.171036
1428161526624571392 108012.4471475
1428161129663143937 71400.6876835
1428085423113347075 866271.461216
1428052720326299649 254381.9177165
1427755917458776067 206600.4689245
1427685771226480641 280599.6607225
1427359525653270534 296656.0891315
1427314239513894925 375891.072802
1427287755969622016 5178353.2964765
1426951070417186819 159245.640211
1426227052378656776 474440.3109355
1425611194195488770 214163.279407
1425536588642017283 378954.9806385
1424849413395017729 303210.524883
1424802724189655064 478124.757068
1424548384635899904 237704.9510115
1424393204380553224 729248.8487305
1423692535008940036 284594.376003
1423019086749995008 105956.914042
1422962109978013696 1876856.8598955
1422736466195542017 550262.333978
1421266066051780609 536726.8423965
1421155545910693889 567908.8917705
1420882327484305409 242087.502727
1420804556842143748 354986.6889555
1420761556241899520 217304.7545305
1420493293767454721 187363.7817485
1420164960726908929 117087.8197265
1420094248112644096 2504880.399091
1419013098753515521 490574.3066315
1418979455989547008 136285.723259
1418957391647805440 2016516.760139
1418707557103726598 501860.34689
1418338801391263748 130274.2585165
1418260232459886597 137332.8816335
1417993371591659520 2320386.6069615
1417877773931089921 138302.472721
1417536012436320258 188759.9929145
1417212434776051713 299681.2133245
1416839985957908491 256437.450822
1416103029518917633 240458.5897
1415741109339181056 385703.3346075
1415383957995081729 815309.753657
1414974212700205061 349401.8442915
1414281056971214853 259656.4932325
1414052318174089219 359563.1588885
1413917872254963714 1186352.8710215
1413589505165062147 124030.091913
1413549812192927751 418165.244217
1413312773744852994 531801.319672
1413293774822850563 89784.1347025
1413248269988204546 131980.7388305
1413225361060499456 284439.241429
1413188715233439745 99635.1801515
1413166085629562884 279125.8822695
1412938865674002433 125438.809364
1412880378101043203 1757462.514368
1412865456604475392 147282.932368
1412826571702898692 145420.555984
1412532297413271558 115389.736792
1412478530399600645 358429.854904
1412450573002186759 96222.77984
1412085939665457159 280210.046776
1411734923161993223 920246.730744
1411501028726370305 303412.15256
1411383695328497664 918112.757804
1411042626405507073 228529.10212
1411016514250051590 189341.59904
1410765947179307008 399285.736828
1410755115733053440 95369.190664
1410723898136547334 98473.151304
1410662618025500673 146468.1427
1410329911579987969 135643.079968
1410286165865897988 101111.517848
1410035618831208449 114342.150076
1409973810112045059 413641.554788
1409938405140561922 212854.100888
1409648493631721478 133703.104568
1409592203425435649 142316.595344
1409543192303656962 357459.867204
1408965195741863936 1159988.890676
1408817712319459334 2989385.692876
1408595448911237123 140958.612564
1408541259048886278 88773.274304
1408489128744738817 185500.447748
1408473524407128067 99869.933592
1408167348515655680 102353.102104
1408107332328845316 210176.934836
1407796588274089987 119890.47972
1407754657175244800 154654.838888
1407476643837321218 136574.26816
1407413755349065732 116786.51908
1407386855335624704 415038.337076
1407132145483599877 380235.1784
1407104816665436161 202106.637172
1407076163164393480 812539.296536
1407041672689577985 124507.621172
1407034274067460096 1550195.542632
1407014166330626052 134944.688824
1406757722389827585 244708.496956
1406698970009673734 386287.901648
1406635257579720705 506411.178416
1406298459259375618 140958.612564
1406002086253260803 331580.595368
1405959442433077250 325411.473596
1405934618210029569 306322.11566
1405598105202921472 225386.341972
1405577473362862082 156788.811828
1405271004331397120 367043.34568
1405239532627238915 126680.39362
1405219881046265856 149960.09842
1404971830297780224 196403.109496
1404935575757496320 177740.546148
1404902778955124736 241682.135332
1404867284284309507 167458.676528
1404534940981600256 149610.902848
1404480883608866818 892621.481048
1404089288149463040 1254737.289212
1403814458384814081 233417.840128
1403527793443360772 372242.479752
1403481079579746305 723455.626168
1403451774007058432 93894.80936
1403427585183215617 215841.663004
1403180201496903682 254563.571988
1403091877838999556 136419.070128
1403049254852038658 8833134.790788
1403033832110977024 343841.239896
1402781073503707142 139406.632244
1402696989125398534 188177.6138
1402675575370575875 4801516.714016
1402398614794620935 108444.62486
1402363452224532483 169747.8475
1402327348108664834 192523.158696
1402304707373109250 810870.917692
1402046006540177423 243117.717128
1402012093923033089 192794.755252
1401942814846377989 1523579.080144
1401606943463018497 2066461.79608
1401222544217153539 237064.99388
1400916533040140289 280093.648252
1400883536786120706 433157.707312
1400876369748262920 282460.41824
1400605098007404545 162453.539996
1400531102217891843 154810.03692
1400498156014489601 223407.567064
1400282410751651842 145963.749096
1400234840918609923 155780.02462
1400198827060064260 373251.26696
