1501241537811951621 316.530096
1501241388134019075 356.096358
1501240847987261440 1740.915528
1501237821461479427 1094.666582
1501234633798729731 4655.630162
1501230516489572353 4233.590034
1501228015413514242 1239.742876
1501226286844370953 1846.42556
1501225733523484675 3481.831056
1501225005547413509 2967.46965
1501222477044895746 1978.3131
1501219416448589831 4457.798852
1501215189047386117 2479.485752
1501210645177450503 18635.709402
1501206877358759941 2598.184538
1501206534575034370 23673.81343
1501202101984284673 5803.05176
1501200970449096708 2743.260832
1501199139148861443 9482.714126
1501196158714187777 2769.63834
1501196081140580354 1846.42556
1501191029021679621 3112.545944
1501190503932514305 1991.501854
1501186239533404163 4114.891248
1501184007681228802 5855.806776
1501179441514528769 4167.646264
1501178540716441605 9667.356682
1501177041391132681 6145.959364
1501173451255689228 5275.5016
1501172646456832003 8111.08371
1501166592650100738 5697.541728
1501161641232277506 2835.58211
1501161498097463297 9601.412912
1501157249980510212 12331.48499
1501156784295321604 2532.240768
1501155151297536007 5381.011632
1501150806917189638 1767.293036
1501144580665794560 3956.6262
1501144234958667777 6330.60192
1501142495052410880 2070.634378
1501142360478126083 6422.923198
1501142358385176587 830.891502
1501142356397015040 936.401534
1501142354388045827 817.702748
1501142352362098688 910.024026
1501142350101454848 699.003962
1501142345533861888 1411.196678
1501142341259825152 11355.517194
1501141953496375296 12450.183776
1501137796370767875 3521.397318
1501133662783430659 2110.20064
1501129575023222786 4312.722558
1501125536394977281 9390.392848
1501120883477331969 6185.525626
1501115926988660737 6080.015594
1501112130996776960 3534.586072
1501107813426380801 32352.013562
1501103866573688840 8928.786458
1501099146601803781 3798.361152
1501095149774020609 3811.549906
1501091069097820162 8163.838726
1501090342791172102 10260.850612
1501086995942154240 7082.360898
1501082826292224000 10313.605628
1501078009775853570 5315.067862
1501073751395512324 3363.13227
1501069511205785600 10485.05943
1501065245074366464 16208.978666
1501060215210496001 2519.052014
1501052697323130881 4536.931376
1501047848821006340 13623.982882
1501042973085163527 6620.754508
1501037555487318026 8796.898918
1501033387234148352 5077.67029
1501028610810994688 6673.509524
1501023657812008961 1872.803068
1501020295469150213 51080.044242
1501014916270071811 3191.678468
1501007950130860037 2584.995784
1501003181295390722 4470.987606
1500998892078473221 12344.673744
1500993714721898503 2189.333164
1500988888449536006 2294.843196
1500984233174654984 3046.602174
1500979592504520708 5169.991568
1500974806061170690 5631.597958
1500970144851443714 19255.58084
1500965284227788807 9021.107736
1500960701510258693 11052.175852
1500955973627826180 9126.617768
1500955031402692612 8229.782496
1500950697055076354 2189.333164
1500949165093834756 5077.67029
1500946967731777538 3745.606136
1500946406743367681 5829.429268
1500941629636628481 2492.674506
1500940521396707332 49642.470056
1500935589436313606 3679.662366
1500931080664326147 18741.219434
1500929611131203593 2545.429522
1500924374257438730 2558.618276
1500924267038658561 2598.184538
1500918232324128769 7900.063646
1500913479770943491 9746.489206
1500909409165352960 3706.039874
1500908843412299779 52873.714786
1500905747252756499 6145.959364
1500901651183513603 5697.541728
1500896332705415171 2598.184538
1500893605665423360 4550.12013
1500891799946207233 13083.243968
1500889129042776070 12331.48499
1500887519075999745 9073.862752
1500887516597170177 14586.761924
1500887514307088384 12410.617514
1500887512323174405 11803.93483
1500887509663981578 17963.082948
1500887503427022849 16670.585056
1500887500520566784 41768.783918
1500887497886343168 18094.970488
1500887495428517889 33565.37893
1500887492924485632 36677.924874
1500887487845130241 38603.482958
1500887323587796995 36018.487174
1500887318219083779 73118.452176
1500884559507902465 9258.505308
1500880066749861888 3415.887286
1500875177894232075 1226.554122
1500872308377927683 2373.97572
1500866967133167616 5473.33291
1500864809193164801 10353.17189
1500862881046351876 13848.1917
1500858336497094658 3099.35719
1500857072400973828 2031.068116
1500854930470543363 5460.144156
1500850797134991365 4141.268756
1500847713520336897 13874.569208
1500847088489349120 3099.35719
1500842719060627457 4431.421344
1500838553131098114 2664.128308
1500833729165594628 3323.566008
1500829606722646021 6370.168182
1500824992606560263 5908.561792
1500820682590064642 3877.493676
1500819705837330435 6145.959364
1500815126101995524 5235.935338
1500813749862678529 6660.32077
1500811024940912643 8348.481282
1500805186620645376 6172.336872
1500800187324895239 8203.404988
1500795836892172295 7346.135978
1500791503895080969 27261.154518
1500789020732895232 5235.935338
1500788601759617025 7148.304668
1500787228779458692 3376.321024
1500783072043802627 1648.59425
1500778918277693441 3877.493676
1500778065240240129 9509.091634
1500774787576127491 1463.951694
1500770656501350401 4668.818916
1500766211306663941 2492.674506
1500766211101106179 4932.593996
1500760766584139778 2650.939554
1500756918897418240 6765.830802
1500751633495506951 2624.562046
1500751363168481280 6370.168182
1500750858518151169 2400.353228
1500747881304764417 22539.580586
1500743075324379138 3798.361152
1500739049518206976 2941.092142
1500737023732297729 9073.862752
1500735011691155460 3165.30096
1500734256938631168 7187.87093
1500732508379529219 6066.82684
1500730733576527873 20099.661096
1500728277480185859 14758.215726
1500723433168162816 13492.095342
1500720423125794818 4457.798852
1500717395723358211 5262.312846
1500713258482909188 3574.152334
1500708590918807554 5710.730482
1500705824590680067 8506.74633
1500703056283025410 2545.429522
1500698783776190468 2941.092142
1500697795820462082 3389.509778
1500695007744962560 8823.276426
1500692475702296576 3046.602174
1500688682440876032 28474.519886
1500684603379662853 2479.485752
1500680597035012096 8427.613806
1500675126727262211 10590.569462
1500670669876514817 2927.903388
1500666608276148225 7794.553614
1500662461275455491 4761.140194
1500657337941602304 2373.97572
1500652737087823875 2255.276934
1500644807861055490 4629.252654
1500639882724753409 10498.248184
1500637230020370434 4154.45751
1500633098916085761 10709.268248
1500631578011226118 15800.127292
1500629861613944838 4207.212526
1500623329568436232 14098.778026
1500618252141092868 4497.365114
1500613970453016581 2070.634378
1500613204090757122 6541.621984
1500611702307627013 2426.730736
1500610683586678785 19479.789658
1500607216981839872 9904.754254
1500602649124691972 5882.184284
1500601386551107586 5710.730482
1500598365565947905 8137.461218
1500598110631997444 17369.589018
1500595848635375629 6897.718342
1500595331989393413 3640.096104
1500587302741061635 10524.625692
1500585270776897536 9232.1278
1500584569166340105 2149.766902
1500584529542610945 2584.995784
1500579998842953733 5130.425306
1500578727415144449 32470.712348
1500573444534063115 5183.180322
1500571171091365888 10814.77828
1500567669011013636 17554.231574
1500566152250109953 7055.98339
1500564390181019649 4365.477574
1500561925847011329 2848.770864
1500557859213479940 4141.268756
1500555071372857350 5697.541728
1500549302237728778 9245.316554
1500549301780557827 3679.662366
1500549041129771008 4747.95144
1500547778325499914 6211.903134
1500542250962595842 7636.288566
1500541484738695168 2360.786966
1500540222064500739 3837.927414
1500538978986074116 12054.521156
1500530172113694721 8546.312592
1500525635776749570 6713.075786
1500524636324470792 8242.97125
1500524363757543426 10458.681922
1500523881072893954 10155.34058
1500520844904259590 3429.07604
1500518346583941122 2558.618276
1500518344411209735 26008.222888
1500516649845379074 12819.468888
1500512304122802179 13201.942754
1500511549450080261 3837.927414
1500509292138582022 3890.68243
1500507265740251137 9469.525372
1500507008293912578 4273.156296
1500505743589527556 2637.7508
1500503234942849027 4497.365114
1500501550103474177 5222.746584
1500497710033641478 4629.252654
1500495930704945169 5117.236552
1500493936862937094 4761.140194
1500490977487822848 6594.377
1500488856239550464 7425.268502
1500486089420812306 13360.207802
1500481847746301956 5829.429268
1500478067877330951 4840.272718
1500477318845841409 3125.734698
1500475273476771842 7583.53355
1500470528242597894 3613.718596
1500462697871200259 4207.212526
1500458710103113728 13716.30416
1500458708089847808 13835.002946
1500456160943644676 23924.399756
1500454405044326402 3415.887286
1500450130796978176 25388.35145
1500448879661273089 4576.497638
1500448654309605384 2888.337126
1500447866497777664 3679.662366
1500446367981969409 5776.674252
1500441109687902221 8572.6901
1500441066620669956 1595.839234
1500441061604220931 33116.961294
1500437298252779524 2360.786966
1500435784016535558 4985.349012
1500430669066944512 63820.380606
1500426009153261570 2993.847158
1500425988324438020 1134.232844
1500421195484831745 6884.529588
1500419944416256005 5657.975466
1500419176720183296 3732.417382
1500417924795977736 2373.97572
1500413438492876802 2228.899426
1500408785097183237 17976.271702
1500404081491337219 8361.670036
1500403361954385922 57925.007568
1500403347483987970 2611.373292
1500398674073079808 6831.774572
1500394113878962178 6554.810738
1500389688934383616 4259.967542
1500385678072373249 2162.955656
1500385410400362496 14850.537004
1500380696803610628 2479.485752
1500376434493300743 7438.457256
1500371500821532676 9983.886778
1500367444422049795 14573.57317
1500363279499243524 9416.770356
1500358055569072131 5974.505562
1500354169592504324 11817.123584
1500349129700122624 6343.790674
1500344082228518913 12924.97892
1500339412248539137 31956.350942
1500335386303815688 3719.228628
1500335381644038149 3943.437446
1500330096313442308 4035.758724
1500327069460451328 3824.73866
1500326758024990722 12542.505054
1500322795170971650 6475.678214
1500322046508777472 2558.618276
1500320269835153408 106406.867272
1500314497160036352 4576.497638
1500312734919012355 12028.143648
1500310225500450816 4312.722558
1500309709122949121 3218.055976
1500308698866061312 3086.168436
1500304541002121221 34686.42302
1500300395737980930 13307.452786
1500297134129754117 7319.75847
1500295112684969988 2321.220704
1500290128861962240 4062.136232
1500282749625712644 5842.618022
1500278518944567297 6910.907096
1500272904138805249 12924.97892
1500268931730313223 14942.858282
1500267465875640326 3442.264794
1500260800681885699 6080.015594
1500255352209686536 16551.88627
1500250318722023429 17804.8179
1500246052410114048 4893.027734
1500244870497280007 1859.614314
1500239992953708547 8150.649972
1500238991672725519 31428.800782
1500230431374987264 7267.003454
1500223389465726980 12608.448824
1500222147666534404 4800.706456
1500217099754557447 4273.156296
1500216850004783113 6831.774572
1500210566471860234 4035.758724
1500208308686315526 6383.356936
1500208041387511816 2624.562046
1500207795035115520 6449.300706
1500201238666878984 16077.091126
1500199569069596680 2360.786966
1500197482957053955 3706.039874
1500194469659959299 10102.585564
1500192688460734472 7623.099812
1500190670304288769 4985.349012
1500190179407052802 5499.710418
1500188918255435778 9838.810484
1500188198043009029 11949.011124
1500187916903067651 7913.2524
1500187659905425408 2809.204602
1500186644229636098 6871.340834
1500179611866611713 5209.55783
1500179092020289547 3692.85112
1500177829560041476 7148.304668
1500177602400632835 2914.714634
1500174826350203014 21339.403972
1500170576635310080 6343.790674
1500170540622954496 4853.461472
1500169272076619778 36018.487174
1500167833115893760 18780.785696
1500163253258932229 11038.987098
1500162989315571712 15641.862244
1500162240070180867 9482.714126
1500160726429843463 4220.40128
1500159463843676164 3257.622238
1500157462393020418 25731.259054
1500156453029621761 4708.385178
1500154933848510475 2598.184538
1500147895630278660 23185.829532
1500147629048664065 4602.875146
1500147195848368128 13281.075278
1500146384405684231 2017.879362
1500141858177134604 3864.304922
1500141599782850573 6370.168182
1500139094491512834 2387.164474
1500138332080295946 2176.14441
1500135816940687361 22091.16295
1500133291281858561 5209.55783
1500132295382028293 11223.629654
1500132290151780360 2294.843196
1500131288279400448 6093.204348
1500130031233814537 2598.184538
1500129534653472779 4418.23259
1500128010355281929 3468.642302
1500127522226425866 2294.843196
1500118966424977410 7187.87093
1500118200020783114 3389.509778
1500116699219210243 2558.618276
1500115685862690820 3877.493676
1500113927149137921 5539.27668
1500109905587494917 27234.77701
1500109400257835014 6871.340834
1500108948602556418 5948.128054
1500107625924636677 3534.586072
1500105133232898058 5354.634124
1500103871221452803 7728.609844
1500102609809686530 22394.504292
1500102605363687427 17976.271702
1500102350006063106 8730.955148
1500100849506390017 10208.095596
1500097317206208518 15734.183522
1500096054586482694 7570.344796
1500093789855227904 4088.51374
1500092524479799299 5882.184284
1500088503048286208 4075.324986
1500086730078236674 4246.778788
1500086280155287555 5104.047798
1500086252443508737 5829.429268
1500079696398241796 11223.629654
1500079183241822211 3336.754762
1500072643529170944 6739.453294
1500069882582683648 5552.465434
1500067131588755458 15826.5048
1500065104641024001 43641.586986
1500064854731808775 3640.096104
1500064852571734017 44380.15721
1500064591442808832 12265.54122
1500063844449804288 2439.91949
1500058561849745410 5565.654188
1500057298646880264 2677.317062
1500055640215101441 16631.018794
1500051506799824896 35530.503276
1500050501030842368 4088.51374
1500048244545671168 3653.284858
1500041458660913153 3613.718596
1500040956728459266 10458.681922
1500040203402104834 3231.24473
1500038436853530630 3917.059938
1500036831857065984 20521.701224
1500033383082205187 23858.455986
1500032877148446722 4352.28882
1500031370869018624 5803.05176
1500026848079659011 7201.059684
1500026846045511683 3283.999746
1500026593703571457 13347.019048
1500025340017754114 5737.10799
1500023002280476672 4879.83898
1500018357952782339 10049.830548
1500015515154198564 14771.40448
1500013765311569922 14006.456748
1500010770574286849 3771.983644
1500006455516311554 11355.517194
1500005968012320774 2360.786966
1500005709290823681 4866.650226
1500005454516211717 12977.733936
1500003948635340800 21273.460202
1499999405071646720 10590.569462
1499998162911739905 13887.757962
1499995647021363206 14019.645502
1499993124927684609 12120.464926
1499992867217027072 3771.983644
1499988596283092993 4154.45751
1499981799207976960 22579.146848
1499981050554077184 6185.525626
1499979283661570049 3204.867222
1499979022855516163 5578.842942
1499978282728673282 23278.15081
1499977021010497537 26548.961802
1499976261501964292 3389.509778
1499973739139809281 9403.581602
1499973018474450945 4194.023772
1499972234403799041 8968.35272
1499967697114836993 2479.485752
1499965465711497217 2360.786966
1499962177867948032 4721.573932
1499960915948711943 3560.96358
1499959409136521219 1885.991822
1499957925930061825 2505.86326
1499952609645539333 3521.397318
1499952119700328449 4207.212526
1499950347967737857 3455.453548
1499943287561539588 9007.918982
1499941528004923396 4747.95144
1499935996460339204 2875.148372
1499934483142823936 4866.650226
1499932982966210562 9218.939046
1499932737893027841 6040.449332
1499930460012564483 4246.778788
1499930207637188611 2439.91949
1499929195459264514 8335.292528
1499928963895934976 69029.938436
1499928443827404803 10432.304414
1499927442093490181 2004.690608
1499923157347676165 14085.589272
1499920651456495618 7451.64601
1499918627847520258 2664.128308
1499917886353297414 13360.207802
1499917128555712513 2031.068116
1499915609911476229 1661.783004
1499915609177477122 17633.364098
1499914612673851393 19506.167166
1499912841842802693 4879.83898
1499912612334739460 1437.574186
1499902540938362886 2954.280896
1499901546544381956 7016.417128
1499900273220898816 8770.52141
1499898511785136130 6937.284604
1499897507366805511 4365.477574
1499897245075972099 4167.646264
1499892957452935170 4827.083964
1499891946906607616 5077.67029
1499887429188268033 4695.196424
1499883164642295808 12291.918728
1499882664148484099 5011.72652
1499882478592577541 3046.602174
1499878107641225221 6172.336872
1499869560899616772 1912.36933
1499869305776877573 6844.963326
1499868555256508417 11315.950932
1499864021608148993 5196.369076
1499863015998603265 4787.517702
1499863001238753286 12489.750038
1499862779133632515 2308.03195
1499860751456034819 2558.618276
1499860501387526144 4721.573932
1499859832719003649 19268.769594
1499859530724921344 1925.558084
1499859529038761995 3732.417382
1499858742363541506 3851.116168
1499853210797944841 19387.46838
1499852462970347523 1200.176614
1499851186270257155 4932.593996
1499848167810027522 15364.89841
1499846651997048838 2426.730736
1499846154372239364 4339.100066
1499845899136258048 3376.321024
1499845401318506497 2439.91949
1499844403204136961 5183.180322
1499844402742800386 2189.333164
1499844145275408388 1543.084218
1499843136629223425 4668.818916
1499841878979719170 7016.417128
1499838613374201856 8915.597704
1499837855710994433 8453.991314
1499835835436445696 9060.673998
1499834318780305409 1437.574186
1499830554715373574 7478.023518
1499830296669298691 2255.276934
1499830062572580867 5829.429268
1499829292309561352 2584.995784
1499824795252371462 26351.130492
1499824009390735365 6647.132016
1499823752766537730 8150.649972
1499817220989501443 12212.786204
1499816704557391877 4299.533804
1499815719722176520 5737.10799
1499815465954205706 5473.33291
1499814477176446976 1503.517956
1499807392996995076 3495.01981
1499806921544675338 4352.28882
1499805135270297601 2690.505816
1499805133605150722 5816.240514
1499799600043118600 5684.352974
1499797836698947596 3204.867222
1499796590118244358 6014.071824
1499795476547354625 10762.023264
1499792306941177856 4800.706456
1499791836684111886 8427.613806
1499791835434262537 2400.353228
1499791051485331459 2835.58211
1499787767815020547 6066.82684
1499783492556800001 7491.212272
1499783237647966211 3218.055976
1499779720283574274 3138.923452
1499779684212658186 11724.802306
1499778973122764802 7412.079748
1499778726715875339 10155.34058
1499778458901258247 1437.574186
1499777713212735492 9245.316554
1499772423540989952 8889.220196
1499770916242341889 7675.854828
1499770655381807110 2162.955656
1499770406911328257 2189.333164
1499769163342041088 4708.385178
1499769154131619841 2492.674506
1499761632838397953 2373.97572
1499760095013527556 5657.975466
1499758335087812615 8612.256362
1499757081796169729 6159.148118
1499756304692391941 3758.79489
1499754797657993217 1925.558084
1499754303187210247 6000.88307
1499753288346095620 5737.10799
1499752798942076931 3653.284858
1499751284328611845 4695.196424
1499751023497383949 3890.68243
1499749025020616710 3376.321024
1499749023334420481 11764.368568
1499747249353633793 4721.573932
1499746996361519106 17132.191446
1499746502654181379 4128.080002
1499739813188100096 9983.886778
1499739194985431042 4352.28882
1499738204710309890 3521.397318
1499737646486196230 712.192716
1499737644355436544 1081.477828
1499737641687961600 1002.345304
1499737637212545028 448.417636
1499737632733020160 553.927668
1499737626089345026 290.152588
1499737620406013953 408.851374
1499737614349385732 606.682684
1499737608523599879 619.871438
1499737602865438729 329.71885
1499737597786177543 7451.64601
1499735679646978054 2756.449586
1499731431194607619 2598.184538
1499729146896957446 4655.630162
1499725367396995079 15364.89841
1499720079042359297 5090.859044
1499716393046089736 2387.164474
1499714029266350081 4088.51374
1499713980843048967 14547.195662
1499710771894394889 5328.256616
1499708013992681477 2914.714634
1499707003039629312 4220.40128
1499705733063102464 7715.42109
1499705480243036161 8467.180068
1499703739225186305 3903.871184
1499701725955035143 9495.90288
1499701724931633156 2505.86326
1499701237725470723 2268.465688
1499696703020183555 29054.825062
1499692634008395777 6356.979428
1499692153542516743 4022.56997
1499689755398844416 7069.172144
1499685616019193863 4576.497638
1499684335351472132 7425.268502
1499680552848437248 8572.6901
1499678594569756675 2848.770864
1499671018910142469 4220.40128
1499670499709931528 2980.658404
1499664200788029440 2268.465688
1499661938476859393 3534.586072
1499660172423270402 7095.549652
1499656154384932867 12779.902626
1499648374965952514 14534.006908
1499647605806149632 6132.77061
1499647351610396672 4642.441408
1499643329239298049 19163.259562
1499641573805592578 2321.220704
1499641398408237056 17435.532788
1499636275640471552 6858.15208
1499634914781810688 10907.099558
1499633260183367680 2584.995784
1499627714449399810 4998.537766
1499626464282566657 3138.923452
1499625005298200579 5750.296744
1499620632497119234 9931.131762
1499616393234419713 4972.160258
1499614879443042304 7385.70224
1499610629489016833 3574.152334
1499606069718528001 13386.58531
1499602548143054865 2861.959618
1499599197242224644 8599.067608
1499595216768188422 33750.021486
1499591262856486916 22460.448062
1499586079799787520 7886.874892
1499580663829348352 9825.62173
1499578136618487833 8045.13994
1499575870767443968 2334.409458
1499571609887203331 4998.537766
1499570360299270150 3178.489714
1499569594176274432 4906.216488
1499568593427648512 10524.625692
1499567568037855238 6950.473358
1499566074651725830 4866.650226
1499565811526250496 1688.160512
1499565056090116100 4972.160258
1499563546732023818 7834.119876
1499558505514438659 3943.437446
1499558274609430530 4009.381216
1499556748298006547 4761.140194
1499555998364839957 4945.78275
1499552730498666498 2545.429522
1499551213196619778 21735.066592
1499548013978693654 2598.184538
1499542663804198914 2453.108244
1499540890855092225 4035.758724
1499535358693941248 23053.941992
1499535097921523714 3283.999746
1499534868971147266 1582.65048
1499527318028574723 4734.762686
1499526304181465088 5209.55783
1499524294841409541 4721.573932
1499517253263495168 7913.2524
1499515230082191369 7939.629908
1499512449854226432 8414.425052
1499510187014692866 2743.260832
1499505678762840066 1384.81917
1499505664942555137 71641.311728
1499498116504035333 18305.990552
1499497377417375746 11447.838472
1499497104863121408 2532.240768
1499496878056083456 9469.525372
1499496349942878213 3903.871184
1499495847624687619 8533.123838
1499490315916488706 3851.116168
1499489801665490957 13610.794128
1499486803103039499 15602.295982
1499485776064753665 2743.260832
1499478992696614915 2954.280896
1499478731311693838 10168.529334
1499478482744750083 3560.96358
1499477491517427719 6040.449332
1499476209247432720 11909.444862
1499475232888963084 6238.280642
1499474959026081799 2097.011886
1499472688733208584 5196.369076
1499471465716068356 4075.324986
1499471462855593985 1648.59425
1499471458346618887 250.586326
1499471427224977409 474.795144
1499471420035903493 896.835272
1499471417422880774 619.871438
1499471414830714880 250.586326
1499471411894788101 580.305176
1499471406580523017 461.60639
1499471402046570498 1569.461726
1499471399882313731 817.702748
1499471397394993153 699.003962
1499471391984341001 6699.887032
1499469169116553217 9403.581602
1499468412455632903 8190.216234
1499466090790981639 3125.734698
1499465149920464899 4827.083964
1499464353652879382 5948.128054
1499462970207784970 43100.848072
1499460975489167360 5618.409204
1499460111907143688 5288.690354
1499459355741196299 3574.152334
1499456331912294406 5051.292782
1499452823435628544 1661.783004
1499448729904066567 8783.710164
1499448561238478851 8453.991314
1499444754991439872 14613.139432
1499442205714526213 19400.657134
1499437872025411594 2070.634378
1499433754758197260 5816.240514
1499429930395918340 3666.473612
1499426582976516100 11922.633616
1499423970159955973 15668.239752
1499419860635369477 10339.983136
1499418586716295174 7055.98339
1499415069641297931 11118.119622
1499414828305244161 1147.421598
1499410046287069184 24847.612536
1499406819722207242 2848.770864
1499399204162064394 8836.46518
1499398375363342336 4075.324986
1499393773666652167 2070.634378
1499388521944993793 82640.732564
1499384546613157895 2545.429522
1499383024479256582 2730.072078
1499379183042056193 10735.645756
1499378053872562176 13478.906588
1499374834387718147 16855.227612
1499371657055641601 2650.939554
1499371653649866758 4576.497638
1499371646515400708 1820.048052
1499371615880163334 2189.333164
1499371610809249797 2097.011886
1499371606468145154 2110.20064
1499371602072551429 1213.365368
1499371599329431554 2123.389394
1499371592568213505 2373.97572
1499371530165313541 3943.437446
1499371525618688000 2242.08818
1499371523198623749 3468.642302
1499371518572343298 23067.130746
1499369660143312902 6607.565754
1499369000253497347 5117.236552
1499361723811348485 166020.035352
1499361503622934529 3349.943516
1499355197151367173 10827.967034
1499350366596571138 525347.638082
1499347271204446212 3455.453548
1499343745694769152 11672.04729
1499342917521096705 4075.324986
1499338846294716416 2637.7508
1499332013173747720 6884.529588
1499330959887552512 2875.148372
1499326186291437569 3389.509778
1499321362502062080 2782.827094
1499316189289451521 2796.015848
1499311009667993602 2479.485752
1499306311527419905 4536.931376
1499302304842981378 3640.096104
1499297597751803904 7293.380962
1499293538814681090 2110.20064
1499292758544207872 2730.072078
1499285662385815556 8599.067608
1499280696375926786 3706.039874
1499276461945065473 6356.979428
1499271470849081345 3613.718596
1499266462766309376 16894.793874
1499263305042444290 4259.967542
1499261663656222727 46134.261492
1499257345511149572 3442.264794
1499253009561309190 8994.730228
1499248639113371649 2875.148372
1499243486213779456 4576.497638
1499239485988552706 8058.328694
1499235453098205187 5143.61406
1499231402277183497 12938.167674
1499225600862662658 2690.505816
1499220773231284225 3349.943516
1499216560338182144 2519.052014
1499212432408985600 233480.512062
1499208397048197129 6884.529588
1499202975453089798 22473.636816
1499200396279042048 15285.765886
1499196376344895488 4536.931376
1499192590868094977 40634.551074
1499188851365101570 2123.389394
1499188078908428288 5592.031696
1499187818068860929 2439.91949
1499180323023769600 3666.473612
1499174219376123914 2690.505816
1499174217602023429 12133.65368
1499172491222208515 6633.943262
1499170720831709187 11645.669782
1499168703459508233 9495.90288
1499166857332412418 4787.517702
1499162884080816128 6726.26454
1499157658049433605 3376.321024
1499149016944320516 18622.520648
1499145043713613827 2796.015848
1499144795721277440 3231.24473
1499144311144865793 2110.20064
1499141784970084353 8493.557576
1499135042190258186 1437.574186
1499130181478400002 10208.095596
1499127445840089089 12951.356428
1497754615517007873 5196.369076
1497753414305992704 3785.172398
1497751348955205639 11606.10352
1497746719026688000 8111.08371
1497742804038172679 6607.565754
1497741964342616066 6594.377
1497737498302332930 20904.17509
1497735003756765188 4893.027734
1497733995102150664 5328.256616
1497730748811554822 1318.8754
1497727457578786819 4787.517702
1497722913792929792 3917.059938
1497711340407988231 7900.063646
1497708128539979785 2242.08818
1497706055635189767 8638.63387
1497706053764534282 2901.52588
1497698524917641226 1450.76294
1497697256174235657 3745.606136
1497693967848288259 5130.425306
1497691962513756160 8137.461218
1497691707214811140 3402.698532
1497690957399089158 9667.356682
1497685445156777984 7148.304668
1497679648674697219 2875.148372
1497677863960682497 8506.74633
1497677033119354886 6963.662112
1497675097477464066 2228.899426
1497673348922421250 2967.46965
1497671823147905029 21603.179052
1497666296028307457 3706.039874
1497662822108610560 5592.031696
1497660663589654532 14599.950678
1497655503824039944 15536.352212
1497651190527574026 3521.397318
1497647154407645186 12489.750038
1497646424682643458 8810.087672
1497644140762439694 3969.814954
1497639373239640070 4273.156296
1497638862860042241 9851.999238
1497638111865679877 4259.967542
1497638108808024073 3640.096104
1497636343047929860 4365.477574
1497635595149090819 1991.501854
1497634071219945485 4418.23259
1497633582457794562 9205.750292
1497632580329525249 1622.216742
1497631312928256009 2611.373292
1497630799709057032 21985.652918
1497628811495624710 4194.023772
1497624524090707980 1332.064154
1497621748853968897 2835.58211
1497620744460771329 8124.272464
1497620248190726154 2294.843196
1497617550863126528 2413.541982
1497610422635089921 3389.509778
1497605890899386373 2347.598212
1497604638866092034 6726.26454
1497604479587340295 8559.501346
1497603887578103812 1121.04409
1497602130227740683 3903.871184
1497598099585388548 3323.566008
1497596334567837702 19717.18723
1497596084838932486 13492.095342
1497595818441912328 2598.184538
1497594861326843908 2110.20064
1497593808950865924 3745.606136
1497592058017632265 2650.939554
1497590793300811781 2453.108244
1497588401901559810 10564.191954
1497587025658236935 21339.403972
1497586133185794049 5051.292782
1497585504124125188 2334.409458
1497583004436340739 4813.89521
1497577204573736971 2848.770864
1497574694295375883 10986.232082
1497574185887014915 16802.472596
1497572229793652737 5104.047798
1497571663310999563 8242.97125
1497570922991165443 11038.987098
1497568407142739972 3679.662366
1497567391420764167 10920.288312
1497566622940377091 2664.128308
1497563887226425345 7781.36486
1497559601637646340 7913.2524
1497559081082576907 8295.726266
1497556829487960065 1516.70671
1497551040874708994 7148.304668
1497549525573156864 9205.750292
1497548248621338628 14969.23579
1497547262423142400 2400.353228
1497544984366571525 3495.01981
1497544656225280010 8163.838726
1497542461517930499 12160.031188
1497540231389716483 80767.929496
1497539961188499460 16419.99873
1497535690631954440 9443.147864
1497531211446640640 12014.954894
1497526929385209860 1200.176614
1497526867351556100 8862.842688
1497525365564223490 5038.104028
1497522094179065859 2967.46965
1497521596055134212 2927.903388
1497517316254404615 2835.58211
1497516044776357891 3930.248692
1497515304871727106 1398.007924
1497514312092590081 17989.460456
1497513783740313602 14520.818154
1497510081814007811 26522.584294
1497505221039247361 9377.204094
1497505027400871939 7267.003454
1497504985550049288 4800.706456
1497501014206947330 8427.613806
1497496171006279684 13755.870422
1497494673975353346 3996.192462
1497492857741000704 5776.674252
1497487870550056961 1965.124346
1497485095422341120 110323.92721
1497484346986483713 2584.995784
1497483349497196552 40186.133438
