1504153258654199809 210725009.714817
1502642268087283712 240706944.806965
1501919898590941185 212518733.9991755
1501917790130749446 235067732.773991
1501914631761104902 217674682.033328
1501828891245105155 225948151.7971145
1501746972512092161 190085091.5351505
1501535073379942402 249986121.8808135
1501532342552510464 192161662.566341
1501531378512318465 190467753.3155735
1501476123901042688 236068267.155318
1501255921107972096 195250800.660916
1501244913828069378 200624956.3237075
1501220269658374144 143636487.2748
1501220236569497601 213773619.037303
1501168362247766023 218462316.660718
1500759533521539073 218325144.0852625
1500455666338578433 251638242.8638
1500061430107697154 228569994.498963
1499702117145083909 242535755.0427435
1499334065157476353 207998921.253461
1494665747120803842 204670883.815307
1494620506565525508 181894793.469025
1494620287341850624 176488475.6840985
1494613792214319114 120935516.850148
1494613652594249728 184552126.9601945
1494536025016004614 192849414.6871565
1494328961890873347 199616662.549278
1484165878040072194 107871757.64079
1483080435634688003 272443267.434091
1476503411244036098 285502663.390516
1476493222201655300 240010578.635256
1476464124573876232 198580434.9596795
1476463970047299585 279771283.262081
1476249901172682754 275382345.613362
1476245526689779712 270501372.4779665
1476219365381279746 239495692.2981675
1476219248326606848 295990124.161888
1476213829445251072 320739484.401622
1472135385325391873 207188773.1405765
1469884674730520576 194520945.3983965
1468936557805842435 170234382.352489
1468936008276520960 187810712.2073325
1468935904513654784 168031097.0582855
1468934463904432130 276656932.7626715
1467760624461443077 210258479.0159035
1467354465783058433 240709823.654261
1467207223806140417 245638117.8420845
1467100028569526272 214746871.8423015
1467036237869453312 204005667.6709805
1467035865486487560 181461931.788878
1466885385644961798 134557007.741117
1466885251116929026 246841543.484796
1466884392937086978 259482516.979543
1466864606488383491 193875971.14912
1466713216721960961 253228018.8100325
1466682907448070144 264566628.7772625
1466666177271271427 252685581.0046815
1466664095843643392 279150981.633771
1466663290889666561 257298933.7965215
1466292907527196679 311529714.5368005
1466289691552976901 268598274.4873545
1465937474727792648 289204073.8283645
1465905464810475520 179640251.198356
1465904712599814145 261149819.383817
1465904680714706945 307456955.2887625
1465526482923495424 305617866.6684975
1465495428539944961 279662404.3577065
1465053158778888193 171876000.041044
1464885392818130949 274256963.7215655
1464857729881698310 252261783.195318
1464853600891334658 292512071.790419
1464788586742444039 310714663.387115
1463563522579656705 334209408.4806555
1463452193416040455 302733441.6058615
1463419750650814472 173676719.024692
1462684095540989961 302116153.7708145
1462676226779205632 343466094.560004
1462674110723485699 291852725.795657
1462669627801030661 284910430.523342
1462665953590710273 291834598.05409
1462659401437696000 276192358.7802795
1462658991654273028 311542804.2955995
1461949453842071554 382138617.3999355
1461948320708919296 312799353.66732
1461551316723924996 324980431.306531
1460833721624379395 263354813.9936025
1459448695271792645 290839731.403377
1459397917576339456 183029306.7045885
1457670625036627972 254114906.196151
1456964944805593090 163884634.821271
1456269734077296645 282096357.291502
1455545051925426185 257918178.34809
1455460080099348483 239926417.333837
1455157226402824195 245013542.9248195
1455156498322001920 216742767.6762205
1455126861327921156 208438980.051848
1455125483973005317 221468620.4225495
1455124573448331264 223277053.817311
1452260877596446725 285748962.2712855
1452253891328819201 291552988.3119555
1452204985173770240 245900880.130828
1452161611179847685 267187346.929386
1451793304719269892 235123487.9493565
1451455464969891844 246867992.894328
1450425613530005510 156854984.526318
1448999380862730245 288859826.6665475
1448974147678130182 233314897.1176335
1448259335021207553 281867601.3864425
1448224811558129668 257134951.955622
1448100104276221962 211833410.905766
1447983984944697344 276285359.042537
1447981932940181505 260355257.530121
1447981379824672772 261948834.454424
1447980853078814721 254042125.337949
1445397240118382592 264760793.532781
1445341376409788420 203746211.5584285
1444406243376861188 273535587.5639725
1444344486100758539 275882410.385075
1443741840700633088 265387954.9144135
1443154830172643329 338106692.9896045
1441376655142907904 278814943.6849465
1441267276628385795 244341646.9551265
1441253470158290944 238429146.847983
1440829992674365446 255404067.5098965
1440787443821649921 270770522.209148
1440425839766560778 289696649.098909
1440363628243210245 303751766.363838
1440127711066800132 341974604.2597365
1440127439368179717 286216347.62799
1440123661642469384 283663439.824284
1440114687656431617 326438455.0069825
1439973493114753024 291760805.1011355
1439964393723269130 290710745.5499195
1439947162863947779 320450992.4151705
1439177327053660163 336922564.620174
1437692875395850240 321352813.821637
1437357107137843203 300794807.8439395
1436969656749674507 243889308.0737425
1436933334597312514 253460058.400289
1436931547739852800 122710843.5010055
1436931276053770240 242248252.66005
1436928967773097985 232400728.1551865
1436774056913563651 222896776.082305
1436710944613167104 308859763.5977165
1436384906683187202 300593131.096258
1436260388547358721 319971664.3403865
1436251830606970884 278382621.7886675
1434057144488185862 289480870.497676
1433750079207194627 189800153.12583
1433035727734927361 269093121.3483435
1433031706211074049 124259753.3102315
1433031517492572166 284459576.047595
1433019625957052417 306235604.3234345
1432982585433485324 254875799.0310805
1432742022264197122 321491223.40179
1432733826812297221 245374028.5846655
1432339641387012097 268284772.515019
1431941840526143489 310887169.31493
1431859868630061060 243727148.0033975
1431859612509085698 240758066.8374635
1431196789047058440 278413052.104226
1431189539213561860 266447258.264369
1427535114163036161 244818568.493499
1427529272046981125 242261139.9998985
1427515934009266179 218582935.8642215
1425509928119140352 276914994.4335645
1424756785102032900 299966621.953466
1424642139913293824 245748391.188118
1423454002931388418 227955652.9841955
1422237834144931844 290293987.4218345
1421818176485007363 267605364.553163
1419534667250761732 266392965.003646
1418951437057396739 305453457.4987025
1416987966421884929 273416587.712073
1415951356645445635 286133693.2232025
1414814723535564801 313409421.8931325
1414806561914949636 314569462.4074535
1414214683041558530 297843157.198743
1414126409606336520 293565909.828711
1413368976218886145 250703742.042325
1412788409261690883 289372508.886175
1411640442932719622 291605639.73008
1410088115138531329 189687203.351451
1409893911053492228 286934215.190441
1409558736365002752 225451528.14756
1409157576902602759 279533688.396183
1409108537712603143 184310843.5711985
1408431852436615172 339271704.01371
1408035725224779780 301294107.9218395
1407979717009965060 306364837.5778315
1407327165876604936 305148277.194332
1405754294603706368 256343201.4762385
1404487921525170176 305669685.9198255
1404456167892418572 279406861.6781975
1404445709445652481 281307260.7494695
1404435405764657156 302739154.3184645
1404426242447740931 350106425.740162
1404425306979528710 293616064.746446
1404088607430742024 298943978.9245455
1404072681419382794 281797406.992608
1404050939430850561 284793005.0410575
1404008708003143683 330507053.421038
1403969848766464000 302915596.170317
1402588405205139458 273674874.292911
1402071882564661250 305595465.6379755
1401554767638188032 248871130.828476
1399765397369393167 153398860.8744865
1399762936189669380 285165073.563071
1399761155753758726 352794122.0739065
1399759401171386368 268417694.292514
1399752843045720073 281192511.6955305
1398587198425821184 314073693.41569
1398524646568329216 368849206.042759
1398302902393839616 329862551.482646
1398271253694193668 284165528.785502
1397924244646862854 268599623.9470245
1397514573075259396 272096276.370945
1397178944445509642 281103897.1772005
1397175741968650240 285834810.397292
1396785154320867329 275768471.006938
1396416463653670913 295765529.090811
1396406054611603466 283999230.372169
1395711118698422277 163132131.12729
1395706092160622593 312935086.8191275
1395598816615624704 266207009.46112
1394560311122821120 284165663.731469
1393887591129182209 279040573.3417705
1393231041184223239 307249363.4095275
1393178644252479488 298334113.1176835
1392330259094147072 299655638.9725145
1391372849344966658 252564826.855211
1390593010451116032 260085410.57811
1390592783547736066 180662871.736282
1390325343152529411 327550859.5949525
1390257066854391810 300788937.694375
1389518446312972289 282754398.808583
1389110301195341827 289444052.7396795
1388454942323605506 242876493.6094185
1388057095904260101 187093654.3206835
1387319265137610757 301693120.655264
1385757153688834049 282885701.234474
1384588846843801601 337907962.5622025
1384020103327453186 277220624.557825
1383615929041358855 218570948.164153
1383464956859879426 255802472.9864695
1382679291905732608 300815297.139929
1381179392798302213 398524184.041971
1379948786592583681 283325782.5238555
1378651629210066944 279880949.351263
1378557840353157132 205592384.841961
1377873104546881536 195797781.647156
1376712834269159425 329158628.336785
1376139583151239172 255622859.9043925
1376138196153638913 245880008.487932
1376135651964252164 250708892.4800655
1376132999780036608 246766221.1442155
1376130510183788544 256862675.976205
1376127739028144130 249710742.1441555
1376124965141893120 262887766.0018155
1375365693160312840 263228482.077496
1371430508278685701 278556454.685158
1371330290837114888 289695929.387085
1371324800157712384 288928784.0556845
1371223956804399108 287635057.0700555
1371215110421630983 281146270.2108385
1371213642809581570 290572448.424739
1369281870823747590 206496747.730806
1369129407181320194 281232230.7918175
1369128686880878593 269169680.6936215
1368963476056535045 275958654.85643
1368954289620619267 251850985.1807755
1368953212489764871 257948968.5195605
1368948040392839174 122771479.2221775
1368947929734553603 260551109.110227
1368947157370163203 255202120.870281
1368941129190666242 261458238.3913955
1368913515977744385 260872617.8766045
1368769521364787204 260940293.279055
1368132351457337348 281339917.6734835
1367721673651154945 274578517.469932
1366403521843654660 234463917.0446495
1364465494607106056 282130678.549109
1364415355146235910 410911729.010692
1364103074860556290 260837981.7450745
1363521271946911745 289389152.222105
1362444723789570054 138316197.543836
1362420731330523136 125315952.902946
1362408766180892678 232418698.459792
1362408283986886660 250197649.684086
1362386381046079490 115270305.227532
1362321581125431300 165200133.089576
1362318342460043264 211226491.4191835
1362318282234073089 168561254.7806395
1362316788910858242 164593753.3868615
1362312579255738371 177148946.2285855
1362179438876655616 197528103.818019
1362058250242301952 202029339.0022765
1362057274995265542 248684410.592137
1360879945916932101 184068030.7945765
1359828772577366024 244867126.5506245
1359746380235853826 255166427.6620095
1359690027387686917 244213898.1063665
1359509077429133316 262511469.172836
1358746980617383939 293485392.068401
1357012139114815489 296569087.342307
1356881196186103810 289830403.0432005
1355425922132832257 276662915.3672085
1355073664987762689 203102676.7328
1354965917034106881 247574907.3424575
1353536893787357184 439935052.935261
1352234315237580800 270114369.935605
1351888509594816517 272619079.5380975
1348309741852770304 265219789.748537
1348305387590541314 263419205.710856
1347073897728929792 282028142.1051835
1346834059930918912 284054355.7996885
1344944518404079616 277887752.436684
1344894163121127424 254986454.7240205
1344679464895057930 217779894.905599
1344282119317569543 262105326.794155
1344129411033911296 204009243.739106
1343963161997705216 293791786.8864745
1343958822604312576 301638197.646695
1343954172098449408 287828951.93364
1343949966281068544 305627222.9222095
1342445249457582080 258340041.9319265
1342389005925543937 234750204.91364
1342122908756275205 203782399.568579
1342115707731898369 255269211.5068745
1342100381052981248 238149336.3854085
1341948651304710144 221014009.950721
1339984844848132097 240618645.162558
1339953749284933634 241677543.6746125
1339870437740724224 246834301.384567
1338725857435607041 262028115.2100365
1337779003759894529 233154513.835854
1337767980864716800 242305199.858124
1337607475088900098 200570708.0449735
1335630928849162240 242059688.162162
1335618020186542081 227330965.611958
1335613670429052928 224193921.699098
1335613462026719232 187452318.209975
1335612068569858048 243485279.8485445
1335611801891827713 239601669.8642515
1335253117051420672 247757849.0917205
1335204458339307520 253281704.813904
1334529681991692288 152471489.698268
1334529244047630336 261572874.990362
1334528051149848580 246314781.9026115
1334525796124266496 252793717.7062375
1334525384117772293 252093910.41237
1334521779394551809 263127744.9131305
1334516130237575168 206791447.2317395
1334482610244833281 215768907.6143705
1333660900654411781 310925786.3524865
1333501267755167744 258457399.9412275
1332929253860466689 290258946.4524035
1332928961198710787 293151940.583944
1332908341878607875 240920901.6376435
1332346267574288384 270593225.6995045
1332304222780416002 260641230.5251885
1331808296752140288 170881088.408342
1331593522089127939 297061122.8289835
1331572784586113026 278718052.4806405
1331541959169638401 132360132.380346
1331391665391603713 174882258.8208865
1331367782034796545 242639685.928328
1331311148965064706 278130092.9024215
1331301461725118464 214295072.7447855
1331298544834076672 365234453.406719
1331259020720492546 254916665.168087
1330807007490711552 320973885.546301
1330773934250233856 147904805.7200155
1330508227105185792 259961102.8515085
1330508034813161472 261556546.528355
1330397419130019849 282039252.6564665
1329401552923099137 321610200.762695
1329047868796071936 229096486.1892135
1328887904068722688 276519107.9483755
1328587833158881280 318568586.1394985
1328311585983537153 287706555.941571
1328291234738171905 255288193.9062325
1327513568967680001 258471704.2137295
1327152276281110530 184751442.1534535
1327150210720653313 220029759.049412
1327101013350727680 289117595.954512
1325733618367393792 169220375.8654565
1324916409902592001 266392515.183756
1322103508485644289 266687079.7387225
1321398987459493888 277465551.48793
1320712062486548481 288557502.7184785
1319907527530704896 279238066.764475
1318532068347834370 280915692.5352245
1317412077967831040 300796112.3216205
1315934705238171648 271395456.982325
1315694702864203776 261785684.780321
1315693759275757569 283524040.640373
1315692430818074625 253458843.886586
1315691528258347008 258664137.1626715
1315690679419371526 261419621.353839
1315684903627837442 172243322.963218
1315684710723452930 312010684.454183
1315675480930967552 237771937.4976985
1315317786529263617 258832684.6754545
1315303273608499202 262529529.4414195
1315279865084477442 261608905.563551
1315272225637842945 251872756.4634515
1315245103133253633 265180318.0531895
1314927520475619328 273146763.2510565
1314919762191765504 267681833.934463
1314858838726639616 258793325.4350795
1314857687767609344 228992600.285618
1314514285301690369 261479694.8001485
1314466058481348608 254078268.3661105
1314207416548950022 276172634.178103
1314065930150797312 396205767.346922
1313879068618629120 276025588.056062
1313752168826978304 259651514.312216
1313694198621593601 312852072.558428
1313693643543244800 311295403.3560995
1313494532751851520 251327934.6126835
1313117834176655361 274894043.6317725
1311382180141039617 291970511.1338535
1311382044253892610 204263684.3598845
1311244918946291712 263559594.498525
1310818255481700352 258931015.3034085
1310208731909480448 261807748.4459255
1310110440240721921 250039987.812641
1308007533081014273 281799881.002003
1306974512584351745 282431945.4204365
1305495739317936129 239480353.4399185
1305490270352322565 276714149.8526795
1305415539452329985 248290458.332475
1305402421074558976 161879045.3687225
1304839137346772993 239973490.9853255
1304731413216804866 282984459.1913235
1304700169783357441 262991561.941433
1304596678717046784 241144079.776067
1304583132188901377 241442400.327115
1304581608402419712 204596168.731578
1304457109753348098 273178295.6253455
1304435393425596426 356850350.440987
1304055241051045891 287549546.3089665
1303346668012797952 345910011.004363
1303343927676731392 398188123.602152
1302120632331587585 280226995.79264
1301554926477213696 273293651.936136
1301554177634574337 177232455.291164
1301487849305382912 286604902.048972
1300749962792198144 291554742.6095265
1300738649693106183 404390869.993318
1300678911810875392 263817341.295495
1300675022004994048 282073326.513134
1300649500474736640 284262599.917764
1300528152473550848 215551824.5354565
1300525826266378240 205180507.2596825
1300525534498021376 218425004.1008425
1300523473538674689 181534712.64708
1300523283222155265 212798184.605838
1300522364011122688 167437874.5873535
1300521787587850242 263001750.3619415
1300450737495838720 350296294.715731
1300280041390002182 254165825.807699
1300268909266743303 243611769.2016125
1299255152625369088 285012359.710416
1298851635326676993 302334856.2013325
1297944747240116224 280692716.8157515
1297558868390641664 326189457.206873
1296826300334657542 291668681.9876635
1296743807438868480 278556252.2662075
1296701109340237824 357519435.0363675
1295762226238722049 302796371.4084725
1295652598381293570 256394031.1238085
1295640665963950082 305955209.095003
1294895899005480960 432005740.3693135
1294283216644222978 297615503.352414
1293902995822804993 296498870.457478
1293577803762294784 305730659.005915
1293126452892729345 273972160.258212
1293082590891532288 272377953.586063
1292855794430427136 282750710.285485
1292370058111414272 266666343.0417935
1292344098532155392 239360049.110338
1291032037114044416 196161056.19032
1288124043615285257 248860425.115094
1287423650237317120 327453226.187828
1287420594405818369 343366594.400336
1287030767353131008 245231705.5714695
1286311374713262080 266129325.566117
1284432123428876289 256134799.9212015
1284081027564990465 277604096.01405
1284055484182347776 241119901.9569795
1282235940379832320 266958883.407255
1281549542937116672 280500801.159683
1279801791958315009 267262196.959082
1278661224150917120 313330231.101498
1277853614988378112 267306234.326313
1277591581185282058 269185559.3357385
1276821136517414914 260858156.167141
1276093889737158657 274599883.914707
1275787954170953734 260398080.383649
1274618199636467712 292072080.4650155
1273472423636033539 265334651.2574485
1272427733637709825 247087842.3655655
1272181180855488512 247160983.0796795
1272141705874046976 249721605.294499
1272127208962678784 248019037.010849
1272124568837042177 246435176.19617
1271802145323401217 277035388.727123
1271502976062914561 281670737.711584
1271477224097460229 266343619.761713
1271461194931400704 245665444.400402
1270644334442934273 253282402.0347335
1269666841762267136 265548383.178182
1269224611712954369 292560697.320528
1268558179568254976 273756561.584935
1268422690336935943 284727421.3010955
1266702359196954626 279337364.5051925
1265632782530703362 259990993.383199
1265553523065880576 232465052.3994565
1264758066546798592 316864825.83314
1264478893081165825 250593176.313363
1264179177005084673 252352984.1780155
1264027601128943617 272327866.1413115
1263811356098088960 216882819.098972
1263763539623211008 230327665.719138
1263745735184416769 241733816.1428515
1262066136251691010 133311186.573773
1262065461644017666 187812219.103964
1262057311356555266 251354631.423155
1261298966160797696 270499415.761445
1260209716598157312 243479634.608925
1259415002785538048 239017443.7911195
1259097893761241088 231907185.7718785
1259020040768118785 189179244.2406685
1258799550019452931 262614927.747536
1258704412295360514 230111009.9691195
1258403462204633088 251582397.7244565
1257996488803667968 213163011.0276225
1257963496030892035 226013173.262214
1257720494259761157 260950841.5554755
1257577057862610951 332783029.6094655
1257193894225211392 242089488.7298745
1256648835272605697 523700197.977138
1256554500988366850 231688168.4674375
1255732204342214658 271847818.3547035
1254981185735757824 220394248.106279
1254828284308668421 238078377.297761
1254817417273851904 230603225.383752
1253938944321835008 158324411.160981
1253313224264413185 247274585.092899
1253294576397246464 162032681.352152
1253248498322956289 219583807.610466
1252568005545832449 212312334.142649
1252184329188306944 231987995.915117
1252103558842904577 205632891.1230555
1251708919640027138 215603283.9308725
1251421571232587777 272643167.393207
1251110363816275969 164032783.0020425
1251091835327361025 215381770.126042
1250744055442501632 278341170.885804
1250280302984826880 203347176.3340095
1249906567320711169 218058805.7283935
1249548276761649152 170895685.0637725
1247876628782276613 215573753.255094
1247417472946339840 198955922.112857
1246745296769449985 282173006.600758
1246387077257654272 218745163.40755
1245908441991798785 148127376.6015875
1245901677640597504 212471435.437742
1245311855465099264 218640018.0082625
1244832641234251776 203633194.311066
1244832197808291842 211601933.590372
1244831701227802624 205237162.074828
1244504043881410561 220177974.703167
1244163326285758465 167966772.8140155
1244154945185542144 201797681.7589265
1244147069742247942 192461287.59507
1243081434685788161 191294049.962509
1241310255776018432 195744612.936158
1241307492430123008 133890307.1911535
1241277057784360960 270898900.805754
1238102245167661057 167909780.6339525
1238068798646878210 185915935.8846855
1237307604021342208 200034657.6820605
1237024240400023554 126002288.091108
1237024164025794562 191220324.482538
1236999103935959040 142984990.6371185
1236674758193733632 208739639.666324
1236670727429873664 241519791.8391895
1236579788082384896 172609094.0067715
1236566616453697536 170834037.247848
1236563720957919232 195403357.0766095
1236350760356478977 202308497.2260105
1235918526528929792 177045330.216924
1235865274793873408 179445636.6229475
1235808948025872384 177973241.1770105
1235566308936175618 171637190.661443
1235565560039014400 181315402.9597105
1235526323893760000 168299549.5686375
1235180998448386049 195213083.2631395
1234402089154957319 182591249.604712
1234127815965982720 176058695.270198
1234051764661305344 204538119.4747735
1234035716264349696 171181433.148895
1233509327933255680 195871394.6721545
1233379185445359616 182923306.64751
1233057450326024192 197657741.910317
1233051653479120896 205311494.8116505
1233012228661506048 172434338.9795065
1232214284240769025 185081879.8446475
1231865615154991106 178686565.5585725
1231865000509067264 234221081.777033
1230626716428587008 163931483.5628145
1230518011586478080 171584741.662269
1229793281963249666 185215678.770928
1229733851728973824 181322397.659
1229722810584403969 181642691.9116745
1229662399604461568 183768428.256842
1229655455569338373 185252586.4929025
1229425440772608000 142540703.5317655
1228228463833698310 183093473.511897
1228144425097760768 180241457.9723355
1226856334429044739 161047350.883107
1226233806023200770 182862468.5073875
1225445313474809856 224671203.0933825
1224895701420654592 185104280.8751695
1224023086577487872 206229059.914267
1223420579509747712 194716886.9424805
1223105606757695490 186446071.116045
1223005206457176064 159197938.8963665
1222448033905790976 182017369.38905
1222437170733932544 184051297.4946685
1222380024352911360 234802361.5298855
1221682704539799552 175205476.902846
1221681091469135872 207418406.1944215
1221678652275843072 183805763.307712
1221651912740622336 189442591.295269
1221648172927209472 184742355.7916755
1221636933299818497 176209384.933348
1221635038841716736 188934159.873602
1220091784723755008 181349206.924444
1219217209072869376 178265376.704571
1219214717572378625 186637896.8081355
1219152434942992385 116583329.486442
1218488831034310657 179244859.515046
1218486887502905345 173903045.9023455
1218476412123770881 181340480.418578
1218258658351411200 188791679.4234445
1218096457711939584 174634655.462436
1217181382062960642 199149052.2826285
1216611910017093632 188883914.991889
1216266449368387584 190222781.4034795
1215998472886734853 232130318.928313
1215453739756093440 150761184.51251
1215214512481030148 125412326.8143785
1214112257757433857 164182505.552429
1213829377240125442 171483307.277074
1213824664734031877 172679265.9096115
1213815851586965504 175265662.804128
1213437418424033282 190897713.65743
1212264188552327168 188815362.440653
1212259597790126080 251432562.7190975
1212259314737582081 184994389.8760425
1212252401727680512 211828755.2699045
1212041488206577665 248777973.129257
1211464570885177344 245385341.554899
1211331978319892480 214167908.6618825
1211323055206617089 138333403.1546285
1211322860691582976 206940944.872181
1211320620111167488 148580120.3208725
1211312804180873216 209014029.799224
1210606912233824256 185629760.4706675
1210586263415209990 157655573.96654
1210585179439296512 163549046.6923365
1210582605810159617 177768685.582033
1210580016351735810 191674057.805581
1210579934462148608 126266692.22245
1210579883727843328 132167137.1565415
1210578696949518337 162862981.3961085
1209837566507143168 178476567.142926
1209535748833251328 142186965.1702695
1209325403661144064 194954234.407439
1207988424868712448 171749848.0528935
1206255269476360193 203925419.8026045
1206149180592230400 180348425.1421775
1205869226218512384 182114035.683411
1205826532452626432 177209964.296664
1205718850135703554 189721479.627069
1205706990174928898 187402118.310251
1205706689862762496 188033193.1249265
1205037354466988032 184690604.013331
1203898943471419392 137189601.1383365
1203562912666681344 174969276.478607
1203560082463526912 167059486.0958855
1203557888536432645 178815618.8850135
1203499980075327489 229771395.9521695
1202818000379711489 158800500.532557
1202467399858966528 170595722.670126
1202261819366100993 169310677.208374
1202251485213421569 166999929.9424495
1202232640402681857 166750864.6693565
1202223181328605184 175050716.3696915
1202143801856233472 178664389.4379955
1201905508946309121 129743080.260326
1201899912461340672 159825685.043856
1201898063494729729 171101747.5553815
1201897533062012928 166895369.309019
1200833837573398528 223263851.6035395
1200803659761602562 174545366.214271
1200792368795942914 169486084.4744795
1200791095229083649 166893052.7365855
1200789008889987072 171586136.103928
1200785498119127040 246139284.672528
1198536442936356865 177630680.839781
1198534109506572288 174656696.637046
1198430831204716544 133894265.6061855
1197603800489443330 251483864.677552
1197171513222320131 198846570.897598
1196741000774877185 172437510.209731
1196012212793380866 163093109.2518325
1195533451346055168 186662074.627223
1194076110339727360 183406795.5562765
1193170013894533120 184640336.6406235
1192780087273250817 183263910.268218
1191654468263108608 190291581.355655
1191331067388559362 168982938.43652
1189801226440806401 218732680.9056025
1189798680397631489 165571234.498826
1189479444592726016 171668273.215842
1189246917580148736 232819622.927749
1189241780845367298 243240465.373412
1189172382897864704 181253665.179808
1189169702578180096 170879738.948672
1188671630685302784 175001348.636764
1188469297128935425 225048287.1071695
1188446893174484995 183700707.8724025
1188336009609543681 166787974.8102815
1188328150628913152 176756590.829533
1188084012654321666 178114169.7485475
1187743006360604672 170647317.011509
1187730676507803648 189075853.138952
1187258132717699072 228878233.5785855
1186935841618182144 196106920.3665585
1186923892100587521 216548288.046779
1186918474435575809 182989047.8244335
1186901699312533504 190256877.7511415
1186585193945038850 178698710.6956025
1186546195537072128 167664718.7578805
1185858076282212352 180961192.28733
1185095856665460736 173160213.3359995
1185078289091555328 169818298.954239
