1503916575547707392 209638.127358
1480612759775719425 1735100.792074
1480574095750311938 1305173.542496
1480572930673229828 148734.664156
1480572729019535362 98893.065054
1480572468310032384 3036702.932732
1449001297856839708 1102678.218814
1443219025723596801 319466.635208
1435792992296636419 1844992.510576
1435790990451908608 659666.364272
1435782894996295682 809191.161578
1435745719294517250 552303.07185
1435745362686455808 3893681.347222
1433659821899669504 288366.994424
1414652304502964225 524363.963666
1409170368745467913 243866.695416
1407861576409882625 4546110.09184
1407861549541117965 4245417.020276
1407861389301981191 12048993.246958
1405175296563855363 297690.565594
1392440553745395712 597593.504008
1389753573999726596 296268.325924
1389752041614938112 798824.61465
1388494946450100225 821359.212088
1388271317451829248 2797292.588282
1384901945920565257 615829.77711
1384624115621908483 922685.887244
1354547483083329538 1634248.196808
1354116545476141056 1878841.814722
1354116277116096512 1154447.742802
1354115545868603392 186977.108616
1352350806167568386 271552.960992
1352350600680247297 730083.0306
1352107844267458560 364535.830084
1352105391069425669 306761.294156
1352104888491147264 2029188.350504
1351962314325442565 3037745.90849
1349364241145454594 514629.523258
1349363968536694784 1543888.569774
1344433176853286913 758306.586718
1339590791560237057 4211662.532108
1335642445468606471 437449.317166
1334948207235883009 824993.824578
1326967919310475265 178380.459944
1326572473781989377 765101.731808
1324851041150619653 684255.3079
1324061508825944065 3919629.319868
1323734499239301120 745727.66697
1321856605558812683 659445.12699
1320865186287394816 279991.583034
1311365215511027712 332235.186912
1310725716183523329 2705731.95886
1308466596302565379 178980.961138
1308465951625543680 412354.688322
1295848553999486976 239378.739124
1294367244508594179 2316259.526562
1280252496288636929 1789430.347468
1278041934985146374 674362.840862
1270063548501237761 3351207.531758
1266853404346810369 8804548.506428
1258270553472937984 3525605.720626
1256044751905832960 13303693.083832
1255667085956517889 482518.512042
1250127952429420544 188114.900352
1249138971281588224 154676.465444
1249138578980036608 171964.578766
1248734939991998469 792124.285538
1248659642781179909 200599.004122
1248647104781791232 300503.439608
1248316483324858368 890701.297332
1248305971946041344 107047.239162
1247177981006618625 679166.850414
1246893134065393671 380496.519714
1246512872001282058 222059.020476
1244052327067275266 150757.40502
1239231747017125888 369908.735504
1237785548166586374 290389.735288
1237614012612804617 156794.022286
1237408204272726016 297500.933638
1237387690762309632 233120.884576
1236421885564538882 271647.77697
1236017815469133824 143235.337432
1236017561705287681 219309.357114
1235667907008278528 267001.794048
1234529378819870723 221047.650044
1233538878293893120 226483.766116
1233398533253976064 101168.648526
1233246730398896129 1456310.211428
1233135509167386628 118867.631086
1232814327759097857 304801.763944
1232736707969241088 622182.447636
1232713819501273095 225314.369054
1232701153512742912 3900666.124268
1232692479268392962 215200.664734
1232622777548574720 353631.992614
1232339389222662147 699805.128292
1231727916851105792 125030.669656
1230871556865347584 378536.989502
1229797684585910273 378189.330916
1227972661378191363 356318.445324
1227972470315061248 472215.175766
1226212068736618514 211281.60431
1226200360366280704 701891.079808
1226199404945838081 1161400.914522
1225881669548290048 654546.30146
1225661243614085120 552050.229242
1225660711726006274 446520.045728
1225659723447300096 620855.023944
1218185336603529217 686815.339306
1211717959334408194 345762.26644
1194993347930345474 555684.841732
1193197208461627404 686309.65409
1179759810935427074 2311897.991574
1179544645275209728 624995.32165
1177993184015720457 720917.48606
1177205577564508165 459952.309278
1175098054304829440 229991.957302
1173411054468173824 1771225.679692
1172119901844189184 364725.46204
1168197398570635265 440609.849766
1164565125665136640 735613.96265
1162133800849219585 6370685.56182
1150732939728228357 1320628.54691
1147207091402268672 1340887.560876
1144992617358381056 215200.664734
1142097332332322816 1011939.327868
1141737898347302912 748192.882398
1141494298367668230 248259.83573
1139606075529994240 272722.358054
1136810246649892869 434952.496412
1136470332938825729 444370.88356
1130536683034882049 1364559.95005
1130142702094491649 505969.663934
1128025243401035781 343455.077642
1128024583066595328 517284.370642
1127630190681706498 2716604.191004
1127345937452621825 5810639.1851
1127278938273779712 6401753.597278
1127278141221867521 749615.122068
1126228035328454657 1763766.822756
1125067792959647745 254675.716908
1123615701984583680 5504857.65605
1117477244937441281 2471852.54646
1117173512903581696 605779.283442
1116039844256538624 530527.002236
1115693445706862594 163083.48216
1114934632070492160 1164719.473752
1113562496768577538 554357.41804
1112847151946661888 774678.145586
1111723907847995393 1689367.885352
1109857242118086656 1380394.218376
1105533976482074625 270731.222516
1102375600625455105 4351358.073028
1100167749240795139 571297.872776
1100035247117357056 673762.339668
1098045388546863105 919304.117362
1093531157600317441 602839.988124
1089245998319394817 863931.58621
1086938197538549760 882641.939202
1084607678922534912 2002861.113946
1084219705374752768 3933409.242004
1083766526291922945 1244017.236686
1083086001017360387 712162.810758
1082476231591903233 2225394.214312
1081694617647702021 1169365.456674
1079048075052756992 1424862.912058
1075844848459034624 7325261.222998
1074075832786829312 3301681.985916
1066379677273661442 266496.108832
1066357919275499520 560172.798024
1064286635079200769 806631.130172
1062785095441018881 559256.24357
1062026300242755584 735108.277434
1062025116048150529 2481207.722956
1060649043834101775 554420.628692
1059470176805158912 361248.87618
1059081473511358464 1075149.979868
1058735866133299203 651543.79549
1058207443640033280 920220.671816
1058205387260862464 2407346.076094
1058043769797427203 957578.167148
1057981573134516224 2454690.854442
1057816420854231040 845663.707782
1057795766968897536 5707068.531798
1057420352475795457 1878746.998744
1057066459875155968 295067.323536
1056935027819380736 500343.915906
1056669610173480960 778976.469922
1055930490639863810 744621.48056
1055235132414672897 1066869.384456
1054912840090480640 237324.392934
1054782642980302848 657137.938192
1053794521480347648 654704.32809
1053689881732542464 296457.95788
1053350330891530240 366811.413556
1050192092180488193 783559.242192
1048801402280189952 737478.676884
1047967380100587520 575090.511896
1047593613625106442 559793.534112
1045389998990774273 1072811.185744
1043712351084535809 15807814.668138
1042946981189111808 1051825.24928
1042200798606897152 10173659.623422
1041861322223349763 15169608.32022
1040710416228212737 469054.643166
1037526896832126979 2453932.326618
1030621501584801792 822465.398498
1030118936325574657 3666123.000022
1028245378154385409 1279257.175176
1027961290784948224 2031211.091368
1025867320407846912 5590065.614946
1022089940606312448 9659757.022662
1017493374943756289 734191.72298
1017443048676999168 1272651.662042
1017205312657317888 651670.216794
1016641874772275200 4741083.347934
1016639287511699456 198702.684562
1016634446550745088 275061.152178
1016350124790951937 2034087.176034
1016306616235200512 348259.087194
1015763440600694784 916175.190088
1014984332002385921 585709.901432
1014906821570637828 2096823.748144
1014500531472093189 886624.210278
1014206242624036870 1399452.229954
1013747177544273922 290168.498006
1007721949957459968 297184.880378
1007720670195691520 633212.70641
1007718855232221184 909380.044998
1007718475446415361 256730.063098
1006982838451875840 765038.521156
1004849273035460614 290389.735288
1004398582844321792 922116.991376
1003732622122541056 400881.954984
1003502513675472896 1093702.30623
1003334746305368070 266717.346114
1001117524233150464 459636.256018
1000757489586012160 1130522.51102
1000072237125423104 1177930.50002
998801100999462912 1305837.254342
998711740824104962 859917.709808
998329016192036867 699994.760248
997979833463394305 805777.78637
997884828576968705 291274.684416
997564884182274054 242223.218464
997159048100261888 790069.939348
996507685620256768 698319.67797
996215593647919106 1899480.0926
995825084278411264 1918538.104178
995315311342743552 729040.054842
994934633602088960 1177329.998826
994280427451027463 462385.91938
993942781583294465 1088487.42744
993745603141218304 474301.127282
993486730224439298 422721.23525
992080369397714945 2956425.404692
991772569421451264 961339.200942
991428628729810945 389251.195016
991104830121771008 3112397.688502
991104016317726720 4720887.54462
990668014709174272 769842.530708
990641085289349120 216938.957664
989924667359092736 505242.741436
988909701978050561 1058146.31448
988156454828945408 1082545.626152
987449697395773441 1458332.952292
986745883067846656 452619.873646
985985698447667200 1104511.327722
985193091639328768 503915.317744
984996359479676928 878027.561606
983774241056284672 690007.477232
982341505158471681 653282.08842
982010174742417408 439977.743246
981947319838040066 347405.743392
981947050542723075 771138.349074
981931045770571781 341748.390038
981924705597702144 1631877.797358
981924633128550400 371109.737892
981923270248181761 294182.374408
981002882962116608 1529571.357096
980836014238334977 597561.898682
980832710951399425 458277.227
980323351586623489 2966823.556946
979586706260353024 1622332.988906
979086252136943618 408309.206594
978815611663998976 1458585.7949
978275707737575424 605463.230182
978138948026413058 827838.303918
978064694702411777 361754.561396
977672318687342593 1673533.617026
976955609009606657 306792.899482
976494958008991744 1128215.322222
975776301670805505 1422050.038044
975135339730780160 1010738.32548
974697269919272960 779734.997746
974330250590072835 352999.886094
974140975588163584 645222.73029
974068497352294400 867439.777396
973583234926723072 185839.31688
973582776678023170 1463105.356518
972849087874850817 730051.425274
969364839519965184 838173.24552
966817640936128512 940858.949694
966753957488947200 641809.355082
966402895535996928 374017.427884
966401209882968064 2017842.03847
966023575768653830 1267057.51934
962087272194519040 738490.047316
961734933768151040 563270.119972
961329971108110336 1141742.40175
961060247174488065 1023254.034576
960965962483736577 1005302.209408
960721998996373504 1550114.818996
960682458135097344 1613104.233714
960629944186388483 455053.483748
960628627044933632 797813.244218
960596057091727362 3640585.896614
960330341750784000 3807082.753982
960330051630714880 3808188.940392
960329711850156032 3619473.538846
960315541570203648 9600275.79913
960212950131904512 592030.966632
959963457645895680 975593.202968
959831370787885056 1079227.066922
959627772565049347 693736.9057
959620647990255622 2519070.903504
959504712553857025 2943846.484944
959492031436476416 1344743.410648
959452561026756608 537227.331348
959439382615818240 850530.927986
959290586820833281 3083763.263146
959290290178736128 517252.765316
959283682212065281 1111053.630204
959218381621743616 779513.760464
959165926712193024 1181407.08588
959123437703909377 1008968.427224
959116267021127680 330212.446048
958923721531564033 1776693.40109
958905407983927296 1153910.45226
958887981573533696 1946635.238992
958868282898968576 418644.148196
958820557243518976 2961671.888808
958522369022205952 1868570.083772
958414515376308224 2257536.830854
958248439258624002 948222.990652
958102267852308480 1056376.416224
958045797622272000 1240319.413544
957995375813591041 209290.468772
957995054878150657 395572.260216
957752878633906176 1445848.848522
957752652418330624 453410.006796
957427866265726976 2212562.451956
957316687564451840 875657.162156
957046384099840001 441178.745634
957040050511822848 433972.731306
957034178771525633 1128879.034068
957000206322561024 1080143.621376
956967136592670720 676353.9764
956624156841320448 505274.346762
956604881518804992 521456.273674
956597738593923072 804671.59996
956573086148538368 1741421.857274
956544182423867398 703092.082196
956248748908138496 1430899.529324
956185175456604161 1187696.545754
955881896642150400 1239876.93898
955834297415557120 379200.701348
955826144502218754 989594.362386
955825401019944960 2465025.796044
955507092332228608 957989.036386
955437046440525824 786782.985444
955217147902349312 1335072.180892
954077198671020033 343044.208404
954060606071562241 778755.23264
953979370271657984 1646163.40471
953977499523969025 1018102.366438
953725135739113473 1523661.161134
953334097342066689 569970.449084
953073852099121152 1998720.81624
952984564779003905 1766453.275466
952975337704640513 301356.78341
952661316799430657 393675.940656
952372028291481600 2436928.66123
952193755024707585 1717591.44147
952003295664467968 794052.210424
951912432749834240 390452.197404
951541858622148608 407519.073444
951540353018015745 231287.775668
951109151886794753 474490.759238
950763081545629698 381318.25819
950759254066999297 1432985.48084
950351914817921024 1842938.164386
950144980877656064 5479352.157968
950136611391471616 7914858.579528
950128065870422016 433087.782178
949823412674818049 1092153.645256
949819582398611456 774204.065696
949780223859474432 322974.826394
949779126956703744 724552.09855
949778741760180225 273006.805988
949721427384582144 1955674.362228
949452254645334016 1136179.864374
949426181543047168 736656.938408
949423045285789696 455306.326356
949416671785058305 990858.575426
949388179513081856 234132.255008
949310362477711360 2722198.333706
949151289136496640 1937058.825214
949148121300287493 3492830.997564
949026908171157504 485837.071272
949026473880375297 296868.827118
949026129364398081 1212317.094708
949025980038856704 325692.88443
949024749304164352 176389.324406
949008677821865984 1401127.312232
948947533522386949 2013986.188698
948570046682427393 2454564.433138
948283450208890880 2174320.007496
948211577525739521 9736431.543538
947939373428953095 2031116.27539
945143831464415232 1431436.819866
944717544396431360 1560512.97125
943603878766960640 679356.48237
943527112891187200 3049439.87911
943137327097962496 267159.820678
942866027460820992 6105042.79679
939619822387601408 924740.233434
939277126510899201 1954346.938536
939224242884722688 450470.711478
938985350071967744 1154479.348128
938971923081445376 1554855.617896
938569037855956992 1035453.690412
937839852594139136 274681.888266
937028116148469760 426134.610458
936747814293401601 531949.241906
936308388081778688 979670.290022
936049596949708801 1160547.57072
934479714898595840 637921.899984
934239784486125568 641904.17106
933105257793519617 4134387.510038
932133553503997952 2859965.94974
930938758630817792 402620.247914
930259985501536256 1786301.420194
929502682577956864 1807255.751332
929502192242798593 572467.269838
928782626898427904 1001130.306376
928467729870348288 1025055.538158
927258181033631744 943513.797078
927244284000112640 1732256.312734
927234832886726656 656031.751782
927016082417762304 1641232.973854
926245907208769537 324365.460738
926111177922379776 1073506.502916
925496297024401408 7989225.911606
924873728097263617 1880769.739608
924841319083655169 882799.965832
922298279261622272 793641.341186
922295425742368769 345888.687744
922285331721760768 353631.992614
922284361080127488 1179542.371646
922267323829968896 10986137.738904
922251373311176705 11787806.832894
922181560551407616 977331.495898
921787431262633984 525501.755402
921183171906912256 921611.30616
920350307053289472 886624.210278
919322828620607488 2464109.24159
919259247472410625 1915409.176904
917866999916650496 3353672.747186
916139056752295937 1417246.028492
913820279922503680 228696.138936
912469851465117696 1234282.796278
912167363339968512 1757003.282992
911985122974498816 789911.912718
911784602771116033 664501.97915
911784253507166208 1939397.619338
911320396078690306 505242.741436
910681355133976576 1455583.28893
910248691625324544 2351120.20114
909832240321855488 5415098.53021
909608229428125696 5443954.192848
908840132551131136 987413.594892
907454422547968000 927268.659514
905842682655735808 956788.033998
900384218152411136 535868.30233
895344390935240704 812509.720808
895080579216982016 1125908.133424
892043437993861121 1090194.115044
891171996264009729 736467.306452
889984102669176845 1062128.585556
888225948897878020 13588141.017832
886328111419318272 539060.440256
885578814230675456 1885320.906552
883371313137692672 525659.782032
882602150387429377 1023127.613272
880903712897683456 1864998.681934
880513119604285440 361691.350744
879441447312695297 435900.656192
878676853208305664 789469.438154
877386143532068864 1015573.940358
877385603414986752 583655.555242
877385252213186560 993323.790854
876526010597949440 1019809.054042
872610044591919108 1095440.59916
872606960604114945 5427835.476588
869240867445501953 2378395.597478
868558808791957504 1412947.704156
868211027606872064 883684.91496
866849996020359169 16015272.028002
866342569831088128 1177045.550892
865670444753588225 2404849.25534
863899707050831872 912414.156294
863140055514095617 270699.61719
862821232349126656 661025.39329
861963228162605056 473447.78348
861270627021275136 462449.130032
859152083714551810 117451902.113156
858633066985791488 546708.929148
857816708739989504 768104.237778
857344061836992512 845252.838544
855992133769211904 2296601.01379
851496241972166657 812983.800698
849777740031041536 1276033.431924
849275259773607936 674173.208906
848722422870065152 673541.102386
846965433177706496 548194.37947
846914311087779841 694463.828198
843561070518128640 1285989.109614
840369022440943616 1178752.238496
839683895759036417 682991.09486
839674772460089345 1561018.656466
839673661770641408 2436928.66123
839660011651543041 2951273.736554
839204158381027328 768388.685712
838974354360778752 1061844.137622
838863786287079424 599047.349004
838766242852823041 372848.030822
838562830580252672 1070883.260858
837820280118530049 1346987.388794
837409352436723712 554072.970106
836302777542291456 1440381.996627
836123864325201920 2463302.761101
836020572458868737 6212515.160481
