1520478911976640514 429036.056997
1520162080531300352 254685.690858
1519678299781406727 350654.977521
1519037270858289152 802957.1163975
1518690604162629633 783652.342443
1518356233157328896 800976.462435
1518249966896140289 716838.282108
1518005159766462465 341227.0646595
1517969137301078017 213065.548926
1517934793438154752 317142.3124755
1517666744558575617 748238.2495935
1517591901473370112 400778.727132
1517590706881130496 549274.9568805
1517580874811727872 270081.9743265
1517560861178662912 268391.8162785
1517526054466113537 376746.792387
1517521615059365893 268682.312193
1517521123742732288 404000.590911
1517293792503734272 1333112.16036
1517261996298756097 1657041.513747
1516853665306447872 1033029.8806815
1516190329518673929 12073142.2502175
1516160166718283790 751380.887214
1516141793292787717 1488052.1176665
1515710607277932548 1326853.2938385
1514653519868928004 1459715.561643
1514337198849630217 910968.7791525
1506764015124549647 2187592.688502
1506692730839355399 1138928.8458765
1505683242065739778 25075633.7483595
1503843961416343558 920449.509453
1496579067201601540 386016.2529315
1493666592626036736 497487.457941
1493391902275780611 5399817.2848845
1492630835375317001 7789436.6775615
1489641992996937734 853054.457289
1489612522340638723 769206.7728765
1489365408109023234 656151.044697
1488175366749442061 409784.1004815
1488175168342175749 706618.1076615
1480568327760191492 997457.335515
1478463294025437195 768546.554889
1477041998246858754 1051912.115124
1477041931171598341 4129214.563581
1476941080906108935 372019.6315965
1476616340844814342 923671.373232
1474441595143528450 4046977.811058
1474406433575903260 481721.4523995
1472974467047514114 450321.484914
1472670298608705551 174244.731261
1472571626105585675 229465.3637355
1472272982148063240 1603669.4916375
1471864055702953994 724602.445641
1471151034324205582 523658.4989655
1471150688181026819 398771.66445
1470828437304659974 741239.938926
1470445390990385153 158531.5431585
1470445289010049024 538553.0167635
1467975294044749835 1444028.78226
1467551089344098308 1599998.679627
1466782535531311108 470656.198929
1466502361279565830 1097440.747542
1466150835977609217 854401.3019835
1466047159866994700 418129.2558435
1463964564446486533 325117.7457645
1463921191647948813 788405.911953
1463920297682292736 268919.9906685
1462863101708185608 750773.4866655
1462038584878325760 349545.811302
1461781777673080844 454969.419546
1461781616020410376 380628.8741535
1461006208882593799 598078.2705165
1459987061457440779 463525.844664
1459986528390762498 931673.2152405
1459920708654542851 253233.2112855
1459622196142387211 759409.137942
1459622014575157250 205380.6115515
1459621632696324099 278717.625603
1459621227769778183 259676.9388435
1459620831236141064 180345.1454655
1459620711115415558 468358.6403325
1459619699277410311 194526.627837
1459619540531302405 342785.17911
1459619130064187396 315188.0672325
1459618846927736840 249668.034153
1459618166250917889 292582.2033405
1459617694148440065 235143.238428
1459617192526458885 824717.9012655
1459616693492273170 277687.6855425
1459615682841264135 218743.4236185
1459614926922784775 207466.900392
1459614417037967362 181454.3116845
1459614356182913030 442187.599308
1459614175576137732 196533.690519
1459613946227437577 375294.3128145
1459613299474059280 186762.464304
1459613049560702978 484996.1336175
1459612829045170183 881311.787154
1459612532981837826 650261.9002485
1459612381949186055 345874.9992915
1459464341531545600 2797951.013586
1459248558104797187 156577.2979155
1459227411950805001 463763.5231395
1459199520751894528 388974.0295155
1459198873029730315 407248.8634095
1459098707371171864 179949.014673
1459097380012318721 553341.8996835
1458837571652526088 312045.429612
1458503056417558529 254474.421102
1456686529867403268 576185.442051
1456309822308167681 1043038.785372
1455584303006486531 527566.9894515
1455184887380647937 770315.9390955
1455111923255713796 615613.6602645
1455107276436606980 3071254.8516915
1454142503423291397 3198386.4273645
1453344124493574146 262687.5328665
1451291872752713737 594777.180579
1450922379291549697 3866474.2132755
1450905365177044996 1166684.410071
1450199150935613444 196084.7422875
1449365865850363905 218717.014899
1449055702962655237 196375.238202
1448706727730454531 3820866.354699
1448675323462176773 1866198.572187
1447964118737203206 377195.7406185
1446206504475013122 455735.2724115
1445808995659173894 546264.3628575
1445430173189525514 564248.700837
1445361403045552129 1139905.968498
1445334039607513090 302406.2469945
1445030292234936324 1021832.5836135
1442466068828667904 381738.0403725
1441469144168378368 911127.2314695
1441111535611367435 588888.0361305
1440380503073251328 795113.726706
1440042297303855104 600481.463991
1438835606801498116 126709.036161
1438835544847486983 280830.323163
1438542857883750402 142026.093471
1438542803076849671 152827.2597465
1438542640241332226 990221.346372
1438182419694297089 3635477.143809
1437095638672547844 1408377.010935
1434279963335827464 4475644.145982
1433144554849505284 269474.573778
1431619793128501249 4026616.6883235
1431297659546001418 1536723.387705
1430611087183994883 531713.158413
1427733514678456320 329026.2362505
1427283632952123394 454203.5666805
1427226693966700555 451853.190645
1427226402399657984 230178.399162
1427046150247485457 996665.07393
1427043547367235594 5155219.7248755
1425860406921289732 2148851.0969955
1424795838761537538 757930.24965
1424432665097347085 4413715.6987545
1423333776688570373 766143.3614145
1422998773584834560 277714.094262
1422962370192842755 764664.4731225
1422575396432846849 425629.3321815
1420061933018009601 818511.852183
1419708830997356578 1778864.9368005
1418655048352026627 404264.678106
1418615583399157762 439071.370407
1418249233644273665 452222.912718
1417955898203508740 972316.234551
1417230707051671553 848116.0267425
1417223288552660993 357362.792274
1417172208821194760 904815.547509
1416848753110274051 432363.555654
1416846966001184768 59525.253753
1416846854776496129 46109.624247
1416846722756657169 91585.439226
1416846558008598530 33671.1173625
1416846394460102672 25088.283525
1416846217972260867 21443.880234
1416845685454934030 38002.1473605
1416438298386513925 145221.5485305
1416438146368221186 55616.763267
1416437573170483208 115458.921654
1416437429729382408 48090.2782095
1416436993202995200 84138.180327
1416436758003261440 464001.201615
1416430335026466817 483068.297094
1416402910943059969 723229.192227
1416129677454893057 568342.0523595
1416128475736457217 634680.7557435
1416081531358130183 215547.968559
1416069695422275586 342573.909354
1416069502077476865 884876.9642865
1416069366504992774 448869.0053415
1416069012321193984 322265.6040585
1416058889066450948 309985.549491
1416055661843161088 1378614.3840585
1416036967473684480 1873170.474135
1416005872250245120 953117.0954745
1415929283479052294 686362.619805
1415780455102693380 1405577.686668
1415779970253721605 2100866.453664
1415446526504144901 3065154.437487
1415069616985059329 3118816.955511
1415012206064902145 1428262.7767185
1413860349732966402 1933857.711546
1412566794854973446 1965072.817995
1411556173627768832 2316044.70015
1411442296772513805 2311027.043445
1408096952823304193 1082070.872793
1408096864629673990 671151.197373
1407413263562850304 1299546.6778755
1402394938197921797 105106.70361
1402394889267056647 123038.2241505
1402394643984158725 642101.605923
1402333439039258624 938645.1171885
1402281261058641924 343260.536061
1400817276727795719 2414232.319251
1400808255010619394 1564716.630375
1398709111383117829 4274198.433636
1398281137307402247 508499.8939725
1397569072599023622 744937.159656
1396548740010360835 1629074.6797965
1396121598768422915 1088092.060839
1395752742640050179 2643433.5957915
1395475322863226887 1227371.647482
1389622608681918466 8175400.113054
1389622560699129863 6014744.318442
1389622512942784512 14028602.2943145
1389214375198793731 2773417.3131705
1387775572927991817 974164.844916
1387510366129823749 2886446.6326305
1385224411381436416 1004244.3764265
1383080742587138051 592585.2568605
1382753223602233344 581916.1341825
1381666718003642368 573703.022418
1379191530607546379 694813.410045
1378731428209364992 1705475.10531
1377381056832106496 404396.7217035
1372545613821251586 73970.8233195
1372544685982560256 307397.49498
1371919078810656771 5914444.001781
1371573965127303171 954516.757608
1370149294888607748 359000.132883
1369710949184249857 3883058.8891215
1369278472280039424 947544.85566
1369018715623329797 339140.775819
1367851646093524993 398586.8034135
1366758211827695618 331772.7430785
1365661022560878595 6650190.927051
1365057965984743425 420215.544684
1365017170909028355 266886.519267
1364703042793336838 844973.389122
1364678299738382349 1313252.803296
1364276273732857858 256824.7971375
1363924973929308167 370910.4653775
1362449108074700801 476703.7956945
1362448328504594432 471263.5994775
1362112653737549831 418789.473831
1361745738930262019 396764.601768
1361722902425587717 2201008.318008
1361383223675256846 700095.153945
1360996295834554368 910097.291409
1358203652398342146 2006534.50761
1357693858071662593 18844258.703859
1357094569532342272 273039.7509105
1357094387189186563 657761.9765865
1357037706224754688 663519.0774375
1357036740746354693 476624.569536
1356953932296314887 6715420.464216
1356952580023328769 717287.2303395
1356871414981214210 1974289.4611005
1354932794229727235 205961.6033805
1354865006161047552 638536.4287905
1354096934244462593 392776.8851235
1353757781581582341 426448.002486
1353386711351484416 558729.2784615
1353097791363567633 1043936.681835
1352984827021172737 596546.5647855
1352662871713476608 207097.178319
1352662706432716800 167325.646752
1352601694031519746 892693.9452585
1351571407910612992 668378.2818255
1351177635355914248 483464.4278865
1350543119062880257 456844.4386305
1350165838456877065 303066.464982
1349778819222286336 631221.213489
1349419195331698689 96365.4174555
1349419078319017984 260918.14866
1349112812694622210 2143437.309498
1348993937617412098 731257.442955
1348633795977748483 1064324.213289
1346756303859961857 286270.51938
1346522145652879366 1726839.7593855
1344323331735121920 788141.824758
1343659460930187264 130432.6656105
1343659058616741888 1139562.6551445
1343265330475491336 1167423.854217
1342588155912982529 5147561.1962205
1342504115918794755 2119378.9660335
1342220342224441345 983962.4798505
1342143721807241216 576343.894368
1341397308504682497 1164835.799706
1341069421410971648 267890.050608
1341068652653793287 244571.1512895
1340975395714326528 1024631.9078805
1340740733356167169 393093.7897575
1340276267883651074 1146138.4263
1339952733022007299 364994.9122095
1339586144279793664 460884.972714
1339262259252645894 1483589.044071
1339217126327017472 270346.0615215
1338887290979053568 539186.8260315
1338502492015964160 752859.775506
1338483207579332610 1624479.5626035
1338201001573158914 491862.4006875
1338199855949344769 476439.7084995
1337715470045208580 1390894.438626
1337381644144168960 297599.8600455
1337094443766263811 696345.115776
1337044339525111814 2071183.052946
1336409514107662344 721222.129545
1336308620221427712 1576891.0500645
1336063518563504130 951294.893829
1335951326606483456 623140.145322
1335875958180622337 737278.631001
1335669545730772993 631564.5268425
1335614912534556672 456237.038082
1335614601766051841 368612.906781
1335600894474407941 314554.2579645
1335599799593295873 786055.5359175
1335598659619139586 805228.2662745
1335273621221150721 937139.820177
1335229489345945603 539609.3655435
1335174303311126528 1508598.1014375
1334951248018223105 193153.374423
1334891259962470404 598923.3495405
1334888574219677697 1834825.013421
1334876802691559425 4608453.5963475
1334851984021708803 887755.514712
1334604601836916737 176463.063699
1334604168032612353 477760.1444745
1334169395191549953 1926172.7741715
1332680054812397573 468728.3624055
1332364149356187651 2373642.1173795
1332087133079822344 982457.182839
1331594750928019457 239262.99867
1331594070066679810 223840.306482
1331270387934638080 1660501.0560015
1329414884564611072 1762755.6179055
1328444260824309760 1885741.024617
1327562859040083969 711054.7725375
1325120702542962691 1822544.9588535
1325115682359566338 4856695.5596475
1325113158869143552 2068700.633313
1324300875599355904 2579630.1294795
1323617356082483200 2047309.570518
1323617333882036224 1081886.0117565
1322577601756647425 673792.069323
1322218398785392641 664469.7913395
1322162259720835072 820096.375353
1321512672861556741 3828049.526403
1320059911108165636 402019.9369485
1319326126200786944 2192768.797524
1318560881979101185 3483891.093879
1317559403936186370 18149841.4246065
1317200488002211840 555929.9541945
1317130270898880512 515102.0738475
1317129375825956864 580622.106927
1316795687149985793 1759903.4761995
1316748450512408577 2104458.039516
1316404570504024071 7013522.089932
1315727660329381893 220750.4863005
1315727571397545989 465691.359663
1314278596308086792 175485.9410775
1314278359090843659 1020300.8778825
1314277750434336769 118918.4639085
1314277509823893504 674663.5570665
1314202362240794624 139173.951765
1314201869116342273 320100.0890595
1314201259335974912 111286.343973
1314200392985702400 207889.439904
1313664616279486464 1953268.1203785
1313590625774731264 163100.251632
1313576741173166082 359343.4462365
1313572022442766338 281886.671943
1313565802101178369 508948.842204
1313561894746312704 417020.0896245
1313556157303345153 362961.440808
1313532103620001794 414880.983345
1313524627445080066 570586.793517
1313523032409944065 601643.447649
1313522442569166851 4047083.445936
1308839690481655820 1287900.432576
1306974120329064448 586590.477534
1306608593274318848 1234026.644796
1304849563103244288 6578649.7059255
1303813153940271104 306129.876444
1303788303360163849 421324.710903
1303027321025241093 26754620.908011
1302613180657664001 4548426.576924
1302303791291813895 670438.1619465
1301909312151969792 1223040.617484
1299054607927304194 225187.1511765
1299053962394578949 1115451.494241
1296786946287718400 487531.3706895
1296520515306369025 307423.9036995
1296520445932576768 912711.7546395
1296520285114564612 1293393.446232
1294741535578361862 160644.2407185
1294740980093124612 687049.246512
1291107710101061635 1184563.1131725
1291004338157105152 598412.532789
1288875110909214721 154741.391685
1288874592757518339 499130.033742
1288215868715995136 3412911.758364
1286376899367886851 270777.647547
1286375678955458560 279220.485627
1285223652015955968 477574.412769
1281922833527054338 2744793.043677
1281616397886468099 873200.528424
1280496197292228610 895231.059039
1277578745344339968 447839.792406
1277578276026773504 1302255.006102
1277359233965723651 626986.262916
1277275630263054338 1444252.98906
1277208926572994561 715952.669184
1276971937902837762 586750.862691
1276929555572326405 1344310.893288
1276929448571473921 594639.639522
1276610276767473664 170492.561478
1276610002275442690 324363.285486
1276580564909187073 1577069.385606
1276230052355678208 616221.644364
1276173853316825090 677827.978479
