1499836331433730049 677983.370016
1493719644380696577 1236245.992404
1493026382527361026 1707451.539654
1434033659821101058 1107387.311022
1433975660524052481 8801290.695594
1433823689955581956 3448514.096982
1433657740765896704 20758938.180696
1410735867346309123 780375.59532
1385724889965809665 813611.622192
1375962331927093254 798434.36289
1370579315583164419 878781.076308
1367707967659773953 3008748.568026
1367702233853259783 14061227.466174
1367659854572097536 1219391.142672
1363975832515923969 1626591.680928
1358577989923991555 3060813.08043
1307428577118490625 576025.344588
1294124122843172864 6713835.319008
1293948210491187200 547170.789192
1256071244736155649 13623455.309376
1245928743681417216 3787407.1002
1245924042592276480 7150482.5034
1227322884630118400 807177.569484
1220945757659754496 323005.235028
1172360739803152384 491474.786916
1167929601995075589 772579.73391
1158097143216971776 2141789.57016
1155593186258980864 1277356.826118
1153060517193236480 1357664.06682
1150521029644521474 1227167.267724
1147982331870769152 1044625.692582
1128017422160617473 1421254.612296
1111312779577692160 2048397.124104
1096273412580794368 11088320.124276
1087635466931695616 3874444.43898
1086299175732428800 730620.236802
1064585404685389824 3048319.965816
1055619307084800000 1776982.728888
1047988136553271297 1504147.315896
1045401485432033282 2428065.44295
1025188376876646405 10318404.798696
1023969057907728389 3331082.766882
1022742497385013248 2558404.351182
1012583972835069952 15544710.815244
1006128597881573377 1496331.718128
1000773567519182848 5164254.906996
997462436855758854 1599612.079542
982460089230508032 6726900.788004
982459594378166272 6948776.92464
974147677662298112 33003552.311118
964733944754159616 10021313.401722
785414067330674689 5578303.961478
780278976317054976 5009127.133116
778798368956882945 1279093.625622
778701401182511104 858472.363926
773328391655284737 1218088.543044
772263280693940224 5434544.329806
771138116426014720 1203108.647322
765991272100364288 1345920.93381
760872602135040002 896701.689372
759067771435089920 601110.255606
756022714142302208 3453211.350186
748624834125393920 1003810.904238
735123155480653824 1675676.003274
733704158793060353 3055504.000128
728736913260220419 2891751.437802
728373781182488577 5086434.447402
728028722352275456 2991380.572986
727647294020042752 4393550.127096
726019870375161856 4030184.039958
725886551603949568 15526158.638724
725837971581067264 3822182.562996
725716377609314304 11099411.957472
725422884961804288 35795141.73207
725308585471823872 4730173.449144
724770849753042944 2913046.968084
724554075866574848 12336289.513332
724553661741973505 2749195.723968
724402871186391040 24023765.993772
724326904824635393 1356144.367254
723996121933221888 1152248.052756
723270415485927424 1277376.562476
722500710932328448 1397570.982696
722122973784776704 2367909.023766
719003714271449088 25725671.616828
717387104981020672 4076544.7449
717386761995988993 4095511.384938
699696503674302465 14954001.620304
696965851367546881 5829409.644312
696496980990668801 6499774.78014
696236052818878464 1200108.720906
695383458827227141 1485772.766598
693349006358003712 4300651.08999
690580702652448768 1513285.24965
672463916119683075 4090972.022598
672462943674433536 2142835.597134
659621307504443393 933944.196918
656285436223078400 8063821.942566
645752916851032064 5950156.682556
645505796365676544 4436713.542042
626309606810128384 22072491.487386
626304322981105664 19163352.318186
619547581144821761 17279181.429
619529041993965568 1306546.8996
619524091767353344 1321487.322606
614088005591150592 2055008.804034
597325077718274048 11521138.455216
595721906936029185 25523018.692884
590560771349807104 2934125.398428
587695700793667584 2225688.828018
581531517568073728 710508.888
579055979993657345 700088.090976
577879051718811649 941167.703946
577857290985934848 2414072.365128
577472057430003712 1430589.90963
574667176050835457 1469450.798532
569026258845085696 1157418.978552
566386350182891522 5446721.662692
566085353400852480 14900496.353766
565859748579659777 2378744.284308
565282564571938816 3351233.5884
565267415849000961 675062.389032
563995236188581888 6664099.696848
563440233111646209 3474684.50769
562294227569082370 11670720.312498
561164723035447296 2355336.96372
561094302877491200 7608188.381778
558505730932609024 872939.11434
558502958287949825 479672.444832
556797569578192896 5437228.474494
549650672405475328 746902.732152
546130443675127808 1061105.551512
546129984394629120 636655.436364
546129880585617408 562920.402876
546129167243558912 903826.51461
545284491770462208 1023724.88946
540060637276016640 26757113.422266
539980765094612994 1000949.132328
535085028435574785 434515.657728
532487679724617728 5558686.021626
530196637914648576 821624.58354
527412204552060929 14695356.648714
527273537422503937 950601.68307
526145634710355968 3979856.327058
526124286474731521 3506835.034872
526115172633821185 2387566.436334
514139047187329026 1177944.790872
511043442470711297 1294685.348442
510744868394520576 1719924.91791
504289397937037313 3275544.65547
504244905460633602 4900320.591462
504244689189765123 2700841.646868
501824996801785856 775046.77866
499500942996549632 577900.298598
498610080020168704 796954.13604
498608560197353472 902800.223994
497708886502424576 823302.17397
497708825622085633 853123.810908
497708606461337600 606991.69029
497148916240896000 3848767.437222
496605994328150016 1653393.655092
496027573110194176 849393.639246
495364322718384128 2557614.896862
495275962721112067 755349.893376
493657486117707776 1088539.089132
493657174468345858 1063098.92367
493656059513274368 1417188.922548
490687030972514305 1119268.598538
488158394163802112 595051.1937
482300641901961216 1288547.341104
477118267455057920 2675223.854184
468642926625435648 1021238.108352
467572154213478400 623195.240208
465854629800968193 889379.500554
465457939243732993 677746.53372
465403373475209216 1375801.779822
461421445319389184 5067428.334648
459800041989754880 807414.40578
456794263125499904 3938311.293468
453947993696137217 2084751.49554
451194909005848577 3263031.804498
451193877458722816 2919165.239064
450884256034586624 2781089.678496
450465406193770496 1830902.458944
446713088856043520 2581199.844672
446712614392168449 1043342.829312
446712024786288640 639852.72636
437986556763070465 11042433.091926
433971541622001664 4029572.21286
432752902394765312 4784448.433644
426267625891454976 3432310.547064
423977543327182848 1023152.535078
420003297609920512 1378703.024448
417549554645340160 3414153.097704
416885980121948160 1688208.590604
416882223652929536 490724.805312
416882044874944513 1452990.67596
416880913998303232 1336565.900118
416872626133299201 1374538.65291
416820775098662912 1230325.085004
416798123650871296 6110100.127788
415717149978529793 2547490.145208
415716534665760769 2103777.344652
410046570692743168 997218.960666
404059690658562048 412825.400286
399950170823356417 2100599.791014
393216639681826816 828473.099766
392392023594262528 574624.06317
392391868270780416 907221.168186
390985626386190336 935779.678212
390454465788014592 1680827.192712
390449622524506112 422140.961262
388795349696917504 4484100.5376
386797539971698688 1605848.76867
384981203285053440 671490.108234
384474641806270464 857840.80047
382552815463174144 2767412.382402
382525452549496832 790658.237838
378965598597705728 1783752.299682
378660434175590400 1188760.315056
377545642815803392 2021299.10457
375506701547732993 2053646.995332
374920853445554177 3828557.40663
373696844745822209 1358335.102992
373673197322772480 4226639.74749
373673121665933312 4242349.888458
372707362303246336 9614408.908836
372522631938863104 1271909.59131
372188226036854785 1663853.924832
371437604152938496 326241.99774
370363461152161793 464751.758184
370362629958537217 3145580.73804
370172099681193984 1686195.482088
365784257215463424 894589.899066
365766243187298304 12257284.872258
365627434328014850 531855.375384
365337050817376256 1621558.909638
365056167392714752 987528.408888
363189139740434433 618951.923238
362823823420162048 292512.561918
362823525096099842 270092.05923
362816170807664642 1983267.142704
362790543727661056 1830211.686414
361380016459755521 2645698.262616
361379878798495744 3255926.715618
360743632615124992 3805643.494992
360639125231116288 384503.726556
358119039945547776 219113.046516
358116203270639617 209363.285664
357577908790902784 599649.765114
356684892119105540 850834.39338
356682981760438272 1635078.314868
356682626309955584 4194647.111172
355915240061415426 258980.489676
355915151171522561 387168.134886
355239059725090816 400036.240302
354085236344233984 772244.215824
353383164971991041 451883.652768
353007457750097920 297249.287838
352181476273553410 1359953.484348
352181265644007425 838597.85142
352180497675333632 799105.399062
351957029230886912 1517962.766496
351900194637479936 270703.886328
351568793023160323 613346.797566
351545969965404161 823637.692056
351545845449113605 1516423.330572
351304868826316801 5684663.19474
351185977865281537 192429.4905
350615853735227393 945470.22999
349840153503744001 673483.480392
349391745391411200 1160833.368486
348378338970202112 5123341.436862
348345590255607808 1109795.146698
348302033813651456 2913935.104194
348272579569668096 228014.143974
348272010687827968 791171.383146
348174895122886658 1842389.0193
348174424534556672 1544587.113438
348113542890786818 1003889.84967
347238324823531521 853498.80171
347237884983648256 185146.774398
347209281793323009 1208674.300278
347118880390512640 287756.09964
346848307802427392 1091716.64277
346736137404051456 825946.845942
346735926917095426 628247.747856
346551970032676864 8007533.84955
346108571630583808 2414052.62877
341798577762340864 1383834.477528
341787978877775873 184929.67446
341055268949479424 575354.308416
341054683714056192 1500950.0259
341042693960499200 275756.393976
340739349870178304 4981555.44099
340738109849358336 1237509.119316
340012736039759872 465876.73059
339238173202870272 12753733.22139
338576016937197568 888826.88253
338574125863952384 1393584.23838
337770335241908224 386714.198652
337428548090474497 6152513.56113
334245865847918592 379135.43718
333761280517214208 738514.780002
333743809198428162 850123.884492
333736329412239360 1956050.705022
332759722681851904 830703.30822
332741204871618560 670523.026692
329119060002471936 721758.61206
329076855678324736 1805699.129778
326160153336479746 363898.968804
322658149523931138 402424.33962
321045903513362432 289335.00828
320485110463991808 3547156.414266
320473508402589697 3964264.604238
319592263946752001 733817.526798
319340787806646273 885511.174386
319004427287658497 582143.615568
318403192813662209 447304.817712
318396460322414592 259908.098502
317533871224803328 1502252.625528
317532555022856192 583031.751678
317481422816419840 241494.076488
317211012929572864 346905.964566
313872515405594624 218955.155652
313778418309267456 1086210.198888
313594157060980736 4357511.537388
312096027270336513 3105555.404016
312088767798337536 375425.001876
312077512777822208 290223.14439
311664927465164800 664542.910218
311652991226757121 713508.814416
309553509085376512 489481.414758
309242873088450560 1030454.987538
309240188020875264 1912630.717422
307392645603405824 1369486.145262
307391157418196993 381227.491128
306648823558713344 1429168.891854
305200702450458624 758251.138002
302213809467179008 580900.225014
300752101062103041 1206858.555342
300443402275799042 300308.423328
299377395289423872 978035.22069
299159429520179201 777119.09625
299158511219261440 5736806.652576
299036024280080384 220376.173428
297528215147253761 791566.110306
297513057599512576 1932051.293694
294787970681171969 3149508.273282
294023791179362304 3630424.108668
293988869387452418 387286.553034
292792693124386816 737666.116608
291106705276817408 1162057.022682
291055936796250113 2249135.621322
291040638215012354 1081887.936486
291032037060661248 1015435.6191
280589760643338240 413062.236582
279742044765839360 318347.45454
279739809302450176 143345.168154
278489678955548672 3237335.066382
276629922829701120 806052.597078
271778632115044354 2523490.73388
269245835571781632 4682036.471982
267061862141669376 740764.724814
266430742425391104 234665.29662
263187630785703936 732712.29075
262834260950515712 2988933.264594
262799502908461056 2743294.552926
262665074525732864 306624.057888
262328930051174400 2390684.780898
261258615141306368 1729299.68796
261257754629517312 1959346.676808
260625880055951360 142575.450192
260274751241592832 1291645.94931
259886278290583553 1222055.551002
259885627712086017 238237.577418
259087607877750784 879570.530628
259085872325087232 288071.881368
258732574397067266 529802.794152
258731694687920130 5140433.12289
255714157696012290 325728.852432
255165193439547393 215224.98399
255086573010436097 734508.299328
254751254926983168 315505.418988
254359100136226816 19291086.027162
254238097557028865 1322987.285814
253741464973107200 4234238.24532
253556428680351744 1400255.127384
252896672156356609 5947669.901448
252895806271672320 3208381.829196
251125818091249666 282881.219214
250598147460575232 490902.432534
250388451831214080 5620598.976672
246412676488638464 1368834.845448
246163446197002240 3690560.791494
246114004764852227 317992.200096
245469576421330945 137266.36989
244617782652715008 397667.877342
244594569746972672 570203.118978
244594438561742848 1943103.654174
244213839502135296 133121.73471
243904438698405889 490330.078152
243904093175816192 297308.496912
243300285211111424 518237.288364
242934890750963713 1528541.454384
242154182134599680 557927.104302
239651091363553281 1340592.11715
238201511879008256 1486246.43919
238185258900656128 1873098.792348
238141967928811520 554927.177886
237343957795893249 5051580.039174
233464262541074433 1871598.82914
233096692440915968 2554101.825138
232954553937580032 702199.881282
231091087974998016 1916933.243466
228775433586483200 5151978.89232
228227248250032128 9730083.703074
227760867364704258 277355.038974
227618243643322368 235987.632606
226939468047867906 1812962.109522
226589920595169280 2273549.496168
225897485359525889 9774372.090426
225358554138284032 813591.885834
224640900960231425 1613664.366438
224639887373107200 11535190.742112
223885840890331136 1422498.00285
221774118721302528 412114.891398
221773983358521344 961851.40713
220975922831044608 11743350.109938
219649114806292480 1732457.50524
219124972700958721 366997.57701
217733862325891073 708022.106892
217733303619432448 352432.144806
217733050736451585 3060556.507776
217282174234275842 579242.370942
217282122472366081 3366766.102146
215741745164591104 496093.094688
215386509531037696 983127.201054
212191323569135616 307985.86659
212054406538072064 2557437.26964
212012018755059712 225152.372064
211994132481183745 2126967.565302
211727023901638658 203817.369066
211686287923621888 2305482.923412
211684480572866561 1062704.19651
211684370245881857 6212827.871178
211362558119133184 438186.620316
211361999471386624 1560514.354344
209488706455867394 936727.023396
209437984385282051 165943.298064
209437249681633281 996922.915296
209252839426490370 1163892.503976
209204673289269248 201074.015304
209186783970340865 292670.452782
209142518472900610 1977839.644254
207777078622420992 3058602.608334
207362443847016448 382312.990818
207358469613948928 804414.479364
207356536060788736 1276606.844514
207354332700618752 9144703.324794
206863319364141056 226277.34447
205961845838856192 114806.394486
204837974146416640 1443201.442392
204743939599761408 354978.134988
203961449096290306 1694405.807016
203256750936301568 1787265.371406
203014278247219200 96451.581546
203006654097268736 14536360.548666
202728046661341186 887090.083026
202181080764260354 2691506.349534
201575871889408003 1399722.245718
201485111827509248 60551.146344
200118663527940096 304670.158446
199994023178543104 174350.986572
198986295450673152 349076.963946
198932969270935553 670207.244964
198544289523970048 314933.064606
197450595509080064 446199.581664
196864386718117888 155542.237398
196426744687890432 429167.10471
196366999041998848 196870.17105
196123342619684864 702673.553874
196116644630769664 281282.574216
195337215600111616 1317086.114772
195110930198167555 225033.953916
194913065001689088 325314.388914
194888086709223427 1475805.905808
194887328475516932 858097.373124
193768035381813248 2535391.757754
193717819555332097 416002.953924
193539331821023233 1359183.766386
193227763421949953 262414.615968
193190026832646144 1572178.541922
192676002651058176 1064697.568668
192324537654853633 193199.208462
191571314321002497 592742.039814
191184337260126208 658681.211892
190953278132068353 664523.17386
190952209083674624 560532.303558
190948974000214016 227441.789592
190945673523380225 1060612.142562
190945123310374913 280808.901624
190923017679945729 689312.039508
190253270063775744 340195.602846
190125210136088576 3790209.663036
189914712010526720 318406.663614
189142825265410049 3867674.868186
188779196640792576 951055.619304
188021485317791744 307255.621344
187865790345773058 862242.008304
186982725541052416 570143.909904
186979681214545920 297308.496912
186488567604850688 562525.675716
186437746993270785 150154.211664
