1520904020071784450 166410.954999
1520898722875551745 674125.3977
1520897046886203400 548582.044704
1520895302311374849 565045.107087
1520847394199404544 488870.937519
1520837383117225990 119642.255301
1520820359783759872 2878155.381201
1520804482317266945 198836.98674
1520603048837492737 718753.699251
1520598791019061248 362887.502661
1520584769880297476 134164.956747
1520578881614458880 314498.501562
1520564973377830919 89716.688685
1520561813829545984 220180.957047
1520552810558935040 259428.257649
1520548994468003841 620635.447746
1520544245484032000 788426.659494
1520517067635662848 451443.975528
1520466302070149120 80735.017956
1520451727274778624 7521.399096
1520255728329674752 639558.967812
1520250529577791488 1514981.809935
1520248703914811393 1883310.324708
1520230481190526976 211659.371901
1520229135175458816 380910.855282
1520226372047712257 9761.815848
1520220893862973440 116341.641336
1520195086537019392 122842.850661
1520188977734557696 125623.36788
1520187327074738176 155128.856355
1520183158624243712 162190.169868
1520181132410642435 11002.04655
1520067199649697793 530618.703246
1519896864312635393 194256.134631
1519895845482684416 1038473.171994
1519895504204832768 296515.156383
1519894501644455937 329221.240218
1519878402399997955 846297.424347
1519875031349829632 1120388.409489
1519864128818450432 320679.651351
1519859500433428480 2065444.204413
1519858643281203200 44628.301551
1519857117120892930 301616.105238
1519853911057784833 1405881.515601
1519852776272146432 77814.47469
1519839246831431680 804349.62141
1519833225186611200 21483.996354
1519811754989002752 114381.276678
1519686600527130626 39487.345254
1519662844677173249 128103.829284
1519540800912343048 810790.819572
1519536030633836545 1787312.467629
1519535639682637825 209618.992359
1519535096302379008 702790.729893
1519534248209776641 985523.322507
1519524425942507520 200297.258373
1519505279012020224 244725.522714
1519501353541943297 281692.399122
1519496950265090049 1631323.451271
1519494541803503616 436601.214546
1519404896163962880 5163780.542661
1519329781623492609 1301022.010119
1519321868670537730 437401.363386
1519310759221772289 1368874.631751
1519175250558300160 385871.77809
1519171651635716096 592930.294161
1519161837257957377 131204.406039
1519156543811424256 3838353.992922
1519150371263840256 145307.029344
1519148713549082624 233603.453838
1519144108434075651 779865.066906
1519143230276653058 135585.220938
1519140909287231488 472967.979324
1519139505755807745 3271408.53234
1519139137017765888 978982.10574
1519138029591482369 366268.13151
1519133300178178050 2175504.677355
1519131132436127744 141286.281423
1519129080989421568 1684253.297037
1519128328925585408 1501699.339191
1519125329415225346 230502.877083
1519114382281777153 364447.792899
1519106174389477377 575887.123869
1519041016330076160 63791.866269
1519040894867021825 217900.532853
1518962690458361856 2011954.254459
1518946051968974850 651401.170644
1518944238142173186 2648332.630632
1518808800538632195 177933.098295
1518805089884033024 743438.290965
1518801064878878721 88796.517519
1518792122047946752 379530.598533
1518790430351138816 979282.161555
1518786955034640384 500893.17384
1518770224123813889 412156.667484
1518767077049393154 3064310.008827
1518766273341046784 1599617.553486
1518765262148882437 4647184.447836
1518763910219849730 423458.769849
1518762595259453441 187214.824839
1518760609289883649 155248.878681
1518756483214843907 163370.389407
1518753169844674560 384031.435758
1518745110879477760 90376.811478
1518725248786612225 557203.648455
1518681652876267521 5921.101416
1518457226511364096 94397.559399
1518451811874607104 107219.94456
1518446400815599617 594350.558352
1518433279061467136 288133.597284
1518428529171521536 786046.216695
1518422974122106880 887705.126817
1518388234107117568 239224.499439
1518387848176570368 86496.089604
1518376228381761538 453724.399722
1518369784433422337 419858.100069
1518358892425658369 355486.125891
1518357426205954048 202177.608147
1518357362381361163 634578.041283
1518355693933195264 202957.753266
1518352109514760202 185714.545764
1518350065944961026 1313944.413885
1518349054773669888 275591.264217
1518095187553173505 568085.672679
1518079842775830528 75414.02817
1518065766058573825 144066.798642
1518054983748435968 1860626.105094
1518051679203205120 336342.564894
1518050575006511104 303716.495943
1518048458036465664 1752966.078672
1518046216084504578 253247.10786
1518036861918326785 128103.829284
1518033872310525952 140406.117699
1518028133965996033 80014.884
1518006997689323520 228402.486378
1518006463414906880 363967.703595
1518005158294265856 206338.382115
1517984623216705542 200977.384887
1517982719422181382 663743.466501
1517924038538108929 1521703.060191
1517920444569038848 1941381.126771
1517905221615296512 52409.74902
1517905081760423936 125043.259971
1517727013351702530 128843.966961
1517706705534132224 161750.088006
1517695273690095616 795267.932076
1517694014518022145 145927.144695
1517690922070388736 1229368.681497
1517690183503732737 556223.466126
1517686247761797121 75574.057938
1517679691523665920 311077.865271
1517677522959351808 394113.311142
1517671041174233089 82695.382614
1517668347760066565 1307323.182234
1517667277390426112 236604.011988
1517644343602860033 42527.910846
1517569350441578502 380090.702721
1517366638705659905 622475.790078
1517365113883443200 970960.613619
1517364421349281793 1120268.387163
1517363566319439883 182994.039708
1517360512106999808 341423.510028
1517349747966812162 1036092.729195
1517345603721781249 248786.278077
1517342115130449928 156469.105662
1517339441181855744 116601.689709
1517335663485489152 288333.634494
1517324837533978624 713852.787606
1517323456932630528 969740.386638
1517311529691058176 621015.518445
1517305356031909889 304216.588968
1517303913283731461 88616.48403
1517298746974826496 290874.107061
1517293951916527616 445942.952253
1517288494552428545 235003.714308
1517280458505138178 107640.022701
1517223375797686276 1101024.807561
1517200302696452096 772563.708741
1517004576288698369 77914.493295
1517001086846087170 189175.189497
1516998822936817664 160689.890793
1516996850330521601 1005927.117927
1516994102314815494 227302.281723
1516990539106861058 243085.217592
1516977030323183616 1142892.595614
1516976213109080064 125883.416253
1516973768312295429 729235.649055
1516968835265429504 46688.684814
1516968620718542848 155068.845192
1516967220622073856 170691.751293
1516965837336424453 95417.74917
1516961205310656514 543161.036313
1516956257516670985 874262.626305
1516940649890725889 243265.251081
1516938197288337409 512555.343183
1516868354258124802 122302.750194
1516781481833771011 202877.738382
1516636304582324224 2251518.817155
1516631096020058113 748719.273309
1516619190966394886 1495438.174518
1516616514207592451 82675.378893
1516615312724090881 1318865.329251
1516614369169358848 180573.589467
1516609636866080775 3967237.967325
1516604452035305474 205818.285369
1516603060696457218 150948.078666
1516600499759374351 927232.479513
1516598312669007879 325880.618811
1516597655585148931 978982.10574
1516594601452257281 85355.877507
1516593818920833025 263729.057664
1516586949691297795 1210885.243293
1516581080333271051 984203.076921
1516578013965660162 365067.90825
1516568286254833664 176452.822941
1516551209712242697 134945.101866
1516525580019277825 874362.64491
1516504473337835520 4423242.791241
1516444713347391490 369908.808732
1516431910813196300 537760.031643
1516280019529650176 589089.579729
1516275077184118785 2000492.122326
1516273482585321473 2876735.11701
1516272885509529603 382871.21994
1516266266641772545 315038.602029
1516250350067593221 1741203.890724
1516247945422667776 183874.203432
1516247339027030024 122382.765078
1516245101017673728 180933.656445
1516243855615664128 345464.26167
1516235271150338052 847177.588071
1516234539881963526 73273.630023
1516214748320260098 54110.065305
1516194412153524224 1080581.004699
1516100275509121029 819232.389834
1516084332259127306 970940.609898
1516067466610364416 387392.060886
1516065857729974284 3004418.868153
1515902908839211009 2217712.528665
1515875763643428875 2547233.824698
1515860159947579399 673025.193045
1515850114920849433 109340.338986
1515823926487752712 1021409.997981
1515814896159670284 1805455.842576
1515814089687240716 532959.138603
1515811721461612551 986583.51972
1515807904762368002 173872.342932
1515802304099741699 120902.489724
1515796966193606658 101618.90268
1515772583144300555 716853.345756
1515742136087494660 679406.380044
1515532300737519623 244105.407363
1515528341419343874 3289551.907287
1515522413378813953 319819.491348
1515516884409634818 267469.753491
1515513494778613764 325800.603927
1515502229343686656 1041313.700376
1515497851048153093 969280.301055
1515496835435175942 70033.027221
1515481456679788547 174632.48433
1515481038289395713 202037.5821
1515476306137432069 123843.036711
1515472964287934476 186374.668557
1515458968138641411 2986855.601115
1515452297593032711 130844.339061
1515445078847750146 440902.014561
1515443295127752715 418357.820994
1515404087860219905 71053.216992
1515389998840881154 137585.593038
1515344808927182850 3643297.709451
1515194368239738882 596731.001151
1515192452180807683 956797.979151
1515176814250967040 356786.367756
1515168486670188549 183614.155059
1515158041829818368 373209.422697
1515153939926245376 257887.971132
1515151826739466241 656482.115778
1515150774187307009 720954.108561
1515145906655571969 181013.671329
1515127001329381379 151188.123318
1515122182405378051 259728.313464
1515110344225665035 127163.654397
1515093595178557441 51889.652274
1515093476362403851 582008.262495
1514990979413073922 127283.676723
1514987740865216515 1223887.661943
1514822088787468291 319639.457859
1514812289056083982 79574.802138
1514800158906626059 286053.2103
1514799009264590849 183494.132733
1514795155819139075 1266855.654651
1514784488223477762 213919.792374
1514778555560841217 79334.757486
1514771887104008196 530778.733014
1514770921197768709 149187.751218
1514767255971672067 59771.118348
1514746220404625409 155348.897286
1514665038509977611 202377.645357
1514623232003002373 1975807.530612
1514459984100315138 174572.473167
1514457545141747714 90296.796594
1514453874047954948 181273.719702
1514452566892900357 1393099.137882
1514437398742147079 437421.367107
1514435528359219203 293294.557302
1514420916578447366 166650.999651
1514418354043371524 418937.928903
1514417257497382918 692108.742879
1514407893793185797 313058.23365
1514397693568696321 154388.718678
1514387947398774788 677506.026549
1514327634813108236 187734.921585
1514320254733803533 170791.769898
1514263905501130754 518596.466925
1514226904102060032 2274863.159562
1514115225590636548 1012708.379346
1514111102392672258 891725.874738
1514110048330567690 168391.323378
1514103783374323715 181473.756912
1514102302789017604 146347.222836
1514098885647642631 417557.672154
1514097765185429517 436581.210825
1514094835736584193 345604.287717
1514093969910681601 994124.922537
1514092327006089221 244045.3962
1514077789460340742 1273076.811882
1514073904809070593 215740.130985
1514066513912741889 217940.540295
1514065398773264387 273050.79165
1514063457699696640 75734.087706
1514059194562981889 198176.863947
1514057645119918080 1151094.121224
1514054798181642251 810550.77492
1514052009409843205 1887611.124723
1514050055581298690 234423.606399
1514043113710530563 660442.852536
1514039589622599680 264709.239993
1514033306748489728 191435.60997
1514032633042284546 835295.377797
1514030544413401091 402314.836752
1514027631825498113 80294.936094
1514018903453847554 196156.488126
1514005982673838092 705771.284322
1513934679187017739 825353.52846
1513917819368488970 201297.444423
1513875847324782610 3912087.708528
1513864512868343813 2547233.824698
1513698767228178437 2329333.291845
1513661151573381129 94337.548236
1513659856028409861 42907.981545
1513658093866868738 336842.657919
1513629069488922630 651381.166923
1513612003432185869 1111446.746202
1513570237962235905 2152760.446578
1513513911361978377 1711778.417133
1513390734455496706 583368.515523
1513357637324349441 4333826.158371
1513333478116405251 117441.845991
1513329389852925958 1689494.271939
1513305071387234304 416477.47122
1513299671661297680 251686.817622
1513294008008966144 207498.597933
1513291921900277761 167331.126165
1513263059715989509 1242051.040611
1513258704375713794 163330.381965
1513250378124472324 97438.124991
1513249299684945920 68532.748146
1513243270960189441 202617.690009
1513232354654838784 676665.870267
1513184092304650241 1251512.800644
1513170887960371200 209999.063058
1513029103942701059 94537.585446
1513006032146075649 234723.662214
1513004649481007108 354365.917515
1512998541244915715 27305.079165
1512987717566615552 1994110.935327
1512985640182292484 108840.245961
1512979416468533249 47168.774118
1512976924359868419 25364.718228
1512970457645035527 624396.147294
1512955796748972037 36546.798267
1512954399437512705 263048.93115
1512946724259647503 149927.888895
1512938343755042820 357126.431013
1512929992061198342 471567.718854
1512923349365583873 130864.342782
1512917899614244868 201697.518843
1512908405886918660 124803.215319
1512896344775700481 125883.416253
1512883655538098179 95637.790101
1512845915727573004 33806.28849
1512796654038142976 1226028.06009
1512644169386274822 510574.974804
1512637088662970371 1618941.147972
1512617616506040323 115821.54459
1512613934364200967 145407.047949
1512601536882425859 405695.465601
1512594252454313984 55990.415079
1512593262367817730 137725.619085
1512592191947894789 263829.076269
1512585533083602949 343683.930501
1512580253662777358 1899973.424301
1512566036792500236 765862.462206
1512543562327601152 288133.597284
1512533745345179648 230762.925456
1512528064391135232 87456.268212
1512524745761300490 119202.173439
1512469750995197958 560584.277304
1512440168262819847 1487196.641466
1512416675374764032 454044.459258
1512269661294923778 120662.445072
1512258664362561542 2066704.438836
1512255785560125440 1085221.867971
1512249044567040007 1394759.446725
1512245952416911363 111360.714807
1512242059142303744 118302.005994
1512239185054289925 3509432.808519
1512234780384907266 567245.516397
1512222731533574146 63451.803012
1512215658465054723 2047760.915049
1512186246138802184 250586.612967
1512155732904452107 584988.816924
1512147313669640200 545161.408413
1512135829849882625 1056616.546941
1512122139352178691 133204.778139
1512107526598373383 108440.171541
1512100426325319684 141726.363285
1512094026094321664 758721.133809
1512058870415433736 243765.344106
1512056989253255174 276651.46143
1511918640697954308 2344296.075153
1511892127504027649 953617.387512
1511882350069796874 80314.939815
1511879505266110464 633657.870117
1511878638588813316 187854.943911
1511874545719857153 21063.918213
1511857533274800135 114621.32133
1511841351075176448 433160.574534
1511841116592738312 1575032.980377
1511779061902757902 42447.895962
1511756688935768066 222301.351473
1511742032880050185 2326632.78951
1511724202189103120 1539426.356997
1511702136911974404 270550.326525
1511567395189571585 569205.881055
1511566664458031105 6014618.811675
1511564979681562627 1319425.433439
1511560612010156039 1226268.104742
1511558808832729091 893526.209628
1511543018331029507 147027.34935
1511540790614405120 214199.844468
1511525535930793987 526437.925557
1511521536993234945 2024116.516827
1511520993608671235 359926.951953
1511515393353003009 801609.111633
1511513554989436931 396733.798593
1511511009118326790 272930.769324
1511500025582407683 91677.053343
1511496889463500804 138345.734436
1511495308177379339 426979.424745
1511493077193486337 81395.140749
1511492182414446597 660782.915793
1511408144890548225 861700.289517
1511347438958825489 934533.837678
1511335352304295942 692528.82102
1511201538362028032 432160.388484
1511199605253455875 1080280.948884
1511196096869330945 544601.304225
1511193166980038656 409756.220964
1511191929706459137 434020.734537
1511189857313648640 221281.161702
1511188694161670151 1372315.271763
1511186506274250756 974481.268515
1511177287865151494 393233.147418
1511167301902602245 896966.84964
1511161751223549955 207198.542118
1511136324316811264 325980.637416
1511131215016992772 379690.628301
1511013024475320325 2150580.040989
1511008320311730180 246205.798068
1510995629115379721 525477.746949
1510976150562086921 1323206.136708
1510833516031922179 904148.185479
1510816911612952576 390812.697177
1510814437367762947 382091.074821
1510810933207175176 1469833.411638
1510808842963238915 339503.152812
1510806596615430144 256107.639963
1510805001148542976 585188.854134
1510804810265550848 235183.747797
1510803660111896611 2300287.888953
1510782130246148096 580187.923884
1510771787092668422 196516.555104
1510618224731303943 81675.192843
1510476375353970690 686207.645184
1510469258186211344 256507.714383
1510468150172790786 589269.613218
1510465313707601925 763382.000802
1510462901324328961 1523163.331824
1510459175276580865 2010754.031199
1510456942652796931 3240802.83921
1510456216350334977 1980168.34179
1510454828840988672 379890.665511
1510453737030139914 4559128.067994
1510450571853053957 560644.288467
1510448403062276098 291834.285669
1510447253663662080 1713018.647835
1510446758639255553 140686.169793
1510440370332708870 194136.112305
1510439618348556288 911469.547365
1510434323744362496 194776.231377
1510427589768216576 1193742.054396
1510425465990832128 424018.874037
1510424591516188673 160809.913119
1510411602364932099 168351.315936
1510410500709957637 950216.754942
1510408317444648961 44808.33504
1510404633214259212 1668730.409541
1510373842623021064 58310.846715
1510372267208945664 25184.684739
1510369811024470019 1112246.895042
1510364074806181889 91176.960318
1510316708011167751 2352357.574716
1510283404146876420 171791.955948
1510270832165236736 374829.724098
1510255760659431429 297095.264292
1510122969464516611 659322.64416
1510092177128386563 182834.00994
1510087217053458436 986003.411811
1510069587831832578 182033.8611
1510068694696660999 326620.756488
1510063687373148165 176092.755963
1510062893986824197 468107.075121
1510060260647587846 37747.021527
1510058161054515201 393033.110208
1510054967654027264 122402.768799
1510037980672675841 116521.674825
1509930269536624648 1208324.767005
1509907846326112257 124003.066479
1509900899430379539 283092.659592
1509893072104079369 331541.671854
1509731874976972800 90896.908224
1509727554483142656 1254933.436935
1509718008884707328 272790.743277
1509712531509686278 1743004.225614
1509710651169648644 2275903.353054
1509704445831127046 254167.279026
1509681030969675781 1662049.166727
1509675248920285187 3319357.451577
1509588611305508865 234183.561747
1509574214101225483 392993.102766
1509543611704168456 4997389.591383
1509346683779371011 179233.34016
1509337458873356295 275771.297706
1509329816935440387 281632.387959
1509328815549521924 883044.259824
1509320057758777348 585989.002974
1509302966439796738 1421444.410539
1509262587371962373 492551.622183
1509257878863024138 439621.776417
1509191059007492102 171131.833155
1509187127745077254 1783591.775523
1509027815080935424 489631.078917
1509023719452123138 219560.841696
1509000694933729284 73333.641186
1508998151620857856 150988.086108
1508987212192522240 836075.522916
1508984022818557962 272970.776766
1508981249154551813 657762.353922
1508976026415685636 812071.057716
1508970110173724678 755500.534728
1508915755999543297 571626.331296
1508875170085314569 927452.520444
1508815842875686913 1774550.093631
1508806195590705152 3203355.873498
1508648990660775939 524917.642761
1508632958994771970 150808.052619
1508622694790664194 972560.911299
1508617226047401993 307717.240143
1508616556674424833 115881.555753
1508531681002762245 720634.049025
1508518193110859782 238004.272458
1508493676510601218 203077.775592
1508474414026965002 760761.513351
1508459893228982281 2498764.808715
1508443882840854530 1941861.216075
1508428773213016065 1895992.683822
1508258524920483845 1596677.006499
1508252232814415874 1897532.970339
1508245140602699782 130864.342782
1508242508412698625 324240.313689
1508229782680522752 1046014.574811
1508228273649557506 672445.085136
1508221837121105921 2670976.842804
1508220469656403972 458345.259273
1508211288454795264 54490.136004
1508204440138006533 154108.666584
1508196114624827395 1668870.435588
1508181610809610240 828914.190798
1508128130531213313 294854.84754
1508114247154348033 2363479.643592
1508102791302205440 491531.432412
1507922568287821828 921511.415307
1507915127835795463 1767388.761513
1507910527065870339 233983.524537
1507904349552349184 192035.7216
1507899287375474691 438201.512226
1507897435439390722 320139.550884
1507874460816265216 292674.441951
1507865196802494466 2736849.096057
1507840686552408064 492671.644509
1507758793916096527 159129.600555
1507727521495896065 2075826.135612
1507575280902234113 1835941.51338
1507568211637768193 463666.249059
1507564788574040070 374009.571537
1507559078482137100 353885.828211
1507550202063986689 2066804.457441
1507545031405707265 3375207.840609
1507541130434519048 424078.8852
1507537435672121348 372849.355719
1507531646274261003 2454036.488559
1507529454754713600 1677111.96864
1507528648131334148 4176036.807123
1507518849322668035 425199.093576
1507517085039083526 474508.265841
1507498570211074050 926552.352999
1507472631976841219 174932.540145
1507470590059618304 1302822.345009
1507467488631885825 638058.688737
1507452360888655883 395433.556728
1507434923283595267 65872.253253
1507373445553790987 679886.469348
1507350958048792581 711552.359691
1507213619158818816 398794.181856
1507210169972891654 1413022.843998
1507209364586713092 182733.991335
1507203943599943682 1503159.610824
1507199336001810432 1188000.986469
1507192820632858629 247426.025049
1507189366552244233 102479.062683
1507174595371044867 196616.573709
1507167265774612482 487070.602629
1507166891449667589 1393659.24207
1507162564899352579 237724.220364
1507147868183871489 225982.036137
1507130041200791553 295835.029869
1507128867722514432 2776916.54922
1507073513332645897 63631.836501
1507064894012669953 276031.346079
1507061186810069000 145126.995855
1507057619151863812 3215078.054004
1507050869237469184 2203389.864429
1507039661746790404 267269.716281
1507035620513918984 311217.891318
1507010237265440774 233343.405465
1506984477792350209 46928.729466
1506854680185483264 251946.865995
1506832679521734658 2257779.981828
1506821163477049352 575827.112706
1506816220741320704 224641.78683
1506803661741047811 187234.82856
1506800859497213952 195596.383938
1506793626247958533 179133.321555
1506775842776625161 1003166.604429
1506773261006348295 190935.516945
1506742728385867783 124783.211598
1506732477653606408 410176.299105
1506690642482708488 923311.750197
1506686134637764608 279371.967486
1506669503396077576 79674.820743
1506654593266110471 736757.048151
1506450542536454152 1127129.663466
1506442397013745667 1236930.088035
1506415364724465670 14954001.674481
1506401827474059276 1722780.463683
1506388665441918978 1480815.454467
1506375343971655681 31165.797318
1506341349431422979 269870.200011
1506328473291350023 853378.741581
1506317809877495809 1221867.286122
1506310670249304066 42287.866194
1506308276442611717 8641.607472
1506123389529862144 223421.559849
1506106105134399490 291214.170318
1506100773289082882 312638.155509
1506094094698774528 264509.202783
1506090111422930951 2382083.104122
1506081858831847424 472927.971882
1506079503667249152 2014374.7047
1506077954773700611 224701.797993
1506071781232185350 503313.624081
1506061242384805888 2451476.012271
1506056010057740288 216320.238894
1506050521227935747 1186780.759488
1506049461776224269 138265.719552
1505934854176784389 565265.148018
1505927272519421960 256447.70322
1505919723250270216 2721346.212282
1505907734067228672 3036966.75768
1505770854034153472 311331.953884
1505764719558279172 248814.376412
1505760851608887298 319983.940052
1505756615571644417 244089.674288
1505751213555470337 471194.343472
1505743267081736196 139249.13222
1505735485922189317 302699.903168
1505731753553666049 996712.793644
1505718473841856514 595591.563952
1505711249761390594 61959.384816
1505707245480419333 287030.637896
1505690397007396868 1729480.202808
1505679320681005060 609087.864956
1505649383471128577 199733.293588
1505620774714949633 336071.849816
1505618011302113291 126629.991104
1505615208127025154 771402.31514
1505613580032524292 234899.430916
1505606907767238656 252283.14506
1505575997357412355 652088.63492
1505570421437042693 595372.27398
1505394156935520264 271899.629828
1505386899753648130 575775.724664
1505386343270133765 400961.746076
1505378687847383040 1535129.48126
1505375924727988227 2366756.796892
1505375420333666306 586580.739648
1505366393415352320 153243.819524
1505361598348947462 613154.697164
1505355703334096896 233484.013824
1505351720997691392 185519.316312
1505348514447986692 493282.824288
1505347407860711431 2766462.609492
1505336631804444676 359914.650408
1505335988683423752 1407981.168404
1505325754325901313 33352.011196
1505299244541833222 193613.109824
1505294414624735232 127208.119212
1505291211027927041 621049.136156
1505253097345593349 448089.154604
1505248700641198081 479128.653368
1505242952884441098 685520.387924
1505235190121123849 2311794.755728
1505230304344264707 18639.64762
1505223999789625344 2654704.46558
1505195051747577858 2961311.71734
1505175083396050945 381345.261308
1505034290186399744 711775.378208
1505023496589615104 374288.1113
1505014252259758080 2892295.182516
1505009599971303424 230832.598708
1505008455848972295 300188.036216
1505005078071107585 1207470.392188
1505004070444093440 1562122.083268
1505000044889468931 305391.189188
1504998536827613188 881007.430236
1504997582220587013 1375247.15622
1504994518369660928 431104.1495
1504989539856793600 194191.237932
1504988241702887431 476377.560992
1504982678558359553 82712.190348
1504981990512148486 2706357.221712
1504980079784386566 756410.855236
1504978376016150531 10446.176848
1504973845194850305 769767.608076
1504971442240163844 17164.424172
1504970306598879235 106355.63642
1504964920907116546 12938.108348
1504958353440714756 311491.4375
1504956963549032458 8392.825292
1504936491792879625 223556.158728
1504910081904754698 115665.492504
1504890567225917452 872514.927684
1504870158032154627 2919128.300908
1504857355779026946 1739766.89604
1504840215998906410 259858.61682
1504830551966068746 160679.74312
1504673864151879701 212890.691908
1504653807015407630 248874.182768
1504649793913692160 242335.354512
1504639346573467651 347315.444744
1504635286235631618 1048505.09794
1504634272287797254 1584409.918604
1504633954443448321 683207.875492
1504633004114722816 294446.62604
1504629119228825601 135740.492668
1504614031688192008 3183452.458976
1504609401725984769 108428.923428
1504608440219582471 2328480.729052
1504606310679068676 1578170.122128
1504589859536711685 1407403.040296
1504577665730289670 947671.581724
1504575012308717569 658507.850464
1504570484964343818 488119.54222
1504525124661297152 315518.398804
1504494082713915393 136159.13716
1504474850240327687 43000.769964
1504447301389013000 1292814.0622
1504316575163334656 1314085.189484
1504313793861632002 197480.587512
1504299679365877760 196842.653048
1504291829268811778 340995.90646
1504258390847102983 731870.313824
1504106442965585929 42402.706404
1504080054829166595 1281470.790012
1503941354874982400 337128.428772
1503904737380356096 4056605.321124
1503902017189605376 455245.981872
1503899763661488130 362087.614676
1503896647574585349 212671.401936
1503895861025128448 96029.072284
1503886201954062339 264523.512588
1503882422219247618 158825.746084
1503785632279244809 189027.955864
1503758888910348298 677665.819836
1503581484271251456 1390457.906096
1503578392909828097 1506581.913996
1503571505304592385 178681.456276
1503569509747023876 1706494.626652
1503568543543136265 184283.318288
1503567346186612742 436506.656992
1503564693805355008 314362.142588
1503560431717081090 251744.887856
1503552986764943360 322077.162512
1503538583528894466 416112.689596
1503444944945565705 912824.411628
1503384190942863367 1625078.240684
1503187406664609793 526375.674608
1503185337824251906 449404.894436
1503180642980442116 1004726.845348
1503176585238630402 14772.169932
1503157692445167621 929450.578596
1503156798550953984 1518343.830676
1503151671744118788 2703446.64572
1503150728638087174 455385.530036
1503146965663731720 2299674.000912
1503136954451431425 150153.824464
1503134354998018052 222818.547004
1503132319229558785 224453.254068
1503129264056586244 263387.191824
1503118859435483143 4574408.751372
1503112440422182913 356166.785432
1503103229319602183 111897.692076
1503100516582178824 144751.316972
1503093802617217028 722640.199548
1503090659519086593 218113.780332
1503085461711036419 187313.506992
1503072404964200450 139946.87304
1503015373901344773 361908.195608
1502992931464089604 1424128.884524
1502879276575641600 1180896.434672
1502864640623136768 1414400.383948
1502852538227380234 356585.429924
1502831701164277765 2176612.455716
1502812511963332608 15609.458916
1502767217884250116 72086.594432
1502763427835654146 78426.068168
1502763228798992384 14752.23448
1502743040930332677 49320.308248
1502725046284005385 337766.363236
1502708758635548673 1212613.738804
1502704800789499908 62497.64202
1502687519422435329 81675.546844
1502661689162055684 318189.749372
1502646187723264011 384455.19182
1502645648423849985 2033715.13578
1502525020836405252 5943655.33654
1502523566901714944 878037.047888
1502522746256850944 231789.500404
1502512086420578306 255413.011024
1502505742359801859 231948.98402
1502497625307766784 4854083.20748
1502489183268466688 132530.884896
1502482879128948743 387106.606936
1502465546641502210 136338.556228
1502447238999642112 900663.785908
1502446332123918338 105917.056476
1502434791500574720 128962.438988
1502426184763809796 452574.631304
1502357257392115716 204816.833848
1502290836343734278 930826.124784
1502290170657353892 775369.470088
1502283211610759169 547905.962768
1502159941129302018 552511.05218
1502148677372047368 1113993.05776
1502124960365658112 1613934.323016
1502119658480189447 1982540.830496
1502118866180268056 1889262.850588
1502101790388539393 338942.554904
1502091856317927450 1607714.461992
1502090924540710935 589032.800244
1502086394684002316 681533.297524
1502079599248826372 148917.82644
1502073832810684418 135521.202696
1502060076693172234 700471.976924
1502049996094517254 49041.21192
1502018799796727808 620391.26624
1502009679479820289 215023.785272
1501948063442554889 488996.702108
1501944247334752257 921097.624208
1501922804391981056 891832.380672
1501791368083120135 749991.639692
1501773072130576388 611639.602812
1501766297708863492 546450.674772
1501759036408025088 475899.110144
1501733897633030145 140525.001148
1501731401934147586 479248.26608
1501585202052800520 833381.635408
1501565440748892161 870481.51158
1501410381645950976 998307.629804
1501409909728067586 76253.1039
1501400461013917700 1687256.915472
1501397654252707845 3013123.957088
1501391715277672448 167537.538608
1501388254876217351 687972.44852
1501385787430129668 1894326.455396
1501384295969017863 308361.571536
1501383070582292481 642360.134344
1501379196064575488 69714.275644
1501375376945254408 422890.743276
1501374095677661186 157749.231676
1501365028674490375 469320.410984
1501364637987528704 25537.314012
1501353270001864708 443623.613356
1501348682440056832 353176.467632
1501341841416929281 130816.436024
1501290456075931653 217037.265924
1501286481847017478 590966.539088
1501284635292143619 331426.8895
1501272913042829314 1479988.021028
1501268545728139265 1053768.057268
1501261909009448963 43778.252592
1501253491146297351 1238170.988268
1501249267784364032 311690.79202
1501248885775347717 11462.8849
1501227401795104771 2105403.021172
1501223759977787394 140066.485752
1501087415900856320 95251.589656
1501069205755465729 66285.3779
1501041030744924163 184103.89922
1501037264507396096 129321.277124
1501026631976210439 489654.572024
1501018332765429770 3090353.898136
1501003701745508355 1016389.084768
1500974958532608002 1090130.321716
1500910541694513152 221443.000816
1500903882238660616 1774634.001588
1500878346326089729 2054587.554024
1500845156022554624 1771145.297488
1500684029024157697 810077.09202
1500657512457986051 596747.820168
1500627395501379590 993961.701268
1500587043767959555 519019.49282
1500580326942416896 457917.33244
1500575610996940807 520833.618952
1500573884491481094 503011.324864
1500563453211287554 183625.448372
1500547476960387072 89609.85674
1500541632520900614 27590.665568
1500518865951989765 1613774.8394
1500513220762771463 4261282.606808
1500365568586694660 1804337.825068
1500360793321312261 118316.90762
1500347540339834880 598542.010848
1500326922022182915 1373472.900992
1500323336664096768 1841457.636692
1500323248114126848 170687.340024
1500319905333366786 2004270.473176
1500318479597006850 1894127.100876
1500316296042487811 775369.470088
1500315068629757953 274531.109492
1500284870270017536 986147.004084
1500282702720811013 2036227.002732
1500281937071587335 1125655.29718
1500271973645045764 66704.022392
1500256915296862208 313146.080016
1500253287353827329 1020276.497908
1500248684063346690 266517.057788
1500243862870179844 78067.230032
1500223190064324610 35923.684504
1500222306945318919 793092.086916
1500215077840068608 17024.876008
1500144197436850182 224014.674124
1500139139118809092 45951.21686
1499987274213298178 781748.814728
1499967648020447232 3120536.172464
1499942990856392706 967626.969176
1499933385791213568 302241.387772
1499909375451873282 132590.691252
1499901551296536576 441650.003608
1499816243058065425 378813.458904
1499789460615147531 495655.143076
1499769721658515469 2462048.257452
1499598795356905474 896018.825592
1499570233132023810 115705.363408
1499568761497534469 166281.605132
1499561814392066051 371517.083472
1499560704571060231 436167.754308
1499555431567351812 1275848.992548
1499539988765106182 140704.420216
1499524921487249408 1649479.233932
1499497203471196163 568658.7683
1499480502092324865 234620.334588
1499455284846153730 2166664.665168
1499411516659056648 3701176.147416
1499399400451239938 564372.64612
1499231237818310656 189047.891316
1499219031550619650 138651.06866
1499107077381402625 672980.988616
1499082994698629123 315458.592448
1499052347808522247 1288448.198212
1498900377143554051 1143676.945788
1498884640958042112 488318.89674
1498877406286954497 373929.273164
1498865933737086981 438241.041316
1498700840298848263 2577733.685408
1498695998062964738 1824811.534272
1498667459397750784 381544.615828
1498510880492990466 1687536.0118
1498507649482117121 9513058.146236
1498498815053209602 869205.642652
1498497290729783301 236833.16976
1498480998761132033 704399.260968
1498477656106491906 443743.226068
1498476685229842437 1008434.83942
1498470577257865217 90387.339368
1498460717237751808 239444.713972
1498393570453204998 3624823.366256
1498367947286491138 3632378.902564
1498344769034063873 413541.016288
1498330472845389824 863763.264256
1498320346851778561 1875427.6469
1498134885084577792 2151573.528004
1498108865069551617 57513.77902
1498100702526144518 1614472.58022
1498083606601809921 165244.961628
1498036473043603464 1011704.253548
1498023075694133252 196683.169432
1497977802087440386 1018263.017256
1497961528351653888 560166.265748
1497801388172230657 2688196.02494
1497786637991890947 187612.538772
1497780123277217793 217176.814088
1497767674268426240 1182371.65812
1497755966116274177 4647631.666568
1497738346461868051 579344.170572
1497711589943697408 463997.6453
1497696127495421954 232866.014812
1497671935974596608 78764.970852
1497666078029369359 434871.949928
1497653219333443586 228619.763536
1497648336769146887 110621.823148
1497636312547053568 2204561.95942
1497624105633427457 175790.815736
1497452371034599427 309697.24682
1497449996270010368 1833941.971288
1497433989077864452 533991.017272
1497427955764674565 633169.890972
1497419725034434560 917828.21008
1497381510776713216 194948.785108
1497375799799808003 244966.834176
1497367510877806593 563056.906288
1497363558442717184 585404.54798
1497345676404998145 852998.120176
1497259475295608837 864022.425132
1497051614993018884 713190.7953
1497045534023979008 545095.064036
1497036732532871173 65507.895272
1497017144571170833 328117.604468
1496985462627524611 1078408.27594
1496676909358399488 2843453.325116
1496672713183838212 1821841.151924
1496664318586368003 118356.778524
1496606082529218568 556219.046252
1496528669346521092 496532.302964
1496333043031805954 307723.637072
1496300729882976258 35524.975464
1496257792184827909 183585.577468
1496207700346167301 2155959.327444
1496146687148101635 2192182.043728
1495980043587100672 94872.816068
1495970810174996482 111399.305776
1495957496405495812 67601.117732
1495896670877282306 80499.355176
1495880587999162373 1502634.6945
1495841671023583236 329094.441616
1495829060949270532 2637839.073188
1495804133789552642 541885.456264
1495777592200372224 1838347.70618
1495772697845977090 2905651.935356
1495620290423967745 6510499.978708
1495609872402030601 4028875.107392
1495608267073937408 2664373.1598
1495602664557756417 1728802.39744
1495601635694989313 461665.197416
1495600387109363713 1110763.514536
1495595647013212162 899966.045088
1495592971214934016 7358115.526844
1495584344848711685 361768.647444
1495582439858651139 391771.502704
1495576989176147970 198377.682852
1495574212345569283 569117.283696
1495572873431457792 261892.032924
1495568779979501577 1170948.644124
1495565582741114880 1287750.457392
1495554053870440448 461386.101088
1495552750008086530 259958.29408
1495507818274828297 103464.99588
1495499272657293313 866594.09844
1495481879029587970 49300.372796
1495466700510314496 347474.92836
1495433696085786628 1900327.026448
1495423350734209025 387684.735044
1495252544884547585 5148669.381684
1495250400450076676 1923212.925344
1495247489175277568 483933.0973
1495247354907275270 217475.845868
1495240461811920900 296061.397652
1495239245186969605 165543.993408
1495238495371206662 114509.236288
1495234620975165441 899029.078844
1495231365306060800 246382.251268
1495230250636165124 1259581.663716
1495228946408951808 1333023.868884
1495216747452022797 136617.652556
1495209602132201473 284319.416424
1495167453000712193 365456.706064
1495162400814866436 9822595.90944
1495146342037045251 220127.260984
1495141263321944069 69335.502056
1495136039710691328 92779.593608
1495117642272751622 237570.781484
1495099837280313348 2265105.927144
1495082480617107465 737013.66044
1495043001562849283 1333661.803348
1495035455183765512 739904.30098
1494891317905686528 1710421.910696
1494857857359040512 1749495.396616
1494847420408090624 624976.4202
1494837626959843330 94494.04248
1494823708770320387 780014.430404
1494815948385226756 399825.425312
1494800397017489413 355867.753652
1494695900438052877 713071.182588
1494675998339747845 376461.075568
1494536502096793602 1064553.1368
1494494995537178631 584168.549956
1494494977858187265 3636585.282936
1494493054790561795 16287.264284
1494473158971334656 89410.50222
1494403156448534534 252960.950428
1494395873077477381 323711.869576
1494380217137348619 560046.653036
1494313143358607364 2701034.456028
1494196304087552000 201786.645144
1494190776108171269 250588.63164
1494187556430352384 1489915.876124
1494185719186690051 313923.562644
1494183724828618752 1064054.7505
1494181788197036032 378354.943508
1494167228454817792 155974.976448
1494160100960788488 291476.243692
1494152842063527936 1215364.83118
1494149530253729793 431124.084952
1494148133944799234 585045.709844
1494146778534322179 195287.687792
1494109033854214144 140624.678408
1494101344306831366 4504574.863016
1494049249021026304 418385.331124
1494047660248080387 617699.98022
1494046696837427206 4623549.640552
1494039145513201666 328735.60348
1494023735535407104 2309482.243296
1494020462422151170 2611344.85748
1493976401854271492 146585.378556
1493972131570454529 299330.81178
1493954565980438534 1247261.55438
1493806101183139840 184004.22196
1493795281007165445 142817.578128
1493793205720174593 886031.16414
1493749235635802121 159623.164164
1493746206371160066 644174.260476
1493688359293702147 487999.929508
1493686325685407750 78725.099948
1493674428294746118 586520.933292
1493663541613809668 777841.466136
1493632590959587340 1678943.831988
1493609529388539910 1802184.796252
1493605018360025091 492365.793496
1493586650089377793 364679.223436
1493461589231423491 125413.928532
1493432597162209285 1525341.174328
1493422282424860672 246402.18672
1493411519928803329 2212516.204768
1493405656719654912 324668.771272
1493402710640635907 824291.069296
1493395552293117956 65866.733408
1493394273001263112 2029090.110916
1493351582213320709 1551935.067296
1493330304974663683 1005703.682496
1493313775663042563 46728.699488
1493247246208544771 933617.088064
1493238616528674821 3237936.049292
1493223514081574923 977674.436984
1493100362374471681 2226391.27936
1493098607649730561 1030961.90018
1493093423963901955 803936.972804
1493093191876239367 158427.037044
1493088173387309061 656673.78888
1493083637809659907 549440.992572
1493079566298062848 2594240.239664
1493074804899037186 421993.647936
1493073596704509957 1925864.34046
1493072256309907458 9983275.65256
1493071491218378754 1068719.646268
1493070231299887104 390316.214708
1493069748871049218 535964.62702
1493068508258734085 451139.27876
1493065767323058179 621447.845196
1493061185591291909 2909060.897648
1493059838695329792 1237074.538408
1493059498558246916 1212593.803352
1493058514209722371 6537652.064332
1493057629182214144 819725.850788
1493056599765618691 241438.259172
1493056471856291844 270484.212736
1493055239452299266 115107.299848
1493054503263690756 84087.736536
1493045892408127488 446494.318444
1493042141161050114 1008733.8712
1493036969898696705 223296.997852
1493036513445167107 330210.826928
1493034658057101315 1305094.300632
1493033771263832066 2963644.165224
1493033177669111811 2159348.354284
1493032700919398402 1005225.231648
1493032647743836160 2333683.882024
1493031479898746881 2948911.866196
1493030250292338688 531120.312184
1493028717098151937 137255.58702
1493026812204654595 1069975.579744
1493024085160386562 188071.054168
1493022973887926278 850067.608732
1493019152482717696 139448.48674
1493016310103830528 3494545.187436
1493015043398676486 399406.78082
1493012948243161089 1068998.742596
1493010338266165252 795284.986636
1493006481368748034 305530.737352
1493005869080100866 1940337.478612
1493002844852604931 135002.880944
1493001888022867983 253379.59492
1492997026761613325 606097.547156
1492995373849354240 270942.728132
1492993067875454984 290319.987476
1492991472668450816 391392.729116
1492988552057077763 165404.445244
1492968133396779012 381724.034896
1492960131893637120 181093.645968
1492955824410484736 957938.339504
1492934211661086722 951080.544016
1492932378058272774 1614831.418356
1492913782007418882 71468.59542
1492878846869258241 181233.194132
1492872890584387585 1737394.577252
1492741836552744966 219090.61748
1492741409681678337 124277.607768
1492740202510663682 602369.617632
1492739532839657474 500798.489692
1492733670024781824 295662.688612
1492731153853206529 177704.619128
1492730502868082692 84526.31648
1492726894453739524 470376.98994
1492726137230962689 1165566.072084
1492716477245497348 103385.254072
1492715654847229957 766179.226716
1492712622440996866 1067503.583696
1492704351860760579 468662.541068
1492703486974128132 320023.810956
