1519013561921523712 1922700.4538885
1510981640327204865 1849901.0597665
1509380998227767298 2699106.650422
1508428694364188673 1416297.073529
1508224849424130052 4873412.605243
1507394377588432902 5721927.06241
1506680425514733578 3143538.394646
1501305607894220800 1866323.707898
1500304134418882570 5190577.0542275
1496957602781184001 6709787.195306
1493274192103489544 3296015.6066565
1490732087489572866 7188874.3473105
1490394851317276674 20843006.279472
1488262183335120897 1401882.003626
1484294300506726401 2097557.226479
1483529392735334401 2919084.566476
1482145544684380160 2406888.8292605
1482143902228488193 1336026.8555075
1482139536457179139 1460134.683371
1482138977067048960 1615014.407032
1482127890011475969 1226761.9420875
1482126380477337601 2030319.8113835
1482125380899287046 1481724.377107
1482122856636977153 1465301.7289755
1482096433020952580 1419719.829853
1481642194633216001 2400866.094575
1480609223188832266 2731557.013263
1480245203411910661 5632474.642327
1479618462699950084 2886535.4702795
1468670636021141515 2688048.514606
1468360159495864321 1391251.7123505
1461854357603983366 2017517.386287
1461771263773491204 3980928.89376
1461369352272453634 3024992.545809
1461001184781615107 2883540.558496
1459262549518700562 3346896.1958575
1458872158684336132 1998428.937557
1458592891467702275 4676406.649902
1458509766356054017 2571773.5329455
1458161824977850373 3150877.5740715
1456320341358387202 2725369.722985
1455615478253170698 2552059.772964
1454825492352311296 6717060.5524945
1453051271737454604 6317223.373838
1448863930592333829 7757018.985976
1446177195215499274 5925910.174873
1445761724884287501 4171648.8254675
1445042816351195138 24180687.3621495
1443346707916341249 2837234.6147665
1441469611837325314 3666660.6232035
1438170817112653825 3708556.477054
1437915491343818753 3689961.6951015
1437796013864067085 6067790.0067265
1435282434518667265 3096409.672954
1435273380484222976 5966094.6505615
1433837716689485832 4947692.9996975
1433640899171422235 2864616.6653585
1432553737399197701 3460966.1325785
1432529302210289667 4009726.1224475
1431461577253789701 1847004.8813385
1431460440056336386 2293016.3592505
1431458230463459333 2350281.7054405
1431453260561272834 1593095.602111
1431416278363738112 2483571.7353655
1431043784373121027 6894352.747854
1430938092358225920 4444909.842373
1430575951587549184 8526283.469795
1430575700205969415 3266329.7777695
1430551679351476235 2918788.3664095
1430213320846450688 4089864.695995
1429861027420663811 6318111.9740375
1429858885599305743 10205178.3578355
1429850940291489793 13536606.327998
1428377552637231105 6556849.2276365
1428377436694016011 9461584.5464465
1422700626501267460 7702024.5069625
1422700625599426561 20822436.8304095
1420024364725121036 5400549.9902575
1417935776487071745 1505749.493612
1417935775325310978 1180982.576254
1417931615817191424 622546.717546
1417931614311485440 3864193.1564405
1407353039481196549 5589657.2771585
1406016505892933632 2963448.754214
1403360486955970561 3567466.5120445
1403039431422971904 2217123.3199895
1403004850258911232 1601751.2262765
1402656746380931072 2462442.7972885
1400234100561113089 7779694.7466225
1398769229374005248 21457456.861867
1398765327782006785 7993682.8391095
1396865957969096709 8472704.168877
1394661769948418049 7944085.78353
1388217286117396482 2387438.358227
1388137412795113472 2905426.4522985
1387928994603929605 2434929.1022225
1386441833870331906 2840361.171024
1386331810993373189 3033977.2811595
1386056590738952194 2213799.297021
1386050347848724483 3672584.6245335
1386049066107240448 2103481.227809
1386048925216346116 1812020.362373
1386048826306269186 5249685.4230535
1386048735155654657 1613105.562159
1386048577005256704 1864875.618684
1386048005128687617 7509461.552619
1385623981659541508 3910301.633459
1383016183046283264 8392137.750789
1381955716840316930 4312080.568107
1379104717813518339 5662226.293451
1376976303891615748 5245308.244293
1376976234668818436 2700620.561873
1374374394265407488 2527409.3452075
1374318868164845569 3433518.2597495
1372220462139334665 6633400.4892675
1371849175713914881 2199812.0716585
1371840076922167299 2618046.5655565
1371555634999656448 737735.632296
1371526907951521799 3356736.620289
1371525403949592576 4629672.861632
1370532015469133828 3686045.272
1370510714134278144 6370967.2303485
1370508188630593544 3373488.3796055
1370238571295215618 17440424.4711125
1370179687352258560 12424013.055987
1370073385317892096 4511094.1016765
1369809319265513485 3137581.4821975
1369709681640374273 4668277.6036325
1369407648995631113 4869002.515364
1369347250619510784 5732261.153619
1368990640252542980 4631976.639927
1368984863659986945 4158583.111423
1368682968450035714 5347892.2006575
1368622473881804802 4863275.980745
1367927969046556674 4784815.874241
1367890477849210881 2579112.712371
1367565667642331136 5236126.0422315
1367543155680288780 13377974.736828
1367459818072539144 7668389.3438555
1366901227754299394 12443298.971428
1364977623701594119 8506174.7763915
1364743803479990272 5864892.961174
1364634239141085184 17455102.8299635
1364633678354219013 8650128.0087105
1362665724414672898 5160265.914089
1360321318286221322 3616997.745387
1359968285626945539 3494864.5846335
1358790174579294209 6007760.1265825
1357805587774504960 17408237.3972195
1357431319026876418 4621543.8153625
1357062898082869254 6054362.2703785
1356743384283680768 9966177.8152885
1356416002884575233 2693840.871462
1356390332112510976 5514290.8157935
1355327300028522500 2746597.3944175
1355233443119063042 4268308.780502
1355231913431195653 2859581.264228
1355199061742264320 1757717.016848
1355025823359758338 3130373.947246
1355021265250168832 6287109.7004105
1355018097263042560 2821503.1001235
1355018010973655041 11451686.971023
1354894930871808011 4937885.4863845
1354836930597367809 7568866.1215115
1354536451027963906 9500650.044106
1354474313483776004 16307656.683461
1354157285875056647 14193183.142073
1354127084789112833 7272238.210471
1353799443343138818 36659201.2303725
1353501835227766793 4044611.9080575
1353499987288719365 2185561.557348
1353499454834409474 1666388.6630105
1353499134221758464 1668165.8634095
1353498941417992194 1557288.305183
1353498651746820096 1691796.0464925
1353497412657156096 2406559.7180755
1353493832189550595 1575290.6870025
1353493258039676930 1433476.677386
1353492898898206720 1892126.024802
1353430729355616257 2676858.734316
1353009849815199745 4165099.512886
1352686911647846401 5289409.143083
1352275137467478017 7683791.7473135
1351694990477586434 6550793.5818325
1350850255466721280 8435020.9381945
1350509024152870912 4283711.18396
1350478924694876162 7725424.312216
1350281725360934914 3764735.7563335
1350236540593725443 14571924.293771
1350213904400527361 3247537.529106
1350198396691296256 4851460.8892035
1350133172969865220 14983806.9417985
1350118119205957633 4856562.112571
1349884692892409857 9283535.3953615
1349870084769067009 6784923.2788415
1349870011951800320 21966196.93164
1349853909880332291 8798425.5086715
1349808563816976386 21152864.4601495
1349778455529992195 34486902.85378
1348691181119668227 11555258.2609425
1347613085796851712 2938535.0375095
1346996209643376642 13236555.6606335
1346872128260481029 4345156.2421995
1346864751687725057 6372678.6085105
1346495245316448262 4253827.888362
1344103684700069894 4483712.0510845
1334322967858253824 4509975.1236475
1332393616698994690 2891011.3823955
1329436795029905412 3178753.291441
1329101870502207490 4719454.3929
1328479045546336256 3826707.392469
1328397696160370689 3324516.6352775
1327229828207169536 2140868.258425
1326279915780665346 3439178.9721315
1325278482503512065 6764156.363068
1325277332907712518 15290406.9217445
1325136710636875782 10568089.261535
1324464777670909956 4551015.288417
1322339044416737280 3510727.7437505
1322267647745105920 2590006.2925945
1322221801557151744 5787321.4548695
1322212658381266945 2533234.613182
1322025448910561281 5624740.5294795
1317900750056529921 2921552.9003635
1314656915968778240 4100165.8760855
1314610399409442816 3067974.46657
1314596595732639745 9145407.431017
1314249206446452736 5563854.9602545
1312444395782725634 56138666.959271
1312033113007026177 12215323.6535785
1309226617466621958 2914477.009886
1308173277651582978 8458387.8323295
1308120394700787712 4091641.896394
1307016761422700544 3981126.360471
1301369340508270598 6958726.89564
1300462337464455171 5774420.2964175
1299747105292996610 10065898.5043435
1299492004804534273 10857641.282098
1299490777769209856 7518413.376851
1299486834762723328 6819414.1310295
1299399488298049537 14120449.570188
1299391576293085185 7408358.596587
1299388864880996353 7738193.826194
1299198851186794497 40179966.8652655
1299195026346401793 34396890.9446825
1298771892866752513 46609055.130885
1297687995026268160 40755977.2612525
1297564278933696512 31754621.79591
1296828643495120898 13617765.146219
1296809829063770113 43273381.626436
1296477333000519680 9644405.809714
1295841945290338304 3296805.4735005
1293337377843236864 47246247.2961635
1291193718096064512 4974482.6501565
1291079043333459976 16125164.5313785
1291065124782927872 5440734.465946
1290751922954108928 8154289.0973895
1290687802544291841 7972224.7898475
1289638999871512577 2037395.701861
1289606241782607873 3000802.8737115
1289606049301839872 10392771.7332855
1288618687683915776 21030237.6326185
1283870104887808001 3960129.066868
1283870040295526400 5139498.9983155
1283069249842368513 7847228.3617845
1282751837339172865 5904978.703507
1281664713017815040 8578546.325973
1279090608917737472 4525772.4605275
1278015072132976641 24549818.4672455
1277705899163836416 1577824.843127
1277672308966977536 2457308.6628025
1276637487155122176 2202017.116598
1276622719883243520 2603368.2067055
1276547378493849602 4182015.827795
1276366061001011200 10064088.392826
1276219547540848641 11048756.1472275
1276184089553338368 3745186.5519445
1275836461569306624 4870648.071289
1275594625617543168 1591943.7129635
1275594352077635585 3347225.3070425
1275511992392888320 4591956.719831
1275297422525083650 5211771.8145415
1273299185526177793 1969829.1755805
1272653049022955520 1789673.7129115
1272608575186014208 5636127.7764805
1272222510881271809 3529750.3702435
1271929656468373504 2825814.456647
1271913140825894912 1709568.0504825
1271840137844895744 1829199.96623
1271181604417724417 1610373.9393235
1270783677077708802 1935996.5457625
1270411119736131585 1614092.895714
1270403453307588608 2266095.0643175
1270125663882641408 1802179.9379415
1269687296434954240 2330732.5010515
1269332278838059008 3417358.900566
1268932193734123520 8600300.5753015
1266848729530654720 5692734.9003005
1266848452706578432 25708816.4163415
1263196562458464257 4428322.638649
1259596591876337664 3074655.4236255
1259596336501977088 6598119.7702355
1257736909452763138 2855204.0854675
1257736679621709835 6415759.262627
1255534578112122880 6061569.80533
1255316862621138945 5954477.025731
1254851726055628800 4125803.637397
1254121229054668801 7145036.7374685
1253370083931336704 5630236.686269
1252628506980179970 5230037.485309
1251593074238607360 2719511.543892
1250093202419273729 8003128.330119
1248770848925704192 2733169.6580695
1248738690320306176 3137746.03779
1248722858269761536 2434632.902156
1248704254409207808 5378894.4742845
1248643257426259968 8187233.127008
1248639672202358785 7276878.6781795
1248281665601802241 7273883.766396
1248219792084840448 12909287.4982695
1248037669247913984 7312620.1528705
1247932687643340801 9732278.496109
1247616361775239168 9301077.021522
1247255304196067329 10108979.15846
1245515336377483264 2022322.409588
1245514902791282689 1633312.988918
1244804897691668480 7709396.5975065
1243208358284259328 2617816.187727
1243206554150555648 10644377.234218
1241879238153605120 5152828.001308
1240026590244814849 9086331.9733095
1237525272963862528 2801526.051194
1237128547652653056 5445506.5781285
1235793848757915649 4622827.348984
1235666979551240193 1299396.780617
1235665706609344514 17982404.7705705
1235318659393998860 5323669.6174415
1233434893004095489 3254942.5307685
1233093060990398465 6384559.522289
1233060394559651840 1991517.602672
1232717877762899968 3042764.549799
1232406755012829184 3448887.752089
1231973664486088704 12198703.538736
1230921388900241408 4209463.700624
1230719917382520832 13511758.4335305
1228726456638824448 11353282.726708
1228493025719898112 4345781.553451
1225928568728780800 6681845.6556995
1225482686707273728 6823659.665316
1225091203097604097 7908311.3977205
1224800422461722624 22458415.619926
1222665552646168576 9037788.073522
1220211174270128128 8649239.408511
1220089560433954816 10750910.5248025
1219426990907740161 6894056.5477875
1219053571670343680 5625694.951916
1218637645384863745 6424151.5978445
1217972253507256320 3767401.556932
1217845315807531008 6160566.449778
1217654537583906816 12439612.926156
1217507905764655105 1917796.697232
1217494538144514048 5964054.1612145
1217155283497054209 5212298.3924375
1217130053487579137 7059105.807065
1216927036825976832 6305112.08223
1216923170789183488 8424686.8469855
1216870547801264128 3902238.4094265
1216802496816893953 7887709.0375395
1216768062742921219 9858262.257727
1216759640337219588 4722844.2381055
1216568335770378240 10118622.1161805
1216208901571371008 5599760.990538
1216059361098776576 6368433.074224
1215787152073580545 5766258.3390295
1215761179965935618 6201804.0812585
1215741209815109632 4613414.769093
1215722930832674816 10778654.597698
1215721829681123328 2121648.165221
1215721379795857408 2260302.7074615
1215721076799336450 2182171.7121425
1215720834502840320 3172566.001163
1215719861189365760 2391519.336921
1215719760899371008 1844404.902977
1215719552010444800 1819688.6529835
1215719099046625280 2096921.314136
1215718793177026560 2360564.894622
1215718327852486657 1323674.183986
1215718053842866176 1727866.318288
1215717749822914561 2339068.460058
1215717369705717761 2079927.955314
1215716945950998528 1709196.632
1215715752767979520 2107373.708924
1215715436756488193 2142215.024884
1215714102334504961 4562568.93246
1215713875263254529 2801439.01818
1215713146028953601 5092584.23421
1215712299152900096 3743699.399902
1215709152283987969 4372026.377158
1215708866895204352 2028290.495528
1215708438312808448 2432186.807336
1215708135484096512 1697791.031398
1215707944240611329 3332243.179914
1215707439430959104 3615082.353344
1215707001952423936 2437314.397232
1215706435243274240 2852419.094646
1215706106648911875 2278260.502958
1215705329033338880 2300052.760016
1215705088334843904 3761810.310368
1215704818477436930 2248711.122724
1215704232638078976 3022812.85119
1215704080502280192 1765731.59752
1215703847319953409 1883633.295962
1215703126818349059 2128705.797658
1215703113488711681 1608879.937368
1215702804699865088 2271029.286438
1215702653809807360 2051660.472554
1215702268076425216 1928696.922548
1215701463579545600 2175149.929216
1215700978730557440 2866454.228528
1215700733611241473 1946281.926358
1215700702359515136 1621435.95878
1215700457894473728 3526762.904302
1215699875678969856 2001732.2094
1215699791029497856 2602514.825548
1215699296286203904 2804462.981452
1215699035434020864 2268399.753158
1215698494196867072 2589794.458306
1215698465642008576 1697560.947236
1215697620649140227 1848594.765006
1215697526667366400 3070473.14189
1215697332492128257 1893658.391592
1215697095258042368 1629390.296952
1215696971203104768 2413451.382716
1215696230132543488 2199210.158728
1215695144923496448 4282227.815646
