1509116552926302209 609111.027476
1508395488239710208 1546884.693844
1508114754568478726 1828187.089172
1508004048951136258 2225021.744672
1507750951402151945 5127902.059712
1507731348705865732 2758256.12948
1507292377584529408 736228.074784
1507229724983980033 281562.310424
1506986236145135616 1183801.870096
1506226111100833798 1719152.7064
1505797975666167809 144976.927476
1505600747861291008 719407.855
1505525945771311104 904318.88044
1505060820916785152 165565.916152
1504683159073427457 5388281.289812
1504075550821785611 408252.35436
1503364356037246977 1391381.20498
1503352316501528576 1445944.809776
1502638660168024066 1349683.397436
1502612640287232001 619340.54304
1502527225366671360 1522378.413364
1501573856368103428 470464.889124
1501510206617833472 172862.104204
1501482019515027456 260824.798836
1501454695918800901 1053101.707536
1501096905316601859 569826.717252
1500790939488436230 1548648.403424
1500509529141755907 6865304.518924
1500424904801357831 1736102.883732
1500398919183847426 1611065.157192
1500384962620452869 324299.778352
1500384956903612418 981160.922036
1500356951741382658 662245.099244
1500353512282091521 4661020.28584
1499766592413962243 11321511.709116
1499333327748173827 1278633.749408
1497816455538118660 482161.068444
1496745268103966722 2457478.667316
1496380378373885957 343607.756912
1495759508177571843 7573665.982344
1495457096799641600 2172518.89528
1494950925714161666 431050.621352
1494939151233212420 787097.172144
1494899629736935424 1436235.124404
1494635829821538304 433185.638212
1493904252489502723 1268589.887484
1493796836288565249 1824901.019744
1492155860411248646 2190880.040276
1491682886608588801 145181.14648
1490273102378328065 6220993.561304
1489829565383905280 859836.268296
1489614252432564224 740702.327508
1489211429852893192 479710.440396
1487794215858094081 2162103.726076
1487656956299198465 565927.990812
1486695906380431362 478485.126372
1486250713130803208 745919.194792
1486214937412517888 1360377.0471
1485960232698540038 2015901.484576
1485606336796626944 3184479.756192
1485505401764589574 787821.22134
1484768670664761345 132760.917964
1483331983262744578 3318465.98818
1483081023005282312 3021717.210004
1482955697914531842 881539.178812
1482941723215118337 468088.522532
1482402116572696577 8134432.801964
1482256639499505664 1295528.230648
1481911216679567360 472469.948436
1481618302862458881 3652976.716732
1481585761531363328 344183.283196
1481178022258819072 698818.866324
1480777330431643653 5647806.513168
1480050265592000512 2055408.579168
1479321696054046721 2761337.979904
1478993600557957122 3320303.959216
1478714074837897217 2665299.351932
1478593089291755524 1575066.916396
1478376042171674637 1647063.397988
1477528153157296129 1798092.634128
1477153229066493954 1736288.537372
1476519479651622914 2811185.982244
1476145521580408833 2533782.313356
1475881754695139330 1581082.094332
1475746614220247040 1732389.810932
1475337026626940932 156320.36488
1474616667271413764 2333963.300624
1474402350949224450 250539.58718
1474380148912766976 1573173.249268
1474358448431136771 1124671.185756
1474336582018560001 3640556.488216
1473941472764260353 226738.790532
1473661381920673796 1182075.291244
1473622074635735043 249741.276528
1473227840250257408 3264385.082848
1472913164970905606 382279.410124
1472622164004147200 812661.678372
1472462335340015616 789343.581188
1472173463657873408 1100127.774548
1472089087146283010 114195.553964
1471826930353655808 1440263.808392
1471084458853814275 389092.898712
1470636953569800193 180009.769344
1470366195048013831 2218078.298536
1470355284765859842 1930259.460444
1470054227498225665 1368063.107796
1469907020383932416 1650275.20596
1469895205016915973 2497654.115012
1469892092344213504 5389896.47648
1469530062185713665 332431.407784
1468579439067942914 4718572.91424
1467836820457148416 3139607.271404
1467725295545307137 2523831.278252
1467475052878876674 2980372.144376
1467125110842675200 2483451.611552
1467112395696869379 2140809.253568
1466665496233725953 2334631.653728
1465979262448537600 1485359.077548
1465535575214080001 1132728.553732
1464476602755006464 3632684.77388
1464236878501056517 933707.851652
1464175103441211395 1365835.264116
1464150274851819529 1392495.12682
1463732025177763842 1283590.701596
1463109267557335045 1804609.076892
1462751426279477248 5207658.863456
1460899372737052675 3225843.387184
1460602197117313026 1280935.854544
1460252025237557250 1112826.483524
1460195245568630787 150917.843956
1460106344501968897 1214453.28606
1459954155544453124 1403838.564224
1459763429510725632 3030981.32664
1458861723646050313 3288891.363328
1458498056312197122 2594843.795552
1458402495181512706 152477.334532
1458027609854398466 2692553.306284
1457624203168002050 2856039.901668
1456649671825313801 2776802.928116
1456583534488035329 144345.7051
1456537015676248069 3930751.6929
1456273290490630154 4307795.670376
1455873729217515521 412113.950072
1455535431739654144 1104676.288728
1455124555844837376 3102142.366852
1454464616939933702 1934251.013704
1454038017073561606 160516.137144
1453733445264298002 2777786.892408
1453313382485012483 3390982.299964
1452907178457772033 3486835.274296
1452629321512886277 12261736.003532
1450713491791179777 4747776.231812
1448973291432124436 173307.67294
1448882246039920640 960089.233896
1448665915017482248 5301488.213112
1448535348863188993 1056889.041792
1444162014754967554 877621.887008
1443832934243311620 1821577.819588
1443820926529802240 577122.905304
1443526834222768133 765691.307452
1442923894604644353 1244065.04164
1442771796592185345 864161.998108
1442750124267118593 2183658.11368
1442070454236106758 1625601.837204
1442028588555853828 769515.772436
1441639537868869638 827216.923748
1441304131713437701 589543.13382
1440213383047831566 1124169.920928
1439910952292413443 1286635.421292
1439896810898657284 406321.556504
1439480639221161993 1040068.822008
1439472065686360064 859947.66048
1438747462106189826 2107465.859824
1438733402388135938 4353132.289264
1438428010135314434 356250.769796
1438406886944960515 1801174.484552
1437347979338280960 842329.130044
1436322093927305226 4321682.562648
1435855785435680769 1540906.646636
1435541171623710721 2770732.054088
1434918314677915651 7385264.668472
1434446219657371650 2567682.66802
1434409344754356230 1403764.302768
1434388944322547712 1421995.490216
1434143753640366082 1680815.22974
1434036648581361665 1470933.78972
1434023515209011200 468422.699084
1433795230688415748 1246348.581412
1433747148823138306 1408517.035952
1433645175587307522 1999471.137436
1432736972603203586 3575354.929848
1432705896681967625 791330.075136
1432639914663763970 413302.133368
1432608057817591810 1588638.19748
1432381573412769796 1265656.559972
1432308940893655050 952124.69274
1432282112065822721 595576.87712
1432273429684699136 478262.342004
1432256190352875521 1390248.717776
1431985281167732740 432610.111928
1431974150332055556 818342.679756
1431866221650059270 752509.899012
1431837853638541315 1527873.761108
1431278601056358401 1149233.162328
1431223842911838223 893866.580508
1431173782329196550 1692789.88952
1429769473116950529 938312.061924
1429375291705544712 5730496.644424
1429333823561601024 1348346.691228
1428938405501718531 789083.666092
1428362301195784195 3081664.77036
1427328298195984388 5687202.215576
1427257656251621381 2506175.617088
1427139680034648067 926560.186512
1426788890367512579 1194736.869492
1426750058150600706 3976515.31516
1426155621334749191 823875.158228
1426110207097114627 168517.809028
1425827813412597760 200116.058556
1425809614478577664 596041.01122
1425438859274461193 1813316.232608
1425385692754944001 1589900.642232
1423983478614368264 4768346.655124
1423968325852221442 1498596.18208
1423901604793753600 2656982.06886
1423671060407361540 870548.483324
1423500181081927682 2058768.910052
1423274732401565708 612155.747172
1423264723269603331 1194328.431484
1423221656764440577 452252.26704
1423133904056184832 3487893.500044
1422927132242571266 711016.310472
1422858639216414727 1601392.602548
1422823120180707332 1570592.663672
1422186995921473538 3566703.470224
1422083829611831299 2114539.263508
1421851348962746370 2577021.046112
1421830771254259714 2311963.344284
1421782783639257089 1488589.450884
1421089304290414597 155744.838596
1420702383097618437 1230697.97956
1420614862212714496 1599517.500784
1420364536108896259 1238848.174356
1420314894331641861 1424613.20654
1419989525816741901 3732807.781932
1419976284252250113 956728.903012
1419969874881761286 391766.311128
1419933715870879748 255477.974004
1419597276465434627 996644.435612
1419224798752763906 941115.431888
1419224796257087491 3131605.59952
1418830987320958976 3959045.307636
1418574415676121098 257742.948412
1418547646629773314 1832512.818984
1418514596407640066 1929758.195616
1417465841927417860 2141607.56422
1417035695152005121 1460889.927796
1416648272706347010 377452.415484
1415947795350032384 578682.39588
1415273648378679311 2425936.11388
1414835843701739524 1346972.854292
1414545683453935616 1479808.033712
1414445770141360128 1157606.141492
1414268685196300293 1388132.26628
1414153341932769283 1133062.730284
1414151440314949633 3105762.612832
1413800722815021057 513035.268776
1413748560756051970 1410577.791356
1413719913458409479 6102268.058524
1413034627900444680 3011246.344708
1412679647771303938 8698188.645188
1412649811124396034 1723589.828396
1412375885831880708 1057520.264168
1412055023954001923 948838.623312
1411215439619842048 2287605.586716
1410862854589140995 817822.849564
1410485794616143874 526959.291776
1410112855962099716 3179634.196188
1409495193464623105 211459.49596
1409452763151421441 1460945.623888
1408369217024401413 2240022.558784
1407767848072531970 3885266.5511
1407631191038177280 683279.656656
1407617741389893635 451862.394396
1407365076160454660 1318085.147908
1406478064725282816 890060.680888
1406081826095984640 4377787.092656
1405799416838119427 185356.594176
1405093181021110279 1376268.998684
1404451207360385024 276178.354864
1404371484844314626 408140.962176
1404134807387447296 1673370.518776
1404092373102215171 480991.450512
1403340815796113414 732385.044436
1401057231689244673 1500898.287216
1400870437505187850 675816.380328
1399606614508793857 1948416.386436
1397427591783632897 2825759.792984
1395637301703761920 2054016.176868
1393045924318908420 2581383.906652
1392907709486350336 681775.862172
1392727963645394946 1369047.072088
1392377282233176064 288468.625832
1392377279833989122 796342.723416
1391766522587140098 2662867.289248
1391274506103123969 3726439.86208
1388376788506583044 756445.75618
1387760979136585729 4705224.417524
1385862342609625089 7868818.139216
1380135799765807107 4828257.084752
1377853111944015873 7252002.48568
1375670454162239493 8760029.872672
1375385148472975361 631537.987188
1374679097029189643 2566977.184188
1374616646296301569 2100856.59024
1373966412851470337 1300113.875556
1373719527897276418 6304184.957388
1373544989184069632 233663.671304
1373543492543078402 2259961.75972
1373508754218491906 237079.69828
1373327410494636038 3969590.434388
1372268995118731265 3494484.204264
1371457029466845192 1965756.436412
1371019279349424128 2144912.199012
1370975891996610563 208841.779636
1370805431350611969 2184233.639964
1370262251454742529 4645611.03372
1369683483082321923 2528992.449444
1369231539326742533 1692121.536416
1369192701845860355 1265712.256064
1368947695772082179 3319617.040748
1368836094951780352 590638.490296
1368524060716462086 2816365.7188
1368452776519372806 491313.792896
1368159099125456899 2765793.667264
1368059252158455808 6813451.457272
1367898385076776961 3512288.38834
1367695242959331331 1510905.018412
1367015735176798209 2668455.463812
1366648953794625540 1953113.423528
1366069525972574211 1460017.355688
1365624010013204482 1981834.041636
1365292102360334343 1730087.705796
1364965788306862087 4414862.124564
1364918848860917760 3408935.006952
1364557960907681795 2151372.945684
1364530416057778176 2618199.023464
1364454284738224133 2450553.786544
1364111173688426496 418927.43866
1363328850654945281 4318507.885404
1363053530916016131 2328839.26016
1362631198879571968 2934998.39476
1362024855793639427 6740712.36112
1356959311075934215 33546461.695432
1353914249974665217 2100912.286332
1353624047339372545 4330946.679284
1353208566992097280 4383449.528676
1351539563353628681 3845276.757044
1351454547068203008 17346956.291408
1351434901791379457 13261332.33202
1351119174375002116 2866492.2016
1351091299596775426 3111852.052224
1350736914006077441 3370300.484468
1350416824039481348 1209013.634408
1350334812167446532 654633.300004
1350317807251046405 2636170.295816
1350020448633946112 1498800.401084
1348617080191528960 374667.610884
1348617076139843584 1139412.084772
1348599930709975041 3099877.392444
1348567128375504896 7511360.62076
1348532505796878336 6195670.404808
1348474491723247619 3112186.228776
1348311419419303941 4180177.35824
1348225138920067073 3658175.018652
1346717063046422530 1226873.514576
1346693717743128576 3216987.708556
1345333543136763906 6356390.760956
1345234239797800961 1882063.7755
1344886069796294658 2512395.014028
1343910914051862528 4512367.416292
1343767392980230145 7528849.193648
1343553343050969090 1681632.105756
1343519250699456513 645406.314096
1343491486923419650 1733670.821048
1343401371731689472 3052721.367884
1343157468507955203 749613.702228
1343148759056699392 686510.029992
1343148412590383104 722731.055156
1343147788482224128 1365965.221664
1343043994612342792 1319069.1122
1342319157455548421 2428999.39894
1342056609837674496 305623.022168
1342041781743964161 1105864.472024
1341643862096285696 2236476.57426
1340982160723902468 2730389.518116
1340880241435136003 1069327.835672
1340219444220465163 3268339.50538
1339510655213170688 2397159.79968
1339498252803170304 733666.054552
1339189534475628544 1812202.310768
1339125133072453633 383597.550968
1338407092206571521 3438658.154716
1338097602357653504 4571943.669368
1337716085374644230 1975596.079332
1337687131393843203 7700281.764824
1337670927077625857 4988383.349252
1337276770928701440 501914.61574
1336619073325690880 633413.088952
1336593227340783617 2921055.806396
1335927234331340800 425518.14288
1335908860293345280 1155396.863176
1335556653144563712 4056921.906644
1335509732648476672 2447564.76294
1335483127318372353 2862760.563436
1335149547941556225 4331615.032388
1334815405517357058 1711429.514976
1334806856364015616 1037358.278864
1334732927142281216 1071741.332992
1334483064982945793 2539556.14156
1334347722497777665 2250753.339176
1333747879450730498 1319199.069748
1333276367710941185 2238128.891656
1332244708035239936 5383695.644904
1331853074529349638 1573785.90628
1331649392437194752 4833808.128588
1330797637696507905 2774834.999532
1329660574846889986 393344.367068
1328648124034809857 4028089.896352
1328350967495004160 2028043.232632
1327597154228072448 2843526.846332
1327210491756818432 347432.221896
1326241647923875840 3126834.300972
1326225950854426625 5027741.920932
1325768316540100609 2847796.880052
1325387311136337920 5094243.05478
1324386709732294658 1618435.6067
1324376933245865991 2781221.484748
1324372677633712128 1337578.780108
1324363553005047811 1932580.130944
1324359006329008128 821703.01064
1324300437907034115 453978.845892
1324240241742516224 6126180.247356
1323856908936269824 554974.426052
1323657558012448768 3170685.69074
1323540326448091137 489048.818488
1323528628756426752 455575.467196
1323528620984459265 1529637.470688
1323198732989468673 3903089.30054
1322816649934852096 3300624.673376
1321770025955459074 2090515.682492
1321506522959065089 3411831.203736
1321108362428375040 1144814.605696
1321097508521603074 1366262.267488
1321094695699816453 742800.21364
1321043336522801152 3872456.44994
1320778857402814472 955206.543164
1320771393022267393 1591200.217712
1320759475352031233 550240.258232
1320731627216056320 1263038.843648
1320429453663719427 1308412.593264
1320390750807285761 2955995.821444
1320379565743669250 2163960.262476
1320366263827337218 786187.469308
1320288992609357824 1489313.50008
1320262128239071238 349251.627568
1320222962696491008 1183393.432088
1320027658118377478 2402525.189876
1319982918320726016 1125450.931044
1319933724901937152 404669.239108
1319670801759567874 1516196.147152
1319576611625127937 3363839.737796
1318600207773454337 1657125.825276
1318579715976855552 2625031.077416
1318454044512354304 5821151.316836
1318158675186429952 981105.225944
1317370590345322497 3285345.378804
1317036803833143296 3502058.872776
1317023655151439872 800779.845412
1316800538181328898 2707145.682388
1316796778310701064 1019721.183064
1316770937975394308 925446.264672
1316743894181310464 329813.69146
1316677247554646017 2116358.66918
1316619346198831104 521463.944032
1316338110830129152 6914948.30226
1316030132184928256 645109.268272
1315952968269783040 1893797.085548
1315683649623392260 720336.1232
1315584894576271360 885103.7287
1315567774606004224 1630800.139124
1315332639071498242 3617813.917316
1315254839534710784 4388684.961324
1315215438603788288 268696.513172
1315159839941832705 3660532.81988
1314917371484700672 1001025.861516
1314534671447973888 311916.680564
1314149346544418816 4187417.8502
1314119508802535424 575359.195724
1314059637709299713 1443791.227552
1313538262632464387 1530064.47406
1313528673123864577 4100067.81258
1313524611921915906 709401.123804
1313506086075478017 2813413.825924
1313495453753896963 1356459.755296
1313173498588659714 874688.559496
1313149369164726273 651904.191496
1313146781002276866 430270.876064
1313141327513743360 2232243.671268
1313127238712385537 686287.245624
1313122068452474882 1220319.941084
1313120919439671298 949339.88814
1313022450599329792 1745645.480828
1312821506364239872 3058959.330188
1312811642443444225 3030015.927712
1312747981637066754 701566.540196
1312738522688782337 818955.336768
1312736316518551559 292126.00254
1312714690607435776 1381634.38888
1312710619821465600 2336562.451584
1312705449205137408 510566.075364
1312456121152491520 1275570.464348
1312420043750334464 2174301.170224
1312413375641669632 710923.483652
1312395293732696066 2333443.470432
1312058076539871232 2192718.011312
1311890388819480576 892269.959204
1311737390319403011 495620.957344
1311736084066439168 1014485.750416
1311708125045628934 905042.929636
1311697278709706752 3143895.870488
1311648260549799936 1315504.562312
1311368381694574592 527349.16442
1311368378938871808 2007435.678592
1311349306864136193 6411492.761308
1311333898350211072 2567979.713844
1311255200691179521 1563556.390716
1310646669671837698 5356144.644728
1310640126826029057 3005008.382404
1310639665637216258 2486979.030712
1310633312868806665 3790081.929872
1310624147370844160 1370272.386112
1310621640628285440 1592815.40438
1310607907092942848 1065280.58632
1310490233700405248 1627049.935596
1310480630937944066 486486.798256
1310464646625849345 2614708.735032
1310278402465767429 3747065.981484
1310258625584271361 14508757.704544
1310239674364035072 2345510.957032
1310120169805549570 2660138.18074
1309512175686307842 4469611.383
1309417983920361472 1927716.005576
1309158029808472064 4785686.7051
1309086377351544834 3865810.049628
1308834014665617408 2355294.90386
1308781897955381250 1161226.387472
1308440307651010560 1764136.583372
1308436960994824193 1280378.893624
1308430241669545984 1421419.963932
1308422989411745795 1999693.921804
1308422398434213896 3430619.352104
1308415794443886592 668223.146452
1308086670982553603 2536938.425236
1308042233296322560 599642.691836
1308033473479806977 3491086.742652
1308005581798559744 222580.148996
1307656625319112704 2744629.152304
1307595810821955587 741222.1577
1307304590216486912 1874489.106988
1306973239516762112 612025.789624
1306552875225509889 2213158.477076
1306463738703249416 4721599.068572
1305490340653170689 2672818.324352
1305465112992440326 1798872.379416
1305395978766184448 158084.07446
1305394681623138304 685377.542788
1303218974193188864 2172760.245012
1302531511288123393 228149.758196
1302230511876743168 1687146.018864
1302206891347517441 2400055.996464
1302151954349486080 937606.578092
1301829291273981953 975981.18548
1301470007575097344 3208150.595292
1301124643411996672 3243313.394708
1300433420258926592 2600933.234944
1300405142479605761 1151999.401564
1300311597601009667 914826.876464
1300103914117767169 1383676.57892
1299693464842653696 1968299.89128
1299573103127859200 1016119.502448
1298917356954099712 5758641.736248
1298874583462719493 3190866.241408
1298565777528721408 1330802.422248
1298329977285484546 3473895.215588
1297830107160051712 3191775.944244
1297483826667511808 542090.063436
1297130141399699456 8513259.054384
1297090538538115074 3539690.865604
1297070379127590914 540456.311404
1296022870573735936 2178589.769308
1295385956887990275 1627198.458508
1294987619349168134 2245517.906528
1294877582156951552 989255.42074
1294673464423583751 12644795.158944
1294649330092003329 20840642.18502
1294623359074840579 1350110.400808
1294609539182952450 198797.917712
1294576076186775553 827179.79302
1294504894141886464 1401332.240084
1294238762478850048 879905.42678
1294180160070127616 372198.417472
1293520174100905984 205797.05994
1293485985922195457 1138780.862396
1293117256512106497 3334376.505128
1293063153543081984 2159356.052204
1292408688284561409 2062556.244308
1292105552793755648 4498554.785476
1292035829070573568 2766944.719832
1291772954003480577 2554538.390308
1290614108635553792 1688779.770896
1290254854875516929 1046919.441324
1290183284060643328 2434661.83496
1289791000714477568 3130417.416224
1289219749910437890 2750124.500048
1288799193507729408 3129043.579288
1288755768494301184 1127326.032808
1288384734129721345 1153688.849688
1288140121087369218 1558877.918988
1288086129212665858 3441145.913492
1287755115059912704 3341487.03954
1287721808716800000 1828799.746184
1287236451135094786 3806066.708276
1286663376957890562 1602246.609292
1286254745926025216 3748941.083248
1285541369558204416 287057.658168
1285265987072217090 1413938.12224
1284848865133371392 770852.478644
1284754707412647939 3675422.241808
1284174456911392768 1337578.780108
1284110340935032833 1099886.424816
1283769149840330757 609408.0733
1283757961962233859 799684.488936
1283666308962361349 3622863.696324
1282357983389728768 2933011.900812
1282241734370459650 2438244.950212
1282181740593725441 1705172.987308
1282014511298342912 4451250.238004
1281938127704035331 951753.38546
1281524491030392833 167366.75646
1281491821164523521 3161217.3551
1281231449874554886 1123780.048284
1280736190807891970 370750.31908
1280724561227444224 9126751.507764
1280717058674577408 798403.47882
1280477074055032833 10323641.95948
1279670743807164418 2229793.04322
1279092125867663360 3709341.161836
1279066164006535168 868506.293284
1278982096669700102 1955025.65602
1278664176357916672 1395874.023068
1278638009114480640 274321.818464
1278617761883787264 200394.539016
1278593046326771712 1269016.890856
1278246450170744834 1409185.389056
1277564212412366862 1967575.842084
1276121881129746433 1795771.963628
1275846073421094916 659515.990736
1275429650039140353 2491174.802976
1275401135462002688 258652.651248
1274968211230986240 413376.394824
1274920107333029889 1461149.842892
1274624878239506432 8118002.454824
1274601269257175041 2178979.641952
1273162786105950208 3698610.381444
1272104379659612165 14073864.052844
1271687333654364161 1909726.16786
1270964866359021569 2902100.569752
1270672549836255233 3835325.72194
1270267577638334464 411649.815972
1269274586413236224 1437163.392604
1269236317885329408 439869.169252
1269216009371566081 2370611.32916
1269147296089792513 3143821.609032
1268897662129983488 177466.314476
1268847582735822848 1971808.745076
1265558174834311169 2944708.080132
1264824068236165122 1656680.25654
1264773399789871112 2500903.053712
1261639234974179333 9555110.151336
1261228507109093381 2113499.603124
1260451873603141638 820032.12788
1260250293712764933 2090478.551764
1260160328467283968 2515551.125908
1260081004422631426 895444.636448
1259519314702434309 2777025.712484
1259328558956081152 4636514.00536
1258642945810427904 368670.998312
1258414567656353795 1981741.214816
1258375555482673153 1658611.054396
1257374744397176834 825211.864436
1257266484201418753 392601.752508
1256868515509764096 1856146.527356
1256489955007664129 4151011.171396
1256080453666320385 3558107.706692
1255837077637234688 6718062.61704
1255727203578531840 6052995.582468
1255404240975073280 10729517.947248
1254000603908300801 6303925.042292
1253620991764295680 15494615.663672
1252615002713755648 1369789.686648
1251891142230044673 965863.0621
1251579770569015296 959495.142248
1250005084093558789 1251509.752604
1249220201549193217 1363867.335532
1248293472311758849 1105121.857464
1248263756351590401 307405.297112
1247504028453367808 350012.807492
1246831577364983809 5568012.578696
1246762131225100293 4460217.308816
1243508968321732610 1067304.210996
1243468850839957504 1197521.674092
1243164431724343297 437158.626108
1243140818254217217 1297607.551416
1242776894216343553 419391.57276
1242770652106379264 1364517.123272
1242727705348427777 1550634.897372
1242507744084512769 4355898.5285
1242429013206827009 1804330.596432
1242338589326725120 5934697.08306
1241717358596513792 3884839.547728
1241003504891641863 2203523.05316
1240942995521695750 1482574.272948
1240169660630224898 296080.425072
1240160020576137216 1366002.352392
1239915942596898817 3023889.357592
1239896246153891841 1098382.630332
1239836798601191425 455742.555472
1238701284334522374 4359407.382296
1238121109356040193 1325585.554964
1238032178900017152 2208145.828796
1237677111701200896 331763.05468
1237244186941722624 1247685.28762
1236939382520606720 1972328.575268
1236648786706853889 2093189.094908
1236586195582210048 2301566.740444
1236570919633424384 1495384.374108
1236518086729035778 749428.048588
1236491196895096834 1113977.536092
1236244923436822530 3037906.207412
1236150692550565894 2173428.598116
1235944510867165184 147353.294068
1235918109568954369 313754.6516
1235915096301252609 798069.302268
1235774747801251840 729860.154932
1235533805504450560 867113.890984
1234743097814175744 3036606.631932
1233989874769965056 481177.104152
1233265868592775168 2335931.229208
1233018297349787650 2139101.24008
1232635642711953411 2029658.4193
1232290305828966400 1219930.06844
1231577765893361669 763741.944232
1231446636682854402 1231050.721476
1231247073569316866 588893.34608
1231221724353617921 413394.960188
1230829672436400129 2312390.347656
1230792569962946561 1876549.862392
1230762130850250752 1096303.309564
1229980401218785280 2721868.01604
1229638511109853184 5214639.44032
1229470356903284738 453644.66934
1229298095302705157 1785932.320708
1228212333245190144 6478513.725348
1227572087310544897 988865.548096
1226819441377214465 197089.904224
1226755612232433664 3861818.496368
1226420334649315328 5886984.09758
1226318043938082817 2455696.392372
1226032014945505280 543371.073552
1225783422083309568 1743956.032704
1225720382520483840 185003.85226
1225634159164477441 3171428.3053
1225320086568751104 471226.069048
1225021214382362625 2503873.511952
1224992883033419776 2943167.15492
1224687390830157825 4067689.817764
1224647468308221952 627063.734464
1224311321249898496 1623411.124252
1224246728267718657 298271.138024
1223844263596703744 1473755.725048
1223625743499808768 271017.183672
1223585803135139842 376431.320464
1223132693807812609 822854.063208
1222857523595579392 3055728.956852
1222093225730592771 1935383.500908
1221674741070565378 3236425.644664
1221321389266722817 1406307.757636
1221280600914399232 2622821.7991
1220952453345972224 1593929.32622
1220579488268005376 1249727.47766
1220280158973759490 693917.610228
1219890622296838144 1468594.553856
1219590917952352257 1741078.401284
1219205332314083328 1287396.601216
1218930021256941570 5467666.786276
1218769647861813248 264166.564356
1218521017854726147 293704.05848
1218378127841251328 1361695.187944
1218205529907974145 2326982.72376
1217739728386060290 259970.792092
1217329853445206018 2723668.856348
1217298310928703488 3373605.11926
1216595124500566016 2419438.23648
1215891092417040384 5567696.967508
1215622634802573313 436490.273004
1215249205368745984 937420.924452
1214137235177521153 3424344.259072
