1520722750662356992 8018981.279654
1517499684125696002 9681766.211609
1517008682512384001 2747590.086035
1516483304182075394 9676687.176877
1516098676904509440 9179301.138806
1515557165922062339 2099917.326861
1515399489552465922 8976067.876393
1514952464508022788 10006608.815058
1514478656529178626 1781519.347671
1513372859090935808 4283854.346199
1513073525531193344 1929865.494183
1513019704335482884 15235163.621409
1512870520173182983 9070988.327375
1511987603846811654 9904165.642822
1511573368251707395 1405167.665572
1511412732477652992 10102128.208815
1510986631414657034 8147107.118082
1510258893250723840 12214048.348887
1509792117744279553 3344616.244155
1509229749477928966 11091413.969138
1509002348336607234 9371250.319338
1508680047900520448 31552928.287486
1508351187124305921 9620650.090848
1508307852229718018 11312112.40287
1507578760006053891 8953499.712631
1507380385893994500 5745059.0978
1507221998824349696 1754974.203883
1506991827764752387 34518078.347112
1506520152182956037 19258789.310726
1506496969199419392 3390207.768188
1506218649832488968 14346188.797043
1505772589448192000 2427035.912855
1505093544683339778 18982221.494942
1504685494025678849 13197272.808327
1503382073486106629 13960661.311631
1502282783581892610 11114413.371698
1501055007616995330 2945313.074918
1500467241821028355 12331656.752186
1499763424145727491 21549721.46739
1499377248280866817 12710308.374541
1499241502672764932 3430193.187847
1498879072994152449 3703646.501201
1498159900454637569 6013672.953532
1497791731592417285 2393207.624923
1497458406596087809 3794422.26818
1497067761423376387 1906794.21849
1496375741742985217 11763044.439312
1495980795978301443 2310553.521973
1495269536655810560 18480954.307689
1494900457721896961 2119802.226991
1494733406390816768 16414386.11454
1494008583456841731 14731548.578478
1493803557862002691 11649460.931461
1493579673871155206 9386942.620043
1493133823550185476 15912807.477044
1492170707094020096 16465272.292704
1491452950014689284 17216250.70171
1490906141626306561 5841968.038795
1490338027033350147 17858173.610244
1490184538152050689 15440049.965881
1489948016890974219 13515143.717875
1489824963569745922 20692778.102631
1487655437629538311 25637314.245077
1487298136242491394 3712247.31945
1486203310092976131 22705681.02314
1483432085125664769 16752860.655548
1482994543683268612 6608087.721153
1482340422987169794 54430673.591028
1482004670084415489 18494897.695491
1480532869684420609 16651256.003197
1480096725599592448 3414740.464252
1478975921210019842 35764669.923575
1477647949651873792 12397708.161413
1477536363540926468 3033860.774774
1477148516052914178 14235623.960778
1476534396219846659 17192101.329022
1474729057447124993 4719932.601821
1474617501216509953 4734954.086618
1474617499291316228 8622236.442634
1474288746203803649 2748740.056163
1474029479026585601 12356357.152227
1473564600746450951 6427614.28419
1472477126355947522 5659530.06953
1472155921308536834 17295886.133074
1470974388161822720 5386843.402928
1469642278570389513 5310394.347127
1469642276594872320 5207567.851515
1469642274275409920 16282331.211508
1469272961261707266 4125637.622755
1468905413173137410 4561332.555001
1468574791317688323 14074963.550812
1468510969215160321 14191853.222781
1468076769118810116 2169586.350449
1467769246293782531 15507203.429814
1466398857651101697 17432852.366861
1465909930855055360 14634376.102662
1465538465341181954 2878399.188095
1465234394944135175 19716237.84456
1464941169410854919 16978470.420035
1464523097730523137 10179463.699923
1464117795923185667 12687812.083912
1463748453020831753 17147635.817406
1463372649682202627 3174875.86172
1463092844835401731 4797220.177507
1463008093839650818 16795960.577637
1462640242838499332 2356336.707694
1462277634201505794 31390998.118837
1461917165053902848 3999979.42856
1461610968039899137 14025562.75073
1461610962583101451 19301649.655705
1461579320430784512 9282534.915505
1460827650365132802 20258328.971357
1460467274016387076 2578664.265774
1459786453068615682 11652335.856781
1458292381598371840 15737077.666859
1457768227585466371 22068861.107049
1456848452457938944 20465539.213796
1456677197905760259 15363337.375259
1456115216823906305 20166858.430759
1455965586740035590 18821393.380999
1454414192543342592 8747966.509962
1451904187231469569 28273860.340627
1451073181251375112 13840561.306388
1450710740051005440 23996714.153508
1450341015483678721 3286686.498957
1449986788852846596 12211460.916099
1449699978419466243 8344159.291057
1449333487605989377 6229987.126151
1448898761250381824 14059151.461552
1448881210965381120 12207268.316674
1447826324173692929 18368664.516232
1447442661854441472 9759868.349469
1447265301934993413 53038107.681442
1447221895795933186 13271925.035803
1446538231869177857 11696777.410686
1446135127612948493 10845176.61548
1445612889717415940 6623780.021858
1445409479982452738 6333819.845625
1444926756503187458 4237088.894327
1444893537774944256 2378449.674947
1444694187371208704 9607569.180642
1444324802345332738 8496123.05193
1444165635571798016 2170065.504669
1443980735002525706 9430449.823219
1443833360019714051 2196586.690746
1443273244715335683 9399903.741694
1442845088074199041 8752446.601919
1442364822113243137 2564792.751105
1442190772476862473 12457099.326982
1440633330773282824 2134847.669499
1440584897094057993 6899629.106312
1439612968853860358 9895804.401683
1439456313411440640 3556043.04373
1438729778098434049 14025442.962175
1438478585518456832 32680761.490522
1438361765180366848 4072858.785422
1437804669468774400 5162479.439413
1437706216117968901 3277941.934442
1435625444540227585 8763347.360424
1435523099953274888 3909419.28098
1434921055081013251 17584959.874
1429867557884882944 8625255.11422
1429829453350268930 7365630.542973
1427905775217758209 3133524.852534
1427342349349244953 19247481.271134
1425004230113300487 1854949.731886
1424729338302263306 8910184.171143
1424408145804218369 16155978.243694
1422282805531201536 8213589.766107
1422214916593709056 9886269.232705
1421714878981570563 7960716.126502
1421102771240017923 2462661.029112
1421005249557368836 14638664.532931
1419671672144023552 5535572.872816
1419588885177270276 5444198.163062
1419231159137931267 11562518.398242
1418482887578439680 2673249.308802
1418280144758665217 14195398.964009
1417546186555224064 20753007.788085
1416387480069103624 10728047.366401
1416016778237337606 12149410.444609
1412668678236098561 9690462.860702
1412645009183047681 25988055.134117
1412426335671181313 6418845.761964
1411238847841669120 8919000.608791
1408093775826587654 20480752.360281
1406528908904697858 13790920.929196
1406156912819806208 15638539.601516
1405461667069059082 16970300.840584
1404440568613150723 3639871.074519
1404403831559974920 11525455.819325
1403615846681907200 3477653.413338
1402606143923318788 13710926.132167
1399648496769134593 17022097.411766
1397889268245155843 11303248.0498
1397195788523016209 12790542.74868
1393202281785352193 7031180.897413
1393068916683857921 4138862.279227
1392776831061749762 13492551.596402
1392437991700766724 6204903.402734
1391671736010113031 4434069.194169
1391257413400080385 3607120.883582
1390894255879573507 5395564.009732
1390584792261947397 4035628.502528
1390532345753522180 11398815.358979
1385853592574119936 15106127.389963
1385540506373869568 4040491.917861
1385303386157772800 14078389.503485
1384414865448521729 23431072.596798
1384179020347023365 3619674.724146
1384010022036807681 2356264.834561
1383795599753965574 16419129.741318
1382921431751610369 4828413.117229
1382563008098967552 3255900.840322
1382396804424028160 14535478.671654
1381933162817671168 11318964.308216
1381594551551336451 2370016.560675
1380750268996841473 5285190.835155
1380587067772559360 14383562.826203
1380451732690411521 18580738.174004
1380167538596663301 11005980.771712
1379822254767280131 7439516.123697
1379396132166533121 10481546.477922
1378659158627549186 14434592.750633
1378581408856219651 3169844.74241
1378214019312443395 2179145.477138
1377614512413544448 16276509.487735
1376763325585874944 5725581.478757
1376502776339963905 12284076.73814
1376481851154427904 10025032.294817
1376231290110758919 19357087.798959
1374698503952244736 13026142.878654
1374591167388512260 3289920.789942
1374394534457606144 13843771.639662
1373991603996561425 16530293.520358
1373501932203958273 1949774.352024
1373343325369954309 22172286.545436
1372911133519089665 13189462.594541
1372619998158458880 15923923.854948
1371160922396323845 19373930.069792
1369884665658572800 12460956.518453
1368803364037795840 13528488.162902
1368518607676735491 12089204.716866
1368163593217216513 17446987.416351
1367091004319260672 9705436.430077
1366615963332845569 2220831.894278
1366346518030995456 12680504.982057
1365891291465220097 3522550.163752
1364958975658237956 18700934.010091
1364184631688372224 12428014.665828
1362993169533521922 3866199.570336
1362800188851556353 14909362.70952
1362394827665514503 6478236.927533
1361582418705084418 20559333.652361
1360093208772923392 13155370.771788
1357016154108166144 27606254.765901
1356831889236008961 2282834.450346
1355791729526378500 8740371.915575
1353930169791115264 15097670.31798
1353570362282270721 5914559.903125
1353554122817953792 14445253.932028
1353207771647275010 2635707.575665
1352844347809681409 3291765.533689
1352628585379467264 7776169.878669
1351444900269629441 41213683.586548
1350698430931210241 23884951.431693
1350312797075173376 18152973.244099
1348580955594768385 51551651.502447
1348204430038994944 10922440.233455
1348204428067672065 18242335.506129
1346683059752427522 2968408.308322
1346676242498560006 9597003.830091
1346394192222715904 14522014.438072
1345297394087251968 15165207.105289
1344950544939380736 14284976.845438
1343769773683830784 23699949.987351
1343551767024320513 12957456.121217
1343104074485358594 19052201.968773
1342753190031212545 14708956.457005
1342370950923177984 14728817.399424
1339094078097485824 11161777.766345
1338705032040992773 2573537.31562
1337216386922209282 29474692.68908
1336861049346084864 3570226.008642
1336291233837137921 13597654.074559
1335813794031783937 6757919.245747
1335560925655363584 17475017.938221
1334843679555522565 15698433.879016
1334364250853150721 5208166.79429
1334117189788471297 16225479.563305
1332541650359308294 6712591.256535
1332305023888363528 13362988.295314
1331823750329757696 6495917.718251
1331813720058519552 9484785.911767
1331494708439175173 3877268.032818
1331121868166803456 3672597.307745
1330745583263334401 7838891.166067
1330480210865659904 3624394.393213
1330392142540226561 4648945.904128
1330112116225941510 12498689.913278
1329667582308204545 2058087.163455
1328943164913295362 3379881.994747
1328665622989795329 9522064.110083
1328580033829613570 11830197.903245
1327499092193202177 17698399.635585
1327130375248879617 3550412.981645
1326790187519782912 3265723.501832
1326564190711148549 13138815.993487
1326452669456683009 10252271.183652
1325676149205209088 11072008.223228
1324779988214710272 16576148.579212
1324630603816316931 17440375.088115
1323874709948149766 2832280.59442
1323324655290081280 12303434.568628
1322799256101552128 10705263.58324
1321518923880169472 10267580.160981
1320986989387132928 9222712.511138
1320969197963235329 2248071.811685
1320363636607467520 7637718.2668
1320246307542372352 4541423.69716
1320237237049552896 9251222.187228
1319891498465329152 6988632.002677
1319572669612716032 9127480.609913
1319520507260227584 2054014.352585
1319257631026892801 14186414.822384
1318970523322179584 10431762.354464
1318441611731193857 2198191.857383
1318431794153230338 11440358.029853
1318216567176359937 5025776.740447
1318070253994135552 1657514.235535
1317852259091238913 24397382.912272
1317715374054408192 2602789.680751
1317472400775114753 11430152.044967
1317342699289112577 9289746.186516
1317035475706679296 2592679.526709
1316993638300217345 5671029.77081
1316812672793374721 7251352.261503
1316354585477357568 5933678.156503
1315716983896207360 13704529.42333
1315198005193003008 1998863.701863
1315179289524936704 10660223.08656
1315168298414170112 6816400.018298
1314993835034906624 14470864.725087
1314461047412064256 12608536.018213
1314112602734096384 8700650.030737
1313723789960597504 1455263.239273
1313714352843751424 6803510.76978
1313433427358576641 5760631.60995
1312992692318601221 8472620.537439
1312673715235086336 12409207.862693
1312635709241524225 2137506.97542
1312409376989171712 11188418.740977
1311913329904898049 11419682.52526
1311606853948776453 13460855.544749
1311217901878222849 1988681.674688
1310927263626489859 17765864.549761
1310652878210523136 15388181.521566
1309801090171326464 11231973.859575
1309736646993014784 1969036.351668
1309083592367263744 11984198.069553
1308760417146228736 5371630.256443
1308744470616104960 4283686.642222
1308654394716467202 12561411.200676
1308465175691841536 3928417.745803
1308345989217112066 6923419.113335
1308123531792662528 8499908.370268
1307934114431905792 6085522.128821
1307290179556630528 16586426.437231
1306903656139120641 4893434.344883
1306835483947757568 2236092.956185
1306478013781962752 1812352.921728
1306472426834862081 16423298.383032
1306112908653293568 11777826.346999
1305522688522219520 10290603.521252
1305387658445598720 1850038.401131
1305023514827612160 14064326.327128
1304780653469208577 8456952.194445
1304714631710081026 3147971.352267
1304345818955091968 7516659.953117
1303940002506706944 2190022.277932
1303717725827559425 6273877.652703
1302917421318119424 2918288.77691
1302839980234997760 10285811.979052
1302210654959362048 7189014.297481
1302135342288367616 7683549.367943
1302126167500054529 1077617.84078
1301524339947307009 8592960.119792
1301415710648721409 7019489.534445
1301404722654404608 2219466.304751
1301396607963787264 11967188.094743
1301040464297033729 9939000.154616
1300665580064665601 8816365.774867
1300422069268611074 11652072.32196
1300314169410027520 7727320.10594
1300061559314497570 2267908.796393
1299665745710776320 4404385.59024
1299586165314445313 10908975.999873
1298856026544906240 57783411.499212
1298554518058045440 5090079.236771
1298308708389122050 10492710.771248
1297779414780923904 14852367.315051
1297132177411338243 7354777.69989
1297076668029259776 12544185.606467
1296822170698407937 4071517.153606
1296821740102750208 13650672.489002
1296668568151633920 1626776.492322
1296425476521631744 4924028.34183
1295951076684750848 2247281.207222
1295650983150723073 13653068.260102
1295009334435307520 2842654.283283
1295009168940650498 5236963.962912
1295008416365084672 2268076.50037
1295007263183183873 18064736.994486
1294995806756380673 7561029.633889
1294664899713314819 21720899.312485
1294662979095470090 13738501.457528
1294662879703048192 29436072.858948
1294636620608487424 1984321.371286
1294484431177003008 12474971.779388
1293138259032367105 8391355.981727
1293089471076765696 1979793.363907
1292333248941445122 6036384.86356
1292060400259756033 5799035.820683
1291782432916553728 8667660.26269
1291235577199656965 1743857.825979
1290896443432001536 9592643.526689
1290677894448996352 9386703.042933
1289478561166843905 7904247.801675
1289465422970945542 7735705.30479
1289137415395790848 2626364.068375
1288708420091035649 4349354.728073
1288075542256734213 8083451.479955
1287349583937339392 3865528.754428
1287285436608520192 7334054.279875
1286519596254552064 3227127.629411
1285479449551491072 2904608.923929
1285212031608434690 12219917.988082
1283662023679598592 4834067.137025
1282650753664839681 6914890.168219
1282358352366809088 12138030.531884
1280742845205237760 14753134.476089
1280736646686584832 1709813.918648
1280736544429498368 6056772.875621
1280358762608422912 27575876.388353
1278933825188360193 7097400.010617
1278222350241021952 7020160.350353
1277865710924886016 1679699.075921
1277865412458196993 4260998.689905
1276381112147664896 3410332.245428
1275768248139542529 3084219.883296
1275685870331404288 10714080.020888
1275412961952063490 1519110.539088
1275056263177441286 9118424.595155
1274959310468952064 4904263.230255
1274692662189109248 6682093.090432
1273506293219594240 9678028.808693
1273115806067548162 13228944.902269
1272116678579519488 22245165.902298
1271345549988335616 12016756.598802
1270996089198350338 8534551.220374
1269486988287070209 10559720.488915
1269181240017477632 6892873.03181
1268174685205745664 18719429.362983
1267354413435215873 7693827.225962
1265511916316897283 8468978.965367
1264884801468841984 7681824.412751
1264784927762993153 3558103.406876
1264550195314012160 10452318.070502
1263703863149965312 12493347.343725
1263346630641803264 5654331.246243
1261991700274110464 8201059.883254
1261611723297087488 5853204.205254
1261542200799899648 5512190.14688
1261342041780428800 4331578.106511
1260090359964565505 6729984.554721
1259440575268311042 5379440.470229
1259360012813492225 14270242.853173
1259129204680978432 7887405.530842
1258779807841570818 8900074.017101
1258299333339942914 6775528.163332
1257882718966149121 14510658.483058
1257724993233981440 4912792.175371
1257212068912119808 3772357.216349
1256993169385951232 10516141.412606
1256488653938966529 1081019.835742
1256225414198034440 15968964.351628
1255806614654812166 12591933.32449
1255722255411228677 16460840.116169
1255408042415476738 16647398.811726
1253548312512417795 14143003.450052
1252246766109548545 2433504.494825
1252168314685665282 1380826.631196
1251881567028314112 1883651.069664
1251526239774367744 2390404.572736
1251472377189330951 4574197.845808
1251115072639823878 1832237.821858
1249634458946293771 8725062.938246
1248888005932109824 3142389.205604
1246837211972030467 8346219.654203
1246656441319997440 9564205.723732
1245646824922157056 9927404.622492
1245342880912179206 5552175.566539
1244497077750489090 9105774.923747
1243501019213918208 8144088.446496
1242670175276556289 9270316.482895
1242478165290651654 2301329.803238
1242478162723786753 9342788.55867
1240864175645020160 6905259.168397
1240661695791386626 2761485.558415
1240661693903953920 8014644.933963
1238674756636774400 7760597.366519
1238315648125669376 7376100.06268
1237252232568946688 6587172.63945
1236605977610223617 7278017.193846
1236257900634357761 3648567.723612
1236194394748776448 1274262.732668
1236188517606125578 3880789.816335
1235606260591915009 10802316.270501
1235443841693626368 10637247.641711
1230393052533006336 2025504.676495
1230025356708630528 5273786.964719
1229638009546514434 6441437.883437
1229288483081969664 10351671.726591
1228907503879999488 12755061.378689
1228620590564556800 14924192.532629
1228251528164601858 3893271.783766
1227792324161232897 6737818.726218
1226439061583233024 6057180.156708
1226389278873116673 8517541.245564
1224174721953984512 9293603.377987
1223947504393187328 12543754.367669
1223211211849793537 12216084.754322
1222712253138423808 10708042.677716
1222484302132154370 14501075.398658
1221379787597307910 12110071.883147
1220930159672356864 3179883.023319
1220664326240890880 8741306.266304
1219870407676678144 3384242.298149
1219814892170964992 7473224.623074
1219631268738084868 6662591.513678
1219175442898276352 2557533.564672
1218938883745837056 15509551.285492
1218409278949613569 2473010.760264
1218215402121113604 11562829.848485
1216707135158882304 7024951.892553
1216216645732950016 7041674.374831
1215693126146256896 9213848.158068
1215290073593208834 6234275.55642
1214787629503270913 8131438.775088
1213412401284100096 8367494.101571
1212965902674579457 11858827.36789
1212249753238614016 13686704.886346
1211973609758973952 10139238.703154
1211583429227118592 1053540.341225
1211561172475887621 4198109.69853
1210952336840900608 12490376.587561
1210877322074570752 3026793.250029
1210610311671111680 5457303.030979
1209378897629892610 8374465.795472
1208937085731782656 12242342.405578
1208798429561798656 14155916.656281
1207948551755460608 9788617.602669
1207342060593803264 10500616.815878
1205463037492248576 3393106.651219
1205056311961866240 7515653.729255
1205000662867513344 6175339.58736
1204833503218548736 10184422.9461
1204624359391842305 13451727.656858
1203019309083086848 12478948.759414
1202574064696475648 8432155.96356
1202187084238188544 3505156.865566
1201868348654440449 7804392.062227
1201731013094735872 1914796.093964
1201714423238291456 5779821.736461
1201406012827111424 8717971.45579
1200817270072627200 11687793.269061
1200723842160705536 2098336.117935
1199910806722211841 12532015.089279
1199578789753176064 7907170.642417
1199226557509693441 6646803.382129
1198826014735925248 7770827.309116
1198542939938418690 10228025.98012
1197496589989773312 1478622.007498
1197445111027654656 4972710.410582
1197074652754935808 15421650.443833
1197024136528314369 2054014.352585
1196052710371426304 1694816.391562
1195659886098407424 7324567.026319
1194266120695336960 7486664.898945
1194158746814963712 7117236.995325
1193176477912588288 1967311.396476
1192471238842572801 2020808.965139
1192334784959111173 12631295.843663
1191595974021353473 17946361.944435
1191561989207683073 13004772.600442
1190571129007558657 3542554.852437
1190298714465693696 8041860.893659
1189824651448344578 1619229.813357
1189536648775618560 4053261.377824
1189120004752433153 1091058.116651
1189096338631213057 1299202.709819
1189067583393124353 982960.924619
1188540090143801344 13763249.772991
1188117727702966272 7183024.869731
1188030998530781185 1844671.873867
1187620508298141696 11927849.533281
1187413724581122048 2496345.570778
1187333202458726402 3142556.909581
1186989743935873025 1531688.337363
1186939065414766593 4091186.434337
1186918380101521409 1083032.283466
1186846323137380352 7683501.452521
1186679105057476609 2329528.029085
1186535678873460736 8779542.77306
1185151500454105091 4451630.196332
1184882101708939264 14067560.618113
1184715922553982977 2365416.680163
1184386352273453056 8361265.096711
1183612974323265536 1782333.909845
1183338805366947840 8297992.78196
1180808304643043329 4951507.836347
1180772694272249857 8347369.624331
1179017104588062720 5400523.255909
1178673431518171136 2021216.246226
1177916562885316608 3040017.906501
1177638108956741632 7520397.356033
1177255816748883968 3870176.550362
1176514895749074944 2505018.26216
1175286055760625665 10551407.163198
1174963038866116612 7946724.823278
1174647983700185090 3795332.661198
1174386942126911490 8385558.215665
1173827923616223235 6637340.086284
1173823900548878336 9250814.906141
1173594297326682112 2345028.668102
1173501592978345984 5822226.884931
1173456875150434304 8578010.508128
1172921039132561408 5357591.037797
1172489204036554752 1814006.003787
1172182132984205312 8437019.378893
1172111462845702145 5821651.899867
1172023600649359361 17826309.854614
1171750217546436608 2304827.629044
1171668938976948224 13885673.676201
1171427494307647491 2050181.118825
1171410377772417024 4223432.999057
1171332010490490880 2767594.77472
1170607322508357632 9070820.623398
1170313863910154241 1450639.40105
1170234276022870016 14881739.468737
1169961455262650368 861734.906959
1169540309648166913 6046111.694226
1168881962171473921 1477280.375682
1168711495787536384 10099085.579518
1166799458685767680 5170361.526332
1166368782853390336 2116328.358896
1166013989932785666 1386600.439547
1166010250870214656 3257362.260693
1165986119793565696 2764025.075781
1165984602348904449 4537566.505689
1165211534634754048 6995795.358266
1164167189944885248 9240009.97848
1164010507017175040 2411104.03504
1163277598475968512 13370295.397169
1162384038755049473 1615228.87562
1162033665196478464 7269128.883065
1161876021412425729 10538733.534079
1160885489974386688 5489741.771673
1160781284240609280 9494752.319543
1160243598522114050 8369386.76074
1159296375336525824 7793467.346011
1158970283384025088 6851761.599734
1158934244330299392 7162277.492005
1158448595151888384 6810817.871635
1158343619813597186 8134361.61583
1157310690274791424 2610000.951762
1157119563852468224 8996647.550142
1156967333740478464 1956242.933994
1156580252551979008 2325407.302793
1155850567228379136 9180546.939778
1155778825164210177 2784029.764466
1155368337859153925 6416354.16002
1155074490625351681 3078997.102298
1154783885915389952 1852026.891144
1154626142202138624 9533707.557629
1154018281495252992 6062953.965059
1153252379166298112 10637199.726289
1153248686454890497 7229359.082805
1152148573091274752 7782638.460639
1151826791465508864 7661723.893222
1151801513561321473 7667473.743862
1150791252046241792 5809625.128945
1150770776812843008 11010173.371137
1149235346145722369 9773116.963652
1149002108643024898 33820094.394838
1147837252552146944 35445241.762812
1147564871506190336 18551461.851162
1147177049108336641 12972285.944326
1147102385979809792 4527504.267069
1146475038574387200 18868254.663715
1146416247568883714 6618677.029415
1146411234230620160 11361872.568617
1146121514158190595 31613493.380894
1146117982860410881 20369157.342443
1144894645459017732 17799069.937207
1144567030214873088 12533236.93254
1144298636693524481 19338400.784379
1143902343546621952 10851908.732271
1143472365042450434 3476383.654655
1143105576764764160 7070591.332008
1142506575149654018 18834090.967829
1141982650615226368 10474718.530287
1141701678015508481 7125574.278753
1141313171707142144 16441578.116525
1140557881411960832 23014543.833352
1140344298665156608 23139698.915616
1139907998204252162 8265530.083555
1138807466903216129 9752153.966527
1138404959815254016 15038686.433498
1138019403977678849 17194856.465787
1137981841762279425 10693212.854607
1136890267733286912 2479910.581032
1136618241823059969 10163459.948975
1135863716921192449 7931607.507637
1135856477153968129 2177971.549299
1135814698723659778 5262263.305728
1135161600107827200 9509606.100363
1134449945333903360 8817851.152949
1134389770975555584 2555664.863214
1134073136641708032 6475913.029566
1133716810933690368 1799415.757788
1133001005535322112 2230678.513499
1132959079419252737 5396354.614195
1131948318614073344 7078233.841817
1131886675662188546 5604714.826762
1131823451755425792 14698990.049229
1131528310264090624 6582524.843516
1131196316019765248 12128064.124108
1130790645885415426 4733971.820467
1130494814875672576 2628807.754897
1130000146929004544 8862580.199386
1129686307997749249 2263284.95817
1129343241906741248 8329041.975416
1128919149395283969 3580983.020881
1128660597481013248 9155127.808407
1128206806210113537 6267744.478687
1127976917334884352 1864820.308818
1127589567127670784 7601805.658011
1127415878453157889 6011708.42123
1126735007274299394 2330725.914635
1126433821807730689 5543694.536845
1126074906330968064 2107895.244624
1125769459359203330 7252478.27392
1125334252474765312 4632966.110891
1125043244230893568 9653112.789253
1124229538165116929 5461208.137872
1123586588837998592 12618286.80659
1122403092463415296 4918949.307098
1121801578158026752 6619323.887612
1121692767967686656 2080511.580951
1121435616997072897 2390117.080204
1121316968102019072 5215569.726989
1120990464876765184 7261941.569765
1120643184554663936 2711461.857847
1119849295262277632 7163283.715867
1119615497496977410 3285895.894494
1119562091709509632 5810631.352807
1118889464812769281 4052063.492274
1118795312498343937 1856866.348766
1118492466892562433 7190906.95665
1118034453513691136 1976822.607743
1117425965091696642 1796301.255358
1117326904946827266 7105425.843802
1116595961789177856 6084372.158693
1115921509351022594 7875738.125585
1115639876370591744 3116443.004591
1113457021393588225 8138218.807301
1110920681338867713 1999917.841147
1110781440717787136 1712473.224569
1110526593401868289 4004363.689673
1108972314656296962 3103937.079449
1108673913586737152 6505189.352408
1108587313486016512 5360226.386007
1108336689762586625 3207937.5029
1108209919830822913 5166480.37715
1108031124821954561 10356439.31108
1107918828288294912 2262949.550216
1107564980449280001 7027060.171121
1106931373615439872 2258972.57019
1106840969431797760 5027286.07624
1106477714452541440 8962340.10799
1105040816165347328 10206823.405885
1103603954443681792 10307948.904016
1103307042045870080 3949452.616061
1103219519458238466 4885887.665918
1102969659085721600 10518153.86033
1102234425012695040 3168407.27975
1102105832173428737 8177701.115029
1101518352843849729 20815345.752107
1098945053291106304 8767156.636473
1098228254891233280 8300388.55306
1096475671818395648 5679319.138816
1096262254054510593 9162961.979904
1096008573069406211 4264807.965954
1095620463156330499 843598.919732
1095620337767575552 738424.568442
1095579553521717248 1551669.068337
1095258026531942400 1480514.666667
1095257860173254658 733585.11082
1093723138788114434 2384319.314142
1093060830105559040 7170566.860011
1092734389157543936 9965281.763583
1092015752188780545 8582298.938397
1091300268766056449 13519959.217786
1090189620539678720 2847853.10657
1090116574722158592 6884943.029469
1089827730374324226 8093393.93002
1089101784474443777 9849613.934875
1088705242710114304 3766631.32342
1088324936651997184 6634105.795299
1087235440950763521 8058080.264006
1086592449991008258 2019084.009947
1086529811504345088 8205084.778702
1086273280288280577 11267239.610167
1085391074015752192 8192339.27645
1084754151043526656 5909265.248994
1084435848240590848 8257144.884705
1083259540785762304 6418150.988345
1082869680560164867 2165250.004758
1082622190380412934 9183780.60716
1082511490567917568 2593929.901128
1082154366000353280 14544113.569536
1079730957073100803 15203473.478644
1079683493993553922 1724850.22098
1079605902859214848 9994404.459724
1079227976393342976 12538347.98556
1077484012522913793 6464635.666264
1077153522553020416 2936954.580932
1077052216677142529 4036607.389444
1076767085114605568 4775347.655328
1076721164549017606 7737449.62962
1076696093281452037 1610144.89372
1076424645014945793 6894086.717776
1072721786528251904 2399867.941048
1072358515094810624 13459217.061656
1072041879741612032 10962341.864524
1069861333057757184 2965114.916704
