1520786657024540673 1530254.816519
1520754944089161728 1280853.520206
1520681215468400641 2555353.366878
1520679756806590464 902849.16514
1520679754495537152 1143896.557362
1520679752188653568 637681.345613
1520679742583689216 2661953.889504
1520591328635080704 3037722.692771
1520590755324055552 2205391.459817
1520590677238714369 2219353.853509
1520590434828832768 3638380.162976
1520337124389982208 3950651.45111
1520336960048738305 2648540.57871
1520336884362547201 2112557.229848
1520267510092025858 2996384.594593
1520084672608632832 5289550.877676
1520013826506199041 2537233.631244
1519932422359375875 2181035.71127
1519911786459193344 2168367.584409
1519901525258416128 4237233.503659
1519705675949129728 1877588.969711
1519699607931875329 3216723.717519
1519699516127014913 1746632.698538
1519693397438570502 1616617.712333
1519693214072012801 1009920.33025
1519693160934346752 942853.77628
1519693016046350336 2208176.094514
1519692465489338369 1576456.220365
1519632882150821888 3507659.213045
1519632483570294786 2934063.68567
1519632144863461376 2831659.725193
1519631661058727938 2196841.454691
1519617801152917505 1716393.918941
1519594330285031424 1544883.95373
1519594228342534144 1412633.415726
1519594137141583872 2011329.875581
1519594044728479746 1306072.113307
1519557080327200768 2133030.177902
1519534462408835072 1140680.500388
1519534458822705154 3225509.043887
1519534246880329728 897005.354297
1519534244099497985 2149934.087119
1519327229498511362 1886452.736493
1519327144467476480 3373565.325312
1519326963755855873 920419.817876
1519326961612607488 950148.734782
1519326958475227137 477231.478776
1519326955690201088 2065218.439999
1519217847473688578 2904099.447522
1519201496315080710 2349839.482198
1518998998744694784 1274774.388121
1518960116657459205 6056188.263905
1518925244664524805 1385728.353724
1518924886982688768 1036080.208319
1518924787552518145 1323956.527699
1518825753403883520 2936809.10016
1518637966721269768 4329361.769902
1518584796213313538 3579902.834339
1518582773312856065 1730748.514703
1518548478670123011 1409142.817303
1518545261332738048 3045292.192722
1518542364104863745 4821340.04651
1518537795681533952 2825188.391038
1518418251323420673 12277964.241764
1518287989545512960 1591869.761716
1518284685541273600 2695212.62504
1518274027592511488 5612333.181286
1518273239843500032 2538371.017247
1518273178082365440 2110949.201361
1518273086487154688 1685331.514997
1518273015104311297 1972737.191893
1518218617028227072 2054981.965972
1518205399115386880 2877782.688625
1518191431684431874 1733376.268572
1518191325665021952 1517429.80883
1518191264470081536 1359333.154413
1518191190746796033 1796913.003912
1518191133041606656 1427027.231695
1518191027378610178 2555353.366878
1518158557249777666 1702745.286905
1518153133708517376 4311006.713026
1518152623517536256 1225631.46875
1518152178405421057 1185234.65554
1518151875215994881 966503.561101
1518151619602436096 1017725.151443
1518150590332870657 1049375.858492
1518150345934970880 1111892.86845
1518150172928364544 951874.42389
1518128508190720000 2474245.978802
1518099972730023936 2409964.059529
1518073937372004352 1355881.776197
1518055337512685568 2772711.754072
1518055063842746368 2418043.422171
1518053534360428544 4534130.470649
1517914758783332352 1966658.059808
1517907634657148931 2508720.540755
1517889080054345728 4212014.910558
1517888909983682561 2059884.491847
1517888192027893761 9427478.817211
1517887957058744321 939794.600134
1517887954349219840 1103421.303738
1517887951740432384 3002463.726678
1517769222608281602 5324143.10025
1517500660220059649 2766122.759296
1517500504900788224 5650533.662904
1517405703110946816 3096396.122443
1517360987091144705 4759411.339657
1517360438631362560 3293791.424274
1517333506242015233 2187860.027288
1517331786606735360 1966108.97691
1517331675017265152 2872017.318196
1517331597284245504 1887158.700219
1517201684061163522 5715639.206524
1517200319192748033 2572257.276095
1517178688311525381 3365995.825361
1517119162535276544 3161658.546891
1517119113713565697 2373685.368054
1517119071682465792 1795657.957288
1517119008998555648 1351489.113013
1517118882406109184 1373883.85121
1517118817935446016 1204570.217591
1517023011379224576 2586847.193099
1517008515864350720 2865742.085076
1516800998898950147 2907080.183254
1516800474044723201 1670427.836337
1516793804631658497 2401061.07254
1516793209531564034 1301091.147018
1516793143316086785 1467816.246975
1516793054996602881 1050474.024288
1516792887010525189 1286069.807737
1516762657600286724 3781651.579147
1516731578189500420 2267790.809154
1516696968667488256 1920495.876169
1516696728300408834 1356391.638888
1516696207179063296 3558449.38111
1516696069492641794 1374903.576592
1516695660137005059 1513468.567923
1516661197277642756 2374156.010538
1516630810064994306 3246805.616288
1516451960404443143 3503344.990275
1516444359604211716 3452594.042417
1516442565880721408 3897547.290832
1516436431862120454 2391609.002653
1516436106627399680 2150875.372087
1516436038906171392 1552884.875958
1516435983096770560 1431341.454465
1516435917703380993 1440440.542489
1516435843346739202 1231553.720007
1516384917277782029 2301167.205311
1516357062078443525 1356783.840958
1516356943773933569 1521940.132635
1516356611291467778 1115187.365838
1516356535412301829 1098714.878898
1516354741290389504 3046037.376655
1516353830493081607 2522957.475896
1516336954010484738 1922182.34507
1516335534968254468 2471853.546175
1516334111438553090 1324074.18832
1516333832819310593 1193902.321287
1516332471985573892 1208413.797877
1516332185980129282 1743926.504255
1516296470521344004 2417611.999894
1516250773293867015 1251909.00744
1516250770919862278 1288187.698915
1516250767665074179 3192485.629593
1516093629856874500 3242491.393518
1516093025931644930 1764281.791688
1516064345071173634 2744041.782755
1516052925730426880 2684113.306459
1515975931499745282 1633600.061964
1515975884833902593 3558998.464008
1515892898096873476 2835620.9661
1515890597332393988 1605792.935201
1515890531167260674 2793851.445645
1515692444616359939 1435694.897442
1515692441630044162 1562533.04688
1515692439067303938 681529.537039
1515692436399747076 903986.551143
1515692433291747328 3517464.264795
1515540159176986627 3435023.389681
1515525369402576899 2432829.44021
1515524575127224324 5051719.542428
1515307907898036225 6124078.442222
1515299235276922880 5835300.058081
1515204747346599939 5323162.595075
1515187242150506503 1786715.750092
1515161686453329920 2680975.689899
1515161120809512964 11702015.501969
1515160381433401350 15831707.198034
1515000526462722055 4287984.451517
1514947198412369928 3536407.624776
1514850824362463233 2809578.748652
1514843001486397440 2486718.004628
1514800638017736706 5927467.544531
1514799299271356417 3833657.573629
1514798813470371845 3539859.002992
1514625200846999561 1783146.711255
1514617591838359565 5905308.127576
1514616617178566670 3277907.240439
1514615870298857486 1801423.327717
1514575371249012738 4947511.452429
1514568588262526977 4515540.092531
1514564177792503808 2181153.371891
1514564138487676934 1723139.794545
1514564099845541890 1532843.350181
1514563986641264644 1274813.608328
1514546719593492489 1302895.27654
1514546511874785283 2894608.157428
1514509584245084164 2321365.611916
1514469821857275908 4059683.62657
1514469403043139584 15553596.710197
1514440285828222982 3977909.494975
1514439578194567168 3628379.010191
1514438331999817732 2473304.693834
1514437088053121026 2438320.26919
1514435990030458880 3688189.825866
1514435251292217345 3814988.755097
1514273697410224131 3313872.170258
1514254150325874688 2598221.053129
1514141801187364866 6222913.363862
1514141341219004416 2617870.376836
1514141007478198274 2933593.043186
1514079217691942916 3644145.533405
1514078223390310401 3124595.451276
1513843319859814404 7395832.874404
1513772471203221509 3442592.889632
1513757709946220544 2366978.712657
1513556114855501829 18916023.496721
1513539276277190663 4141104.776302
1513531281174192129 1994072.984501
1513531186546503682 3647714.572242
1513529694498394116 5209698.536224
1513348678005968896 2897275.131504
1513348276862349313 6712695.308878
1513059634898440196 3226411.108648
1513019993436438529 2695055.744212
1512974494578900994 3379918.998846
1512966909226274819 3285908.162667
1512966708604321799 27311853.989004
1512812689353248768 4375876.935404
1512811951604498439 2799420.715039
1512626047191490561 4760156.52359
1512452800453967875 3317009.786818
1512452720535678977 2514642.792012
1512429496393437187 2156915.283965
1512340772082765824 6674298.726225
1512318625759203331 1772478.814951
1512246615754477569 2029763.372871
1512245336076550146 4810632.929999
1511942326285123589 3939983.554806
1511882002366369794 1790167.128308
1511881998599856134 1736984.527616
1511881995907137544 1129934.16367
1511881993176649729 5313985.066637
1511751779519954945 2891313.66004
1511708926735429634 1884805.487799
1511708924621488137 2121460.216837
1511708922390155265 4926018.778993
1511655504866643971 4240253.459598
1511654442726264834 2368665.181558
1511653377343643657 1862567.63043
1511652259276468224 2376313.121923
1511651280074252289 1696862.255855
1511564299197906949 4031445.07753
1511365949361836035 4558956.86168
1511270979577991169 2850995.287244
1511263863463112708 6850436.675862
1511263434620686339 1565239.241163
1511196029890494468 4027052.414346
1511167351403978752 1485190.798676
1511167348203724802 1991837.432702
1511167338909138945 3744588.483532
1511165533571678210 5402112.871766
1510987905287991305 1643248.232886
1510966532687695875 4693717.492932
1510955991915184135 3435337.151337
1510847257620672516 6463097.91153
1510604954591195146 7573225.870665
1510277169771335682 12871483.634295
1510217758327578631 1643444.333921
1510217755236380676 4266923.200358
1510214140543250432 2658071.089011
1510214067927285765 4572801.594751
1510213648895348738 2041294.113729
1510212667868590081 2536253.126069
1510155509089075206 2538292.576833
1510116071214579714 2450949.175844
1510081898928041985 3736587.561304
1510080056919728129 3119418.383952
1510079419540701185 3970104.673782
1510078376727707650 4374268.906917
1510077903517945859 5117609.490188
1510077200996855810 13706795.602981
1510076713333825537 22180831.188022
1509938486149025795 3409059.612647
1509937757799739394 1475189.645891
1509935959722594307 1425419.203208
1509935613323386880 1994347.52595
1509901287038812165 4757097.347444
1509899748756815877 2006937.212397
1509898988274974733 2760592.710109
1509883914089041921 1981444.077847
1509882227513237505 1497466.723467
1509881780547260419 3087022.49297
1509881355328720899 1979483.067497
1509880592942637058 1724983.144274
1509880484222107648 2230060.97002
1509772118359445505 4586685.548029
1509761851584020481 2011878.958479
1509736340279410695 4370856.748908
1509736156170428420 1307837.022622
1509736142585085961 3036428.42594
1509735378223505413 2361997.746368
1509735335504510983 3445887.38702
1509150970483441665 3911039.04204
1509057135728300035 3513503.023888
1509027688333602818 2662581.412816
1509004232355364871 2901001.051169
1509003582141779971 2157464.366863
1509003329535627266 2897235.911297
1509002578746818560 9896081.850447
1508830938448375809 2389961.753959
1508755241906364419 2864016.395968
1508755152219615234 1873313.967148
1508755094870888452 3751216.698515
1508755038893744129 2237002.946659
1508754974578196483 1738200.354033
1508702928248311808 2907550.825738
1508480215550345219 6070660.520288
1508449470253436928 1257752.818283
1508448248410910733 2435574.8547
1508447822961590277 1250457.859781
1508431865304469515 1561513.321498
1508431370066235393 3847149.324837
1508430562482356233 1963716.544283
1508430014731386883 3076276.156252
1508338182538276869 4744821.422653
1508102958273433605 4203778.667088
1508102778337792000 1817935.034864
1508098181686792204 1544138.769797
1508098057849937920 1655445.717263
1508097944008167429 1983483.528611
1508084266525409294 10916238.654724
1508025286230568960 1741337.970593
1508025066298109953 3547624.603978
1508024800609853446 1567200.251513
1508024683098042369 1949636.48997
1508024277609574405 1423732.734307
1508024114216247296 1246104.416804
1508004701308358657 2287832.334931
1507953149277257731 3061960.780697
1507901533614374920 4951904.115613
1507713764241690631 7084385.210617
1507609465645895682 4487379.983905
1507595106726998019 4958885.312459
1507552096731951106 4568879.574051
1507551517779570688 2543351.983536
1507551275378180096 2515348.755738
1507333167824650244 11301890.950155
1507242993513684992 3436827.519203
1507044914135445504 3627045.523153
1506904956707938312 3768473.589595
1506904866786283526 17346156.271132
1506838598590824450 3304851.522648
1506817068049768448 3851816.52947
1506674853671505924 2171662.081797
1506674694812237824 2311599.780373
1506674470001737729 3286810.227428
1506674278468849665 2291009.171698
1506674217907290117 1888256.866015
1506674141914890240 1755574.905734
1506615225856163848 2625479.096994
1506573857347747843 6488551.825873
1506474220209184769 5212640.051749
1506461179497000960 4315124.834761
1506460375352369155 3259395.302735
1506459362490916866 3156481.479567
1506458856712404999 16463583.953011
1506287148676304909 4049407.932336
1506285572217782285 3459967.441333
1506131084052148225 2510289.349035
1506130801586753537 3547036.300873
1506098191271612419 10592515.066146
1506097544589627394 2948457.501639
1505930818153156609 6155415.387615
1505889500119146496 9597812.176212
1505866040093204480 4682029.871246
1505802797085716482 3149970.925205
1505753412784488449 4757528.769721
1505608920584585217 7848355.62277
1505560238589562881 2649560.304092
1505511755019354113 3306694.872377
1505226463490224128 2419533.790037
1505226461380489221 2558138.001575
1505226458301886467 8573654.910821
1505221262939156482 1892688.749406
1505221261185916930 2672661.006015
1505221257738211331 5445215.879259
1505185095606362113 2901118.71179
1505181372868046851 3587668.435325
1504693079793881089 3170992.956157
1504633368818089986 29830144.260267
1504482708260474880 1605596.834166
1504472082444283906 2883155.856984
1504394210983567365 3878878.4723
1504378513243136004 2653639.20562
1504377598167683076 4900133.442373
1504377506929025025 1696587.714406
1504376675261427715 1907435.547238
1504376589475266561 2736472.282804
1504376474874355714 1631913.593063
1504349866067374081 2929474.921451
1504102530120548352 4598843.812199
1504020972898500609 11633066.378063
1503999585441947649 3705721.258395
1503999320366137344 3895547.060275
1503949521897746434 2549117.353965
1503949520127725571 2299833.718273
1503949518340964352 1377766.651703
1503949516575154180 1213865.40665
1503949514830344193 1253595.476341
1503949513106489347 986270.545429
1503949511311253506 1123855.031585
1503949509457375235 1198647.966334
1503949507721003012 1675722.564282
1503949505699336197 8132859.004348
1503751886553464846 6232992.957061
1503578535512150016 4553309.151872
1503578315499597824 2634107.542534
1503340321903558661 3538250.974505
1503250671918669824 8076774.108338
1503250417366405121 2220569.679926
1503208587359059968 4336146.865713
1502996419560452097 22744504.003026
1502695469688188934 3977321.19187
1502695395461599233 3143107.38898
1502695328897990657 4222055.28355
1502695248015007752 2801224.844561
1502695086089699328 6864948.152452
1502643914125176844 3599826.699495
1502622911718641678 2822952.839239
1502598176729341953 2561863.92124
1502598130474561537 3973673.712619
1502598074342211592 1900297.469564
1502598031220539396 1678389.538358
1502597972823261190 1693175.556397
1502597903453679628 2395256.481904
1502592910084427784 4819143.714918
1502544597410467840 2559000.846129
1502481953253392388 4704934.472134
1502481409977774081 1746593.478331
1502337754440806401 2170367.814966
1502337752217812998 4624297.726542
1502337280308318209 2523192.797138
1502337238470131713 1500525.899613
1502337163450789889 1472483.451608
1502337058576437250 2028076.90397
1502245204472242177 2719882.135243
1502228887056486406 2421965.442871
1502228703954104327 3122634.440926
1502227131065335811 3599944.360116
1502225604351242240 8692374.47741
1502128025626112000 5100744.801178
1501963300841549824 3633712.958343
1501961829798400000 17545865.565176
1501961686449737744 6426858.440262
1501961518035849225 8951463.164852
1501960781478318099 5463178.734065
1501960551550918666 3253120.069615
1501960490402127874 3148990.42003
1501960383866757133 4264099.345454
1501960327633723393 2664228.66151
1501960257681166337 2968852.009279
1501959844735205376 3449064.223787
1501925664156696576 5776312.866753
1501612559216295936 4089490.98389
1501563656827727874 3061764.679662
1501523740126965763 4427882.929886
1501175800644915207 3326148.095049
1501103673870807040 2892568.706664
1501069555904708612 2262339.200381
1501046154767011841 2171112.998899
1501045429131091972 1550021.800847
1501038247501176835 3078472.487844
1501036438036516866 1401651.757766
1501036436291682309 1746162.056054
1501036434391592962 6749836.844907
1500859705043734529 5477572.550034
1500733420426903553 2862839.789758
1500645810198908929 2722862.870975
1500645596503617536 7809096.195563
1500489560400498690 6679867.995619
1500487549206540292 1940066.759462
1500487287364530178 2535154.960273
1500486250813620225 1939439.23615
1500486063676354564 2050393.201753
1500455183171854340 10926318.247923
1500454658074378246 1973953.01831
1500454563249520642 1516959.166346
1500454501530365959 1611832.847079
1500394291327242242 2642147.684969
1500371405203931136 2765063.813707
1500356924126433280 12117239.833478
1500308930970353667 4043917.103356
1500303781850140672 3601473.948189
1499946259917905927 3724311.636513
1499946016367284224 5456707.39991
1499748832489263104 6201106.92877
1499624481916133379 5012969.977912
1499444975494647808 6157376.397965
1499196118840016896 8158077.597449
1498575128573407235 3985635.875754
1498537977118867457 4267707.604498
1498537847317757952 3182719.79805
1498488767690121216 20046075.321012
1498154370348695561 3296262.297315
1498109718602338304 2385529.870568
1498109323683123200 3868681.21848
1498108883356717059 4942765.807382
1497898005688578053 3158403.26971
1497861073285746689 2528448.304876
1497834484674166788 2437810.406499
1497830969331617795 1431184.573637
1497830214302408704 3072393.355759
1497829847590215684 1422281.586648
1497827904864063489 2202920.586776
1497827444518182916 1229435.828829
1497827297835065346 1260380.572152
1497825186288132098 1294149.170379
1497825038367662082 1565788.324061
1497806290063544321 2713253.92026
1497791735866736642 2673249.30912
1497746373512687619 7920207.041994
1497593763237019655 9580829.826581
1497457725076299781 5996181.347195
1497457542796128258 2202959.806983
1497457484230971394 2154718.952373
1497457411287916549 1676232.426973
1497429574140841984 2348427.554746
1497389922994429955 4219427.529681
1497389581515165698 13057505.076096
1497259374137733120 2295362.614675
1497247896596783107 4483614.844033
1497077307592249347 3422119.941578
1497042042391654401 5596252.896416
1497041359122755584 2588572.882207
1496836310685868039 3226960.191546
1496836253127516160 2112321.908606
1496836180821913600 2034234.476469
1496834714082197507 4078117.12386
1496834651914178568 1863195.153742
1496834594137587720 1709491.162509
1496834542107254793 2184565.5299
1496834458103734274 2826561.098283
1496785997983469568 2949438.006814
1496756962666500104 2655992.41804
1496708840892424194 2700193.591329
1496693059538780161 3812870.863919
1496520462155005952 2902177.657379
1496520385168547842 2484835.434692
1496520331129147392 2097379.009739
1496520216976977923 3238020.28992
1496419899849068545 2833973.717406
1496409880294735875 7214007.994752
1496391896863686656 2974146.737224
1496346861514285056 2790360.847222
1496326882882686977 3160638.821509
1496297209025146881 8959738.628529
1496171255069827074 3318931.576961
1496171050064826369 2357918.84484
1496170925133385735 2068120.735317
1496170867688100014 1745926.734812
1496170805843083274 1528489.907204
1496088325991632899 1899160.083561
1496088254348677121 3366701.789087
1496088172010389507 2109458.833495
1496088067677077505 1719649.196122
1496075591132463104 2463617.302705
1496024829585207297 9754575.343591
1496009455909044224 2975558.664676
1495632506594668544 3109691.772616
1495594404253511682 6125608.030295
1495594189861830661 1512644.943576
1495594081971765248 2591396.737111
1495445854370791425 2850446.204346
1495438814780833793 3414746.542662
1495438764675637257 2024664.745961
1495438676918214661 2554843.504187
1495408878473089025 5634610.258862
1495408610398154754 3435023.389681
1495408511299334151 2390275.515615
1495347902746861571 3528445.922755
1495317190438191104 2859349.191335
1495258826869972993 2638186.444062
1495227296424235011 4277865.638111
1495227093755449344 2760828.031351
1495226479407353857 2189860.257845
1495222474870439936 8547965.675236
1495008608794583041 2354898.888901
1495008543577370624 1545433.036628
1495008480172068866 1836682.29381
1495008415823044613 1625991.341806
1495001782065692675 1355685.675162
1495001480495251458 2741453.249093
1494979163232825346 5393837.408089
1494978844855795713 6313080.619755
1494943219012206594 2642618.327453
1494935373444620290 2241748.591706
1494897021865635845 3438945.410381
1494880557653643264 4654301.184897
1494874610411589637 1174056.896545
1494874608662552580 2868134.517703
1494874487069687814 2637127.498473
1494871922399596547 7312450.714322
1494871556614340613 15844924.407793
1494695760826302464 1725885.209035
1494695758204784640 3521896.148186
1494684444732444672 2530723.076882
1494669515602411523 4744821.422653
1494632134958452745 2385216.108912
1494627776300601344 904378.753213
1494627770911002624 2457969.592897
1494626701074382853 1694940.465712
1494625453474455558 2813304.668317
1494624525597941761 3340541.911018
1494622398947209221 6296098.270124
1494319287804170248 3270220.079867
1494319217251782660 1807424.019388
1494319109923692549 6655747.568314
1494319050792443908 2315168.81921
1494312089338400775 2534841.198617
1494312023622041608 1974619.761829
1494311944194609157 2316345.42542
1494311875139575809 1601674.813466
1494311780411133955 1739023.97838
1494264053216075777 3466870.197765
1494208236865540099 2839660.647421
1494195028406996995 1807698.560837
1494179895399763971 4767686.803334
1494133691177594883 5844320.705691
1494126421438267394 4652144.073512
1493958334306828294 2213157.060803
1493958268057755651 1736749.206374
1493958196007948298 1889158.930776
1493958136889290756 2085809.048674
1493958076692578306 1628422.99464
1493957992290603009 2200018.291458
1493954577061892098 2683132.801284
1493954497806323716 1702627.626284
1493954367220768779 3242648.274346
1493942753906278401 4017365.023217
1493925042505191425 1890335.536986
1493896381165039616 3328618.96809
1493839585226346497 2757062.891479
1493808509464772611 24184826.884894
1493807141559300096 2330111.718077
1493806456746889219 4777844.836947
1493789034253938692 11316912.289436
1493645070855467009 2076827.621271
1493637365994508290 3917039.733711
1493589646986874881 7248757.098154
1493569258936500225 3396666.027235
1493568890890514446 4932686.214183
1493568718915661825 6070817.401116
1493411801656365057 4385956.528603
1493228412651319298 5101960.627595
1493228367222816775 2920454.273841
1493228315658063877 1980267.471637
1493228250335965185 2163700.379776
1493228071306272773 2137265.960258
1493227579415080960 2401100.292747
1493175318537900034 3021603.187694
1493133777626972165 6397325.624391
1493133538685865988 3096160.801201
1493118050115092486 2782242.264373
1493086003073929219 5706383.237672
1493082938782617600 13545326.010762
1493029778706018306 4073959.781918
1493029558035300353 6246092.506199
1492906556542783498 3848482.811875
1492875232138260489 8409322.243491
1492819883348082689 8710611.873665
1492782059160760320 1848095.374047
1492781861088952324 1383375.141304
1492781691454488579 2949320.346193
1492781446800764928 8628092.558137
1492700785200988160 6103527.053754
1492476007462232066 7352102.343599
1492454368443985920 3056744.493166
1492419565640245249 3137577.339793
1492170497752276997 2762553.720459
1492170428994961416 4986692.439222
1492170364364935171 1980855.774742
1492170298808049671 2080984.963213
1492157293525626886 2136638.436946
1492157206003068929 2348113.79309
1492156533781762053 1996073.215058
1492156449341984771 1721296.444816
1492156341963657226 1599243.160632
1492156271235117056 3008385.977935
1492077460506038272 3317245.10806
1492034403270156289 3724782.278997
1491989435558555652 6424740.549084
1491830826610606083 6552010.120799
1491830534779158537 2099457.68071
1491793807662546945 5579701.969062
1491791832002428932 2088593.683371
1491791672920854530 1730395.53284
1491791218384125953 1472248.130366
1491790430471528449 1610577.800455
1491790342156288004 2700860.334848
1491769587301433351 2664660.083787
1491754061443788804 1934419.049654
1491753562484924417 2740551.184332
1491753471539916808 1778754.048071
1491753391302889475 1491230.710554
1491712572101435401 4227036.249839
1491712068734570498 2067963.854489
1491711894784258049 2511779.716901
1491711822516428800 2160405.882388
1491711744128995332 5144985.194674
1491693386901835778 3084904.601792
1491664902599053312 4110473.794635
1491575801422446592 15800644.79409
1491462218940096525 6208401.887272
1491460542485123075 2023723.460993
1491460361358385153 1956264.704953
1491459896411316226 2482521.442479
1491459838848679944 3094042.910023
1491459739733135364 2043568.885735
1491419328948105227 5018539.247306
1491406275380649984 9216630.984379
1491065041785073664 10228551.545186
1491063304814571523 1538569.500403
1491063223898058755 1181430.295461
1491063118050516995 1230141.792555
1491051460020342785 5783333.283806
1491051382337585153 2550803.822866
1491051283410735110 2180565.068786
1491051182160334852 1678507.198979
1491051006960050179 2466715.699058
1491017683781169157 3235549.416879
1491007994959646721 2675327.980091
1491007612233691139 2076553.079822
1491007544038465539 2089887.950202
1491007128903032836 1647876.217312
1491007010770403329 1714668.229833
1491006839080771584 11351033.869526
1491006722860888064 1769341.198391
1491006644045631491 2218098.806885
1490991673220136961 2036156.266612
1490969873463521280 1935870.197313
1490928711017046019 3479930.526696
1490894729835589634 3695916.206645
1490894659899785222 2197821.959866
1490894569143418883 2022076.212299
1490894491158736897 3217704.222694
1490722695121674242 3383409.597269
1490722587445538826 2434751.230353
1490722328921133070 2503700.354259
1490722223245697032 2337759.658442
1490721810647851011 2929474.921451
1490721727155949573 2251710.524284
1490721586650955778 2986814.864085
1490721397479550976 10257456.837745
1490721305120944129 4509853.162516
1490655720546902016 5650925.864974
1490615188059746307 2614340.558206
1490584039518273536 2857388.180985
1490317147532251139 27487129.094087
1490245806901035010 22401758.614053
1490234597732335616 3103181.218254
1490181360333766662 17514097.197506
1490180981781049344 12795474.873129
1490180741195780096 29741781.133896
1490159808577937414 2564530.895316
1490156679270645765 4767137.720436
1490156302668279809 2281086.459327
1490155943623262211 2117695.076965
1490155867312095232 1854762.809237
1490155778753568772 2415807.870372
1490155445218332674 3235039.554188
1490155196353478656 2715097.269989
1490154355361599488 13675576.318209
1489994786451111940 4187894.483253
1489990767880077312 7816940.236963
1489989565511516160 20799338.616654
1489988370176819200 6962645.688089
1489925127924240385 2350584.666131
1489925020919173122 2403806.48703
1489924908377571328 1560493.596116
1489924800080642050 1549629.598777
1489901408945991680 2789301.901633
1489847890625581058 913124.859374
1489847887639252994 2046471.181053
1489834332806008834 1408946.716268
1489834329513476096 3250806.077402
1489786316103766018 1896297.00845
1489785460876783618 3198878.523334
1489785074698829827 2548450.610446
1489784716727582720 16331647.176663
1489588313107226626 4370150.785182
1489587579469004806 2441301.004922
1489576733540073483 2930494.646833
1489576618146385924 1870882.314314
1489576542292353025 1476993.775413
1489576461828771841 1958735.577994
1489576381000388614 1858410.288488
1489513433574047746 2579787.555839
1489271859296497664 3593355.36534
1489271675065892865 7656921.792403
1489271422405197829 4296416.796022
1488907198134906880 3938963.829424
1488906523191693313 8258206.78592
1488860512389513222 2141854.724477
1488860104719933454 2175427.221669
1488860064555233282 2084122.579773
1488824064407785474 1789853.366652
1488823712652484611 1695058.126333
1488823666959806467 3122046.137821
1488823612337389570 1676820.730078
1488822587895410688 1663838.841561
1488822549400080391 2190370.120536
1488822495813586944 1270381.724937
1488822398195363845 1459815.324747
1488749421219446784 3186877.139992
1488540914876309507 4452003.357191
1488510821218934784 2114988.882682
1488510819214458880 1928849.78026
1488510817217937410 888769.110827
1488510815145578497 802955.297911
1488510813014945793 6858633.699125
1488446465840381953 3761178.631093
1488349943228092421 6471373.375207
1488349624725544962 3324540.066562
1488173458748239874 2986069.680152
1488148512571232256 2203744.211123
1488146693124018177 3290104.724816
1488146646878031872 1930614.689575
1488146604787859459 3176836.767
1488146512169541636 1825190.773159
1488146472314945540 2314305.974656
1488146433639268352 2036940.670752
1488133916557217795 2768436.751509
1488108545098743808 2365017.702307
1488061285099278338 2452910.186194
1488057931530911745 4645241.31708
1488016087253876736 3779227.351575
1488013768185749507 3867763.960125
1487991003445223425 3765516.958125
1487990747752132608 3214583.775
1487760181492531203 8943475.551075
1487756148551868418 1616393.419875
1487756060526055428 1894706.660925
1487755915931619328 1324757.084625
1487755785232912392 1438661.79405
1487755632593747970 1223555.7906
1487755501060464641 1156281.910875
1487755201444564994 1179442.406025
1487667012709269508 3517296.8688
1487641114504957956 3156062.858325
1487634570950287360 8534991.0321
1487633697952403457 6076880.1522
1487632014182285312 2065660.549875
1487631885161615362 4201809.56325
1487463625527033856 2602960.7994
1487463208281833473 6979752.1638
1487462650644955136 4951388.5317
1487438649231048704 3529806.634575
1487434253323620355 3384453.22605
1487368470857920513 5379780.232125
1487075251804647438 6213751.70715
1487075192471965699 4320439.323525
1487075094631530503 2575113.983325
1487075032006377475 2649088.140075
1487074949881868299 2189944.8792
1487010671774470146 3217372.3296
1486965524886024192 4718350.572975
1486901979704004611 3867725.2302
1486901769045045250 9423261.861975
1486901584109867008 1672822.9206
1486759747936083968 1935992.760975
1486759745176289281 4671138.7944
1486683839435087873 5885438.132925
1486656046097567758 3338016.045975
1486511415917625344 4399603.290225
1486511054196592640 4147200.369
1486381804567560194 3903124.38165
1486381424001560576 2221858.3374
1486381190320115712 1856557.6848
1486365622015762434 4004984.0844
1486364806424965120 1972360.16055
1486364486953242625 2171005.945875
1486364283302969344 1781266.7106
1486349793366474752 2807183.693925
1486305986185154568 2380457.380275
1486304755039498244 2100246.3729
1486303530411761666 2700250.371
1486303087954632704 5814368.72055
1486302742218158080 2970159.218325
1486301383502733315 7214029.480125
1486300589760090112 7903731.984525
1486299999080427520 13692926.253825
1486299238997032965 5763283.949475
1486157370711756803 20902308.14295
1486036427867832321 6421537.754775
1485890640080945152 3629884.760775
1485827348012617733 2545137.021375
1485823656655998976 5532376.136625
1485621185174020096 2769576.93675
1485621104823738375 2878834.055175
1485621014713311237 1913606.864325
1485620306622693377 1793505.3669
1485619656258093060 3026433.79935
1485619009345437697 1840368.57615
1485618323597688835 1391101.44615
1485617688479428614 1955396.4534
1485617496753577985 1285368.7509
1485617218352476167 1505703.294225
1485616795012984834 1683357.4602
1485616392758239236 1414920.350025
1485616112343879682 1651172.892525
1485615891203379200 1496253.192525
1485615577490403328 2473486.660125
1485614916409368580 1351790.572275
1485614318809120771 1378746.600075
1485614018467627009 2056752.667125
1485613754197118977 1373982.8193
1485613608826454018 1110735.519075
1485612912844877837 1520498.125575
1485612691041714177 1776967.688925
1485612096130002946 1505277.26505
1485611769293078528 1248342.9426
1485611396608172032 2606678.8722
1485611083390136320 1587655.815525
1485609516385595392 2790026.33715
1485609069193097217 1616122.3104
1485608476764422148 2264538.71475
1485607662100561923 2637546.622425
1485607153029517314 1163292.0273
1485606798069727235 6064757.685675
1485605747438530567 1493348.44815
1485512152438153221 2523215.883825
1485500818975379456 2898121.557825
1485500576771174400 6489276.3936
1485499764028297217 1269799.32105
1485499761541013505 3907771.97265
1485299581277585410 12125874.7584
1485297448604082184 1626656.85
1485297191694614529 2187349.974225
1485296828962775054 2046876.53625
1485296296856637447 1837773.671175
1485295843859173382 2100672.402075
1485295390727426048 1714380.130125
1485294870776270849 1954157.0958
1485294525366996994 3902775.812325
1485271919331278848 3002498.7057
1485271801030914048 1917015.097725
1485271570650374144 3173801.163975
1485271446918406144 2427359.31945
1485255303075536896 772855.653375
1485255301271994370 1983901.6782
1485255204744294400 3064195.476225
1485238452975448065 4363623.1899
1485210613445840901 5763748.708575
1485069738858680321 10076364.58725
1485068875020795904 19231886.4777
1484899360039006208 3247039.45215
1484853191045169155 3308271.463575
1484853157494935557 2063414.214225
1484853117703573511 1716703.925625
1484853066621132800 1641645.330975
1484852992335839236 2062058.66685
1484846321035259905 1516625.133075
1484781314780053504 3279069.100125
1484523508080078850 3365126.993475
1484500763598794764 3008424.384225
1484500731696934915 2309426.697825
1484500549890637831 2000749.195575
1484435021276774400 2231618.2785
1484426648363892736 2232160.49745
1484422112714854405 20347811.806725
1484421974629978113 26113148.442225
1484403286505836545 2535338.35035
1484389085821415426 2345600.447775
1484359921625825283 4309982.243775
1484196467661172740 8422403.140125
1484125281707499526 2531542.8177
1484114249211609090 2655633.4974
1484114180118839297 3783603.8331
1484114136732925952 2742504.719175
1484114077408718851 1678632.40935
1484039999440191493 3000291.099975
1483841878508568578 3996966.989925
1483633424732950528 2621434.973625
1483633054287806464 1718408.042325
1483633043734953984 1459537.223625
1483633040689889281 4138641.055575
1483631744805130242 2769305.827275
1483359642814009347 2532162.4965
1483359558340808705 4135077.902475
1483092101630148609 4051150.155
1482948837849575426 2350945.177425
1482947346090827781 4945501.5831
1482917328346296320 10777066.39035
1482914870198947840 3597274.163925
1482914713822724097 999541.9044
1482914711725555712 2344593.469725
1482912082597388291 4900419.9504
1482596449648930816 1952607.8988
1482596447866351616 2244089.31435
1482596445886685184 794234.571975
1482596443709788164 4578535.543725
1482351267305467907 3936703.226625
1482351122820091905 3031003.9305
1482351004028973061 2519110.511775
1482350856536309767 3384182.116575
1482350719659548675 2233516.044825
1482279136916045828 2692272.00645
1482278877963915267 1707912.23265
1482250349776084992 1424525.371425
1482250347708284931 2891305.091025
1482237011797118977 2715781.070925
1482213575208755201 2362138.12575
1482185219625332739 2817408.394125
1482184504446156800 5517658.765125
1482181699031400450 3689257.7358
1482181689669726211 11120910.6645
1482022676009218049 2490256.71765
1481908151041597440 3043436.236425
1481824532235452418 3886315.5942
1481824186020823046 2434718.0052
1481823342814699523 2888284.156875
1481822872540954627 3519155.9052
1481822418490773505 10259866.9719
1481822262940807168 8557183.279125
1481662292010102784 2498002.70265
1481662289501913088 2127241.130625
1481662286905618437 567741.970575
1481662284338728960 3247388.021475
1481633401304195077 4946779.670625
1481603277800501249 3018649.084425
1481601528117047296 5590199.91465
1481262521549996038 1581342.83775
1481254507518754817 4285078.902
1481254460454490114 3467219.075775
1481254204945858566 3931861.986
1481254130295644162 2061555.177825
1481253940973154307 2468374.310025
1481220367427731456 2806912.58445
1481144909453479941 3850684.0632
1481107742840737796 11739621.216375
1480963051415162882 5251894.019775
1480884643608117252 3164467.25205
1480884608917020674 5342638.23405
1480884078828212233 2447150.311125
1480884063514804227 4079694.109725
1480576123775991816 10155141.2547
1480437156191551489 5702749.0767
1480197915700121600 6149808.600975
1480088637811298306 1882661.65425
1480088635416399873 2013181.5015
1480088633361059840 4242940.7436
1480064847593148418 6849503.426025
1480064591442759681 10681829.504775
1480064047894523905 17192446.08705
1480015587619540992 6930100.39995
1480014688003887105 4153435.886925
1480014307421143042 7254773.361225
1480013236833423361 4172297.3604
1479803685408587784 5579781.564825
1479477902794100736 5404063.8951
1479477900311105537 13565272.421025
1479424279988957185 4854912.288525
1479360580443992064 5700735.1206
1479304767478255626 1865736.677025
1479304637819731973 2596028.142825
1479086468949626880 3226202.7525
1479086295641059332 4862077.32465
1479016012750024706 14828022.895725
1478962648393809920 4451772.4992
1478761341821145089 8670197.200275
1478741410744451072 3995107.953525
1478741132834050051 4460757.8418
1478740692989972483 7664729.61735
1478552834815651843 5249608.9542
1478552510579101696 3454825.499775
1478423788416946176 11621959.704225
1478410591987326976 3265707.276
1478410547041243137 2216668.52745
1478410408700440578 2032430.274225
1478311085371314177 3145334.6691
1478294531187494912 6194812.773825
1478287856653111296 2135142.035325
1478287618785742851 2422479.3489
1478287500422512642 1971004.613175
1478259984840286210 2910244.02435
1478018471522885633 7333433.8389
1478014990405668868 3773727.702225
1478014300576878595 1215267.58665
1478014298366513152 1320148.22355
1478014295078174723 3865401.4347
1478012005504016388 2812412.2338
1477839673451970567 4407116.895675
1477839196572164097 2717795.027025
1477676144581234690 4346969.32215
1477623875277975554 2800870.71615
1477623830008905729 2050517.1492
1477623790846693378 2120114.824425
1477623749297860610 2272710.728925
1477623700543324165 1863955.100475
1477623168982405120 3438713.850975
1477622421666484224 2811792.555
1477621664917569537 4756305.899475
1477561754775289856 3808507.174875
1477248600019070976 2330147.2077
1477248559766335490 2944055.248875
1477248527600263170 2955286.927125
1477248494884720641 1764845.2224
1477248452882952192 1811282.402475
1477248402777722880 1852142.47335
1477247753914777600 1545904.956375
1477247702307983362 1492844.959125
1477247656590073857 1501249.35285
1477247567830257664 1568678.152275
1477188129500983297 3495182.081625
1477090989151973376 4070708.767125
1477088534083215365 3835850.501925
1477088404017860610 1847456.152425
1477088106209701892 2923412.19885
1476918009604317192 5857049.0979
1476548703687086085 3230966.533275
1476548676268945408 3026898.55845
1476548638050435077 1993971.4587
1476548445716447237 1917634.776525
1476522811363577865 1813993.497225
1476476893612310529 3525468.882975
1476224121646174208 4158432.04725
1475883227336220679 5150344.156425
1475851823793639432 2777903.870625
1475851753488728064 2566748.319525
1475851690435747841 4831325.7642
1475851606994219010 2595214.8144
1475851522181238790 2883016.887075
1475792997656801284 2080377.921375
1475792787798908932 1767517.587225
1475792672111710208 2835495.2691
1475792575533568001 1544394.4893
1475792379319889925 1395594.11745
