1509293410242412547 6598.273465
1509289431311822858 16839.9414085
1509285627468128257 14143.2557315
1509282505186238470 24241.4829475
1509281889487622156 10729.366417
1509278067352604680 23323.4622915
1509274378634244104 39073.254171
1509270579089747986 45843.656509
1509270514132475907 9381.0235785
1509266765905338377 17901.402792
1509262974971699205 48655.094768
1509259242213150727 31298.7667405
1509255410515161091 27856.1892805
1509251678096306179 46159.2261095
1509247865058639878 29032.403246
1509244153904914438 21286.603961
1509240351197966345 20798.9054875
1509236587116503040 35831.4937295
1509233138777665543 88187.359267
1509232785285955590 39188.006753
1509229105614577670 79896.4852175
1509225233600888834 21372.6683975
1509221433775464451 120346.7703725
1509217685942513668 27884.877426
1509213937522425856 135666.2400695
1509207129265262596 27884.877426
1509206382226165772 17930.0909375
1509198842578849792 23811.160765
1509195020393488387 18848.1115935
1509191289727766538 75966.209284
1509187463356592135 17557.145046
1509183769395224580 8778.572523
1509179923117838345 86207.8772275
1509176176903925769 154026.6531895
1509172366714286092 115326.34491
1509168674858577925 65179.466576
1509164816451219464 29032.403246
1509161094740336642 54564.852741
1509158253023924228 31413.5193225
1509157308479283210 118137.783169
1509153753571680256 12335.902565
1509149994829316099 153051.2562425
1509149728734425094 66814.6908695
1509145948223586310 31126.6378675
1509142175430422528 56573.022926
1509138422346170371 39216.6948985
1509135115460427785 35401.171547
1509134621530902534 30007.800193
1509130874612236294 60732.8040235
1509127171884916737 107723.9863525
1509127069774618631 170350.207979
1509127068797313030 30610.2512485
1509125280740294661 788034.6687395
1509123318426869763 84486.5884975
1509119536649445380 29806.9831745
1509115733036384256 147629.196743
1509111979574804484 20712.841051
1509108227069382657 13626.8691125
1509104413239087104 78376.013506
1509100665888555015 43405.1641415
1509096869481402375 138793.247929
1509093192024702985 30179.929066
1509089329603395587 52241.1129555
1509085795285622786 10815.4308535
1509081767420043264 71662.987459
1509078016311369731 89650.4546875
1509074213742776320 15147.340824
1509070462285926407 226406.844286
1509062904439525378 41942.068721
1509055343757860867 53646.832085
1509047804303400960 24987.3747305
1509040250487812100 24184.1066565
1509032734475358209 74503.1138635
1509025153044393991 54536.1645955
1509017608699453442 168112.53263
1509010045429817346 86552.1349735
1509002527697784837 70831.0312395
1508994983096987653 33450.377653
1508987452102430721 64892.585121
1508979878971990020 44151.0559245
1508979532417675266 136469.5081435
1508976095546249222 77859.626887
1508974445809082368 20856.2817785
1508972363941089280 29089.779537
1508968531643318272 19163.681194
1508964781616680964 17442.392464
1508960992117637131 36491.321076
1508957250353774595 14286.696459
1508954109478686721 42056.821303
1508953432140484608 49917.37317
1508953321905790976 41626.4991205
1508949912347623425 25934.083532
1508949679291215879 18016.155374
1508945882573590531 20655.46476
1508943101171322891 86466.070537
1508942157993984011 27655.372262
1508938349695877127 61765.5772615
1508937704771313669 64720.456248
1508934577045311501 77027.6706675
1508930796391907329 49400.986551
1508927016673988618 25704.578368
1508923232379932676 119084.4919705
1508919489672495105 48798.5354955
1508917438213152770 44552.6899615
1508915677314355213 30954.5089945
1508911946787086348 32015.970378
1508908499891331075 33048.743616
1508908147129389064 20167.7662865
1508904386042507276 27397.1789525
1508900641472659460 38700.3082795
1508897698023366668 118051.7187325
1508896851243720706 12192.4618375
1508893040848650241 80039.925945
1508889270462861317 26966.85677
1508885467231621124 24671.80513
1508881806455717891 77371.9284135
1508877912694566917 29434.037283
1508874149183250441 22807.0756725
1508870365828763654 106232.2027865
1508866634198437888 10442.484962
1508865779160293378 45327.26989
1508864696396439566 35401.171547
1508859065434267652 79839.1089265
1508855706014912513 488673.870447
1508851557307236352 33278.24878
1508847466615091211 58810.698275
1508843995086077953 57433.667291
1508840179754274831 20167.7662865
1508838579467956233 62855.7267905
1508836423218180105 20999.722506
1508832634343936003 78175.1964875
1508831756484550672 46388.7312735
1508828902835245064 47306.7519295
1508825107552161793 18561.2301385
1508823167153889288 113461.6154525
1508821314571845638 15089.964533
1508817512405815298 55827.131143
1508813783539539977 19249.7456305
1508813333503303694 49343.61026
1508813248510013452 73757.2220805
1508809982162182159 79695.668199
1508809000892121090 64863.8969755
1508806279187283968 48425.589604
1508803676323958787 228816.648508
1508802442024132622 17069.4465725
1508802318501920778 21975.119453
1508800419077799940 24356.2355295
1508798658032152586 50319.007207
1508797315154423814 48884.599932
1508794875302531079 25991.459823
1508791109279002629 23610.3437465
1508785791958462476 65122.090285
1508783576157986825 36204.439621
1508779782208688130 15749.7918795
1508776027266469904 103162.571218
1508775544250421249 46474.79571
1508772229278060551 23266.0860005
1508768462121934849 62482.780899
1508767611219324930 52843.564011
1508764677064605699 24786.557712
1508760889373175813 41110.1125015
1508757130668646400 27397.1789525
1508753364779257862 17815.3383555
1508752627605155842 44868.259562
1508751622947672065 35802.805584
1508745814230843394 24413.6118205
1508745478938275842 59613.966349
1508738270875865090 34454.4627455
1508734172608798720 106777.277551
1508730706918354944 40794.542901
1508726933089140737 22835.763818
1508715624184389637 111195.251958
1508708076500754433 21802.99058
1508700505471606786 16753.876972
1508692975987175426 70027.7631655
1508685445147893764 25216.8798945
1508677892699525123 16409.619226
1508670331564826635 87384.091193
1508662746090512389 25503.7613495
1508655231978164227 85347.2328625
1508647698047635458 35171.666383
1508640158173835264 32962.6791795
1508632559520997376 96363.4807345
1508625037712142336 15577.6630065
1508619626657239049 49773.9324425
1508617481845460996 33966.764272
1508609956983066629 19737.444104
1508606570573217796 52499.306265
1508605494293929986 49314.9221145
1508603016349421569 124018.8529965
1508602405813948416 43347.7878505
1508598829213487105 61736.889116
1508598157906788355 105228.117694
1508594900534710281 10614.613835
1508592396820439047 35716.7411475
1508591001916616704 539595.3287095
1508587336413716484 151588.160822
1508587300581789696 67933.528544
1508579768903553027 26622.599024
1508577385062584326 73986.7272445
1508574354145226759 39790.4578085
1508572416859160590 25274.2561855
1508568629327155206 53560.7676485
1508566622289735685 25848.0190955
1508564885038411790 38384.738679
1508561089797279749 79839.1089265
1508557310347591685 89134.0680685
1508556370609643520 40192.0918455
1508553529467842565 89478.3258145
1508549778258464769 58409.064238
1508546195882450947 85978.3720635
1508545977078231057 32417.604415
1508542216905666561 41224.8650835
1508539542839697409 28888.9625185
1508538430761934859 66843.379015
1508536333907771397 237595.221031
1508534676297760769 89679.142833
1508530883493609481 48683.7829135
1508527107516903430 36606.073658
1508523341912682500 71519.5467315
1508521949919686659 427654.1849685
1508519566875533315 15663.727443
1508518177378082831 103133.8830725
1508515797672640518 29175.8439735
1508512026901024770 45929.7209455
1508511271574032390 64835.20883
1508508863548506114 143383.351209
1508508242766450695 74158.8561175
1508504478156263431 24958.686585
1508500682680246274 43376.475996
1508496931684851719 38901.125298
1508493136355643396 55339.4326695
1508492477241647108 97511.0065545
1508489380012314625 17557.145046
1508485592413265923 52384.553683
1508484140311719936 29720.918738
1508483567311011848 66355.6805415
1508482379672817664 261549.8225235
1508481676745314305 112428.8422145
1508481607845482499 18647.294575
1508477808816836617 169919.8857965
1508474068743475208 30208.6172115
1508470250865635339 30581.563103
1508466498372878354 182628.734253
1508464994056347650 38126.5453695
1508462697683329031 80269.431109
1508459001578770433 37438.0298775
1508455173710295045 403154.5087115
1508451410731483142 22807.0756725
1508447587803742210 282291.35172
1508443817346748421 57261.538418
1508441452292055049 62540.15719
1508440283742101509 323803.0982585
1508436308334678023 78261.260924
1508432501223694347 21802.99058
1508429594709405707 49343.61026
1508428751184482314 32905.3028885
1508424955771461638 26393.09386
1508421195645005830 29032.403246
1508418494089494529 71146.60084
1508418264845664266 35142.9782375
1508417389343522825 42286.326467
1508413875867299855 87584.9082115
1508409839390793731 25016.062876
1508406119236096007 20655.46476
1508402292797673475 633692.4459495
1508398777757052935 22864.4519635
1508394745382506501 27798.8129895
1508390421155782663 314967.1494445
1508390295175581697 347212.6249865
1508368330247360512 20798.9054875
1508360505894875143 444981.8248505
1508356982763307011 27483.243389
1508353232963346434 53359.95063
1508345677549613056 46130.537964
1508338130834833409 182972.991999
1508330585244241922 48138.708149
1508323036558209030 18905.4878845
1508315476178391042 59441.837476
1508307946974945285 30552.8749575
1508300391443845122 19737.444104
1508292851762970630 56630.399217
1508285278783422465 31241.3904495
1508277728218423297 20540.712178
1508277217675071494 778395.4518515
1508270183814680576 32417.604415
1508266393652838400 37151.1484225
1508262621778223108 18962.8641755
1508257367972098048 88015.230394
1508255083301122052 18733.3590115
1508247523047182343 113146.045852
1508245316537143303 123330.3375045
1508240226170421248 225230.6303205
1508232670949609472 123760.659687
1508224886212280328 30208.6172115
1508217310754099206 27368.490807
1508210270325379074 31327.454886
1508207336812388352 11590.010782
1508207172735442944 17700.5857735
1508207035472654336 5795.005391
1508206892358721546 8434.314777
1508206735537975301 2868.81455
1508206535847120906 5335.995063
1508206348198162435 6770.402338
1508206134087331858 12651.4721655
1508205746378481673 59499.213767
1508202715654074368 52585.3707015
1508194687898767375 26651.2871695
1508187165414633474 45700.2157815
1508180833856802839 26679.975315
1508172298024534023 113059.9814155
1508164970982293513 33421.6895075
1508156424362332163 35974.934457
1508149370423816192 77199.7995405
1508141881808637954 50519.8242255
1508134316936777729 53818.960958
1508126744091504645 46446.1075645
1508119568346226688 29921.7357565
1508118920003268608 172243.625582
1508111650305495043 371568.860516
1508108968949862405 57118.0976905
1508104064537710598 26278.341278
1508101306057216005 37323.2772955
1508096549380837377 29089.779537
1508092749429587981 25302.944331
1508089009020579857 46360.043128
1508088581876862977 120059.8889175
1508087721570537481 66269.616105
1508085202945511426 111625.5741405
1508080164609134600 24413.6118205
1508079681945415683 159506.08898
1508077666913722371 40163.4037
1508073870158438401 59843.471513
1508073398395711506 134317.897231
1508070109130145795 40306.8444275
1508066324060246017 74818.683464
1508065068499488768 26507.846442
1508062561866063882 127031.108274
1508058802318364678 30782.3801215
1508055011590299655 55626.3141245
1508051238465773568 29634.8543015
1508047460530364419 32647.109579
1508043723883614210 43864.1744695
1508039903250206721 25561.1376405
1508039171864211457 166046.986154
1508036138551980034 35688.053002
1508032360989827081 34167.5812905
1508028603103125515 24327.547384
1508024817701867522 26565.222733
1508021050319196164 23323.4622915
1507998377233027078 57003.3451085
1507994605094068232 131047.448644
1507901327040466944 416379.743787
1507892681611137030 26565.222733
1507881030782533632 129613.041369
1507877618145710085 91744.689309
1507871048036978689 686076.9996325
1507868291158749185 44954.3239985
1507868019028017156 24069.3540745
1507866747235446784 60646.739587
1507865249030025222 26249.6531325
1507862742060916738 71003.1601125
1507859677400424455 18532.541993
1507856428559646729 38212.609806
1507852926718562310 59986.9122405
1507851664556011532 34942.161219
1507850015401783298 317032.6959205
1507847626514915335 123330.3375045
1507845301486374920 149207.0447455
1507842970577481743 71720.36375
1507840613546397704 30495.4986665
1507837009934565381 24069.3540745
1507832280617787394 56888.5925265
1507828247417049090 22835.763818
1507826184977068032 24929.9984395
1507823774435098640 27999.630008
1507820264456863746 797759.950064
1507817453220470790 70113.827602
1507814708392480770 106461.7079505
1507812142325669892 21630.861707
1507810959733235719 215275.843832
1507810710465785862 20741.5291965
1507807575487791109 38384.738679
1507803626936410112 27052.9212065
1507800570609942529 57175.4739815
1507797313133101058 95875.782261
1507793002428874753 30151.2409205
1507790115367755776 32733.1740155
1507789936660987904 505628.5644375
1507785955415150597 128379.4511125
1507783412614053888 29806.9831745
1507780397412888578 409982.2873405
1507779544798932993 14114.567586
1507775542950563845 45671.527636
1507775218214965255 146252.165759
1507772705654906886 34368.398309
1507768509392117761 93896.3002215
1507764291277107211 22233.3127625
1507761100556836868 153223.3851155
1507757944565346320 60015.600386
1507754659057963018 30954.5089945
1507751552336990212 20913.6580695
1507747232656855047 31556.96005
1507743199040786448 102875.689763
1507741665519443974 208075.1193115
1507740346091982849 42372.3909035
1507737347445690376 90080.77687
1507734190963539975 10585.9256895
1507731648783265796 35974.934457
1507728872065978373 177206.6747535
1507727817777328129 32130.72296
1507726567165865984 240693.540745
1507723197180960769 28343.887754
1507719239809081346 101928.9809615
1507719082652717065 24327.547384
1507719018450456582 51782.1026275
1507716031917268993 53818.960958
1507715035380002823 58380.3760925
1507714897093742597 78261.260924
1507713447924019200 30954.5089945
1507710855630278658 47306.7519295
1507708305350840328 1463726.559701
1507703671651512321 38528.1794065
1507699407915036673 132309.727046
1507695147248672774 148604.59369
1507691813833957393 25962.7716775
1507689195434872835 35286.418965
1507686571042033664 22577.5705085
1507682970689314825 32446.2925605
1507678410608365571 64605.703666
1507673787130601473 67072.884179
1507670145841389574 37036.3958405
1507667388405325826 127289.3015835
1507647738166579201 445153.9537235
1507640521006759938 30122.552775
1507624660938203138 40536.3495915
1507613352301936642 31499.583759
1507605803724951558 34683.9679095
1507602024593993728 141604.686188
1507598269756715013 35601.9885655
1507590700078145538 24729.181421
1507583152969105411 19794.820395
1507575594866909187 185325.41993
1507568040979931137 40880.6073375
1507560491773829125 18962.8641755
1507553444156092417 47421.5045115
1507548159513354244 78921.0882705
1507537838732189699 28343.887754
1507535505407324163 106834.653842
1507532028023029766 123043.4560495
1507530328193310723 47851.826694
1507522789837873153 31298.7667405
1507516375979417608 122957.391613
1507515240526848009 92088.947055
1507507700917313541 36118.3751845
1507506573291266053 182972.991999
1507501897183379463 163522.42935
1507500805951307783 58036.1183465
1507498423104192524 50003.4376065
1507496058259230725 41167.4887925
1507494149444022274 157899.552832
1507493682748047366 185956.559131
1507491484106432521 176087.837079
1507490188787912708 78490.766088
1507489980570030080 83511.1915505
1507487011518697476 34741.3442005
1507487009526403072 33048.743616
1507486260788666368 42687.960504
1507483827538731009 53302.574339
1507479550904709123 43778.110033
1507477207756775425 42888.7775225
1507475144658325505 30438.1223755
1507472152769011719 28315.1996085
1507472152248913926 19421.8745035
1507469649256267778 27052.9212065
1507468653184184327 80384.183691
1507468385474727941 9581.840597
1507467870384521222 19852.196686
1507467647184941059 29577.4780105
1507466121191993346 18446.4775565
1507465615581528064 169833.82136
1507465099220774914 15950.608898
1507462225422057472 19680.067813
1507460185933369345 33306.9369255
1507459196060860416 33622.506526
1507456814488686624 27397.1789525
1507456804552589315 106576.4605325
1507455851128553474 56314.8296165
1507452753202794502 27884.877426
1507449442756083715 24872.6221485
1507446258092417030 38987.1897345
1507443302227927053 57634.4843095
1507440378944831497 17671.897628
1507437497747480582 66843.379015
1507434549348864001 17126.8228635
1507432156976586758 32532.356997
1507429858376400899 44610.0662525
1507426871197188115 49659.1798605
1507426094797971459 13167.8587845
1507424855033094145 23036.5808365
1507424578141831193 38413.4268245
1507420824088764416 122268.876121
1507419060165820428 126170.463909
1507418814128037889 17413.7043185
1507418150102523916 173907.538021
1507417677534576649 59757.4070765
1507417027417284620 21114.475088
1507416381788196871 43405.1641415
1507413520014524421 24069.3540745
1507412736048873475 53560.7676485
1507410535142330372 61679.512825
1507409999303262213 110592.8009025
1507409477217112065 35946.2463115
1507405874062626825 54909.110487
1507405400634765328 47564.945239
1507403403525242889 29806.9831745
1507400927497621520 26450.470151
1507398330938179590 54191.9068495
1507397294081159168 85232.4802805
1507395384104177669 52642.7469925
1507392416302743558 52097.672228
1507389620979437572 12077.7092555
1507387827021041667 14889.1475145
1507385026895302664 256242.515606
1507383303963353095 24270.171093
1507379313590640655 19134.9930485
1507375265743347719 61564.760243
1507372982934675462 57462.3554365
1507372097290571784 59097.57973
1507369550563659777 59642.6544945
1507366889831477265 35544.6122745
1507364289136541697 18647.294575
1507360822946840582 25647.202077
1507358330464915458 28745.521791
1507357986997604355 73011.3302975
1507355994514415616 31356.1430315
1507353131478364162 35544.6122745
1507350158417219589 21630.861707
1507346662435565568 33278.24878
1507344082024206342 70486.7734935
1507343901262237700 68708.1084725
1507339596664905729 54220.594995
1507335633005649920 70171.203893
1507334416904843264 119170.556407
1507331610127048709 60876.244751
1507328832906354694 49630.491715
1507326021204336645 73814.5983715
1507322639672647684 19020.2404665
1507319981691785223 17471.0806095
1507316059992379394 38470.8031155
1507315531522531336 15577.6630065
1507312076473131046 42171.573885
1507308349766918155 174366.548349
1507308184565866522 107465.793043
1507305643903967237 65437.6598855
1507303069696114689 53388.6387755
1507299814169624580 22606.258654
1507297273662824449 24872.6221485
1507292933048967174 27081.609352
1507266064966725634 24786.557712
1507258547557519372 17987.4672285
1507250953300418561 89679.142833
1507243408234008596 19565.315231
1507235879546494982 17069.4465725
1507228324250234912 59900.847804
1507220786951729187 86896.3927195
1507213202756673537 155030.738282
1507205701017513985 46761.677165
1507198137680683010 28516.016627
1507190589183471616 50806.7056805
1507183046059036672 13253.923221
1507175502196494346 35515.924129
1507169195401912323 58868.074566
1507167941518897154 30323.3697935
1507161592227581953 99576.5530305
1507160425766469633 201878.4798835
1507157108348928001 59728.718931
1507152308026720265 387548.1575595
1507151829125287939 140457.160368
1507149046137380864 133830.1987575
1507145965542813700 44036.3033425
1507145310941990913 22061.1838895
1507141509497470976 57605.796164
1507140452558028806 42056.821303
1507137717171326983 50519.8242255
1507133953286758405 46360.043128
1507130183110823940 38442.11497
1507127976147795974 74388.3612815
1507126400649678853 27397.1789525
1507125992116170773 106519.0842415
1507122674983743488 23122.645273
1507122656855969807 18876.799739
1507118851879849995 37323.2772955
1507115108220211201 23696.408183
1507108469563928576 106117.4502045
1507107534070599690 14946.5238055
1507103753811410962 32790.5503065
1507100206285926404 61220.502497
1507096198062260232 19450.562649
1507094925552324609 43319.099705
1507092469699252230 57634.4843095
1507088636856176651 76654.724776
1507084920044281861 35229.042674
1507081101830938633 58609.8812565
1507077333014003722 73757.2220805
1507073560455622656 238914.875724
1507069852883771394 23323.4622915
1507067283457384456 271447.232721
1507066012029657090 75105.564919
1507054739133022218 20827.593633
1507047122381807625 20139.078141
1507043361487822854 315770.4175185
1507039639101706244 21372.6683975
1507035794783055884 12335.902565
1507032052234862596 20024.325559
1507031040552022017 29663.542447
1507028261343277063 48425.589604
1507024533806583816 67474.518216
1507020694420348936 159792.970435
1507017898878857225 213697.9958295
1507016905999020039 58753.321984
1507013161785835523 25102.1273125
1507009449323421711 15893.232607
1507005594867171339 30925.820849
1507004028961574913 53847.6491035
1507001882111315971 18159.5961015
1506998044922888200 39704.393372
1506994278010179589 476481.4086095
1506990491962851331 49286.233969
1506989702964039686 90281.5938885
1506986954776367113 227783.87527
1506983747622690819 134977.7245775
1506982955612315649 28659.4573545
1506979162355126286 88875.874759
1506975381374611466 114695.205709
1506971638268583936 29204.532119
1506967856252174349 86380.0061005
1506964080006942730 40364.2207185
1506960663985414145 353466.6407055
1506960303086612482 47364.1282205
1506957585924165635 249529.489559
1506956551612944384 25675.8902225
1506952731210174464 36835.578822
1506949027371364356 87470.1556295
1506945199414652928 23954.6014925
1506941429289033735 59986.9122405
1506937639437750279 17098.134718
1506933920272691207 18589.918284
1506926352506802184 59212.332312
1506918779531505668 21774.3024345
1506912963847933956 69167.1188005
1506901143179378689 35573.30042
1506896157838123012 29347.9728465
1506888574704234498 40335.532573
1506881029742673927 57835.301328
1506873500262440962 17585.8331915
1506865941182881792 126543.4098005
1506858399413194755 73011.3302975
1506850821689991169 56400.894053
1506843286148980739 23409.526728
1506835724850671617 27856.1892805
1506828183131365377 29118.4676825
1506820635955286019 26077.5242595
1506813125504417796 38183.9216605
1506807400300519432 205579.250653
1506805504219267074 30897.1327035
1506804315238940683 321479.358473
1506798452621074435 58925.450857
1506798008964427784 93064.344002
1506795059789934594 147743.949325
1506793338179137541 36032.310748
1506790426560417793 83798.0730055
1506782939195056131 76626.0366305
1506775359408197632 26995.5449155
1506771143570731012 79552.2274715
1506769881198301188 35515.924129
1506768877421834249 38413.4268245
1506767815377883140 238886.1875785
1506764191268581377 25044.7510215
1506760267048402947 12967.041766
1506756691114745867 36376.568494
1506753940330885130 24155.418511
1506753672289599489 12852.289184
1506753670674800653 10155.603507
1506753670385475592 35802.805584
1506753668783222791 54392.723868
1506753442999640075 89621.766542
1506753442013921280 14401.449041
1506753440374001671 12077.7092555
1506753173414948872 18016.155374
1506753172689276938 20110.3899955
1506752735827308548 16926.005845
1506752165309820943 27684.0604075
1506747886972944392 26794.727897
1506745142685978634 19966.949268
1506738578524676118 48540.342186
1506737575305822209 69540.064692
1506735646169305092 68794.172909
1506732046068109314 33909.387981
1506731075040694276 68736.796618
1506729711904436229 23925.913347
1506728515240083467 39388.8237715
1506727384820719619 95416.771933
1506724486107865093 12967.041766
1506722478399315980 33593.8183805
1506719951905857548 38470.8031155
1506718699515957255 34597.903473
1506718305096241159 121350.855465
1506715167895265280 330803.0057605
1506710652219539459 50319.007207
1506707374920413191 34397.0864545
1506705085681778689 55597.625979
1506701098039627777 414715.831348
1506699818277687297 41741.2517025
1506696047829172226 110850.994212
1506694540115292164 34454.4627455
1506690501843505157 30352.057939
1506690321975058433 90453.7227615
1506686598825615363 41425.682102
1506685974306340864 53417.326921
1506682711003516928 44896.9477075
1506678560227999749 26852.104188
1506674419615219715 57777.925037
1506669843507990536 37581.470605
1506669462526771204 38671.620134
1506668296938172421 124535.2396155
1506665973423779841 28343.887754
1506662500288372746 23180.021564
1506662065544474633 23438.2148735
1506659886427512837 25016.062876
1506657435930566658 118195.15946
1506656768012783626 31155.326013
1506656263718940674 58581.193111
1506651944517054474 47392.816366
1506649306136260618 605205.117468
1506647037554663439 7659.7348485
1506646972257607682 13712.933549
1506644939391782922 58839.3864205
1506643236466708488 21860.366871
1506640606608646147 29233.2202645
1506639404458123277 20139.078141
1506637757787127817 40565.037737
1506637441930780683 44380.5610885
1506634882054823943 22262.000908
1506631876076871681 23811.160765
1506630462218903553 22692.3230905
1506627689658126337 35888.8700205
1506623880055697415 24557.052548
1506622899473596423 58896.7627115
1506619431375486984 73068.7065885
1506617131256983564 25073.439167
1506616839077511176 14889.1475145
1506614891351887876 43663.357451
1506614241079537671 19680.067813
1506609903573610498 186931.956078
1506608530102620161 21028.4106515
1506605707944251403 69740.8817105
1506601369251291139 28401.264045
1506597006566907909 96133.9755705
1506592764158480388 18073.531665
1506590070286999560 146108.7250315
1506590068470861826 475018.313189
1506586635080802309 6397.4564465
1506583957273554946 28831.5862275
1506579908121743366 15864.5444615
1506575850854092801 60072.976677
1506571535829643268 9667.9050335
1506566406292258821 120949.221428
1506562416603193344 36290.5040575
1506533750036959238 41310.92952
1506526182585602056 66929.4434515
1506518638437834753 48454.2777495
1506511101114167297 136612.948871
1506503531393654789 47278.063784
1506495990420934661 31614.336341
1506488448210939909 92261.075928
1506480886296059904 61450.007661
1506473352667488260 33306.9369255
1506465896470126594 36204.439621
1506462929205477376 81990.719839
1506458231786426372 43692.0455965
1506453053259591681 382470.355806
1506448447498563585 38069.1690785
1506447738149474306 124018.8529965
1506443168656642057 324893.2477875
1506439350103457798 181165.6388325
1506439129902559236 198435.9024235
1506435725507584013 18790.7353025
1506431821390749698 15520.2867155
1506428064686874637 160997.872546
1506425358081568769 283266.748667
1506425125880709120 28544.7047725
1506422180460077059 43089.594541
1506421312880877574 194735.131654
1506420239482990598 45958.409091
1506416705475653632 83998.890024
1506412948859891717 26679.975315
1506409158161186818 22634.9467995
1506404893535387651 89048.003632
1506401608778854400 36950.331404
1506399110844370944 48683.7829135
1506397904352727041 26192.2768415
1506395163844878349 50978.8345535
1506393227695472643 45499.398763
1506390319033688066 19909.572977
1506387030661644295 46646.924583
1506382759022977024 25102.1273125
1506381980421742597 17958.779083
1506379462656593923 43233.0352685
1506376901677527051 116674.6877485
1506374431471460360 20999.722506
1506372330540388360 188136.858189
1506370649429843976 44036.3033425
1506368301940846604 59786.095222
1506367657100128257 31987.2822325
1506365237506854919 25102.1273125
1506362920430718977 27138.985643
1506359530719956992 31815.1533595
1506356295691087884 151817.665986
1506354298883657729 169633.0043415
1506351265944682497 33421.6895075
1506348589206974464 184608.2162925
1506345065035280404 21143.1632335
1506341078114439171 60818.86846
1506339687832723459 46905.1178925
1506337412653334530 31270.078595
1506336835840135170 27655.372262
1506332917945057285 54966.486778
1506329977599537155 12622.78402
1506329611344531463 23954.6014925
1506326947537854465 68392.538872
1506324854445953030 155116.8027185
1506322316342415360 60159.0411135
1506321079865909261 50376.383498
1506318182960844811 21171.851379
1506314126255173643 23438.2148735
1506312052410888195 184550.8400015
1506311615561584654 13856.3742765
1506308422500761610 37954.4164965
1506307279796244483 90453.7227615
1506303743033290761 40737.16661
1506299080938565639 26134.9005505
1506295768591777792 31556.96005
1506292923025051656 25905.3953865
1506288641311756292 50347.64007
1506284473029173248 55998.991616
