1509201728964497416 723873.700071
1509032412365275137 255205.658526
1508810709680988167 1363541.757388
1508454109778640897 6078590.341981
1508454068095631360 3843868.941583
1508453518700527618 12104507.214007
1508232065950511105 769607.934735
1507403782442815492 307447.673437
1507205726887763975 1277466.47611
1507027190390484995 6903748.113631
1506407138796572676 30345815.246348
1506407097029652480 10617209.768165
1504873644622684163 329811.426551
1504850457922920453 3524448.390675
1504458702992011265 490025.066223
1504458701033271301 1465365.147772
1504111843731652611 14621615.940703
1504111776673148933 4035434.981119
1503409359761543168 1520843.075513
1503400720732602368 3729533.354923
1503400683826925569 2014787.191719
1503357034946736128 2790579.315418
1502344881426997250 495777.800143
1502273746287017987 4903846.12093
1501924538740662275 10995775.614688
1501558990957776906 1889629.274372
1501558952999329801 1477589.707352
1501558901241643008 3048229.88586
1501387513776066560 2699290.619025
1501252495565148162 707622.226747
1501218453834899456 2511499.811124
1501218367742492673 5480018.377605
1500679758811697158 3801442.528923
1500679755716255744 2384292.482318
1500618850693521412 3865225.966261
1500618548149899266 10545192.730404
1500213654469283840 9160905.176317
1500213529449619456 23016400.777224
1500152010758184960 7497214.526653
1499815474669895683 6542332.605107
1499810690340589570 355483.001669
1499601210705211397 3863823.737368
1499598826012741632 9062928.926742
1499430385058390027 2601961.552016
1499067779734851585 649591.523329
1498694140082593794 11456605.556267
1498345992684335106 5477213.919819
1497963501532237826 1303209.960402
1497963453415186433 3855733.955293
1497731103011917827 15173375.032805
1497674512602578945 5540817.584222
1497625859028512770 14823896.447165
1497445950452736001 1053397.489926
1497370379710435330 291627.655157
1497319564723380224 2189850.075822
1496530618926395398 658831.852188
1496248991381704713 910585.870362
1496248989616074752 7364937.60108
1495972577147518978 3346401.275851
1495971427245297664 279690.732273
1495971346203000832 511454.000075
1495970638598742017 1212892.037858
1495897227356692482 9033158.528706
1495138234304581633 14804121.424315
1494721688990224387 24365165.199355
1494718474823766020 573044.207606
1494325327513874442 21992090.548181
1493637343441403904 1035168.514317
1493297008475443201 595084.369437
1493290838108958720 25146206.692756
1493064970489065479 5191626.635278
1492644002377523200 6709880.980527
1492207455899504641 13423321.465167
1492195768999972864 281919.916667
1491475885563650049 9047720.136441
1491459749874860035 550105.1811
1491442609747001344 2329713.419252
1491400859879895041 8226121.868904
1491400820793180162 2786768.129196
1491400792607117313 2693106.430061
1491400756913590272 4907261.806695
1491400734495363074 2515059.315237
1491400676421021701 1268477.82936
1490824844698533889 4873967.859133
1489401564284346369 634634.415137
1488937860631724033 2826497.947831
1488638769112571906 3042764.788636
1488577503518085120 2508012.216185
1488576857825943556 1808659.544448
1488214053126168576 3631053.74113
1487966237661356033 5091672.883418
1487642567583797254 6202597.712544
1487122420783726597 281704.189145
1487099524803751939 8416033.997438
1486777419524501506 487148.699263
1486440032806195201 231511.585693
1486438125702291456 122209.641213
1486437430219587584 106569.395868
1486436209878396933 144932.940197
1486435829505355777 144105.984696
1486428843489460224 290477.108373
1486400206685892608 117319.817381
1486397098161426437 112753.584832
1486396566407573509 100636.889013
1486396145907634176 105095.257801
1486395394275700739 142919.483325
1486170817310298115 186891.943226
1486124781430718465 7407292.104566
1486021437446000641 494699.162533
1485698860496285700 1071554.556361
1485698841265336323 5111987.225073
1485698812630863873 1848748.908953
1485698790677835776 1716184.346684
1484593931157336065 341209.03063
1484568994463895552 11985173.939754
1484287511341899776 3901324.371609
1483892525014282243 680872.014019
1483892260605349888 698993.125867
1483798357633945602 9048259.455246
1483163481947922442 9982827.035137
1482384151584014336 4794472.267276
1482383535486816256 3531171.898444
1482376298118877184 3448728.030453
1482376160117886980 7012906.239763
1482050315503357960 284113.146474
1482034810952450049 1291452.810453
1481891168069701634 3673264.426268
1481891010762264577 187467.216618
1481890287966310402 313092.543596
1481887649501569025 634238.91468
1481856539447025665 587246.269471
1481677098573910016 295726.478075
1481673522275487747 1074682.60543
1481327925139886081 6420015.100133
1480947638862172161 884446.885613
1480551047974174720 10204199.427296
1480550975240749056 4989022.537533
1479861590073950208 5418607.943009
1479513367266033664 305362.307391
1479500639809929218 635461.370638
1479099874473693185 16206278.408141
1478792850061991938 7091574.876119
1478412539964837894 5614704.260507
1477344336505233410 868770.685681
1477335878733217792 5399264.375203
1477097477031424003 1054044.672492
1477043964557414401 3655610.724051
1476705750445559828 694390.938731
1476694932626706432 2906353.085558
1476692432263680021 533458.207319
1476692129309102094 1270203.649536
1476655020682592263 1271893.515125
1476225945073639424 3297610.901292
1475982736108048384 424911.309166
1475523257000665089 3644392.892907
1475522936828088323 3061173.53718
1475522607717838859 6931936.509839
1474802427920453634 763495.654945
1474500358307139584 2220591.247707
1474500277457670144 1522029.576884
1474499470431637504 8727220.947923
1474499142021890048 2683650.37368
1474499018398990336 8878769.532128
1474498723581337600 6540031.511539
1474440429202403329 221264.528398
1473699492616617988 421639.441749
1473698731442778118 349478.58564
1473376166677340162 800960.334599
1473376092178186240 516235.960146
1473376090584346624 760439.51505
1473375955183759365 1064291.729787
1473375953929736192 980301.814555
1473375952541421570 625897.450496
1473375951413133313 607848.247822
1473375948527390722 7865677.134229
1473344399140556802 1146987.279887
1472289900485435392 938558.539048
1472289758885789696 3438445.018571
1471888043548106752 476721.869033
1471628192335073283 18779476.290557
1471163870316318721 622086.264274
1470484160896720911 595336.051546
1470484153368027140 563264.559942
1470484148011864068 138101.568667
1470484141602914306 1006944.163522
1470399440179449859 4544156.432582
1470398723138088962 4005412.900974
1470398519726907392 6047669.397161
1470398374683627521 8634997.432268
1470398245297819648 2643273.372479
1470397752194453505 2045168.817734
1470397354213724163 820519.629927
1470396668440809483 921587.973984
1470396174112747523 1112111.330497
1470396003844964352 1580347.916998
1470395731114545152 2632019.586748
1470395139424088066 24093024.930352
1469365788477771776 229677.901756
1469352128778960903 928023.845057
1469050325965623296 8560499.528004
1468989882244550658 394601.592325
1468644993841582082 1795536.120193
1468610137355022340 783234.723208
1468609614388162561 1105711.414011
1468609417793146880 11643857.045363
1468609318350045186 1699177.827033
1468265079099461638 1520052.074599
1467856457245036545 1069864.690772
1467522014453792775 4245733.360482
1467521276193345536 8851084.500138
1467275679062380549 241147.415009
1466860886899892230 2013384.962826
1466856899421392896 325029.46648
1466856303829999618 460182.759013
1466854605522829312 1147023.234474
1466833073102745601 185597.578094
1466814902459269122 2877373.688436
1466766638519177217 23209189.272718
1466471926055018504 15765475.171521
1466471640842256388 8208540.075861
1466452570008743939 482834.148823
1465435360368812039 1985951.612945
1465435330459275266 917740.833175
1465435314852220930 1417545.547062
1465435286641405954 5871132.374991
1464747191885447177 354152.68195
1464655726752661507 303636.487215
1463931877413179399 601843.831793
1463900306996006915 414700.206458
1463553234794991618 253731.520459
1463372891953582081 874271.737492
1463191211364077573 509548.406964
1462828448498343937 1772381.366165
1462200814416498691 26341804.574267
1461805958720540673 228635.218733
1461805957319639044 279187.368055
1461805954656260106 1078673.564587
1461755927145553923 211484.880734
1461743593081622531 597529.281353
1461719351040430081 769392.207213
1461719350063235077 349981.949858
1461719349194940429 148060.989266
1461719348314210306 142164.436998
1461719347504680963 111710.901809
1461719346401538052 141373.436084
1461719344413483014 1977718.012522
1461718983468470274 3378113.221585
1461410439061905408 651353.298092
1461410438323703809 517026.96106
1461410437472272384 246288.92095
1461410436520157186 197534.500978
1461410435060535299 182469.529025
1461410433588350977 233201.451282
1461410432615256064 2721834.145074
1460481867220598786 1041460.567042
1460481866339815425 636396.1899
1460481865417039878 257578.661268
1460481864586567681 287816.468935
1460481863466639362 579695.806201
1460481858441932808 282818.781342
1460481857699528705 265344.85206
1460481856739049473 383599.488703
1460481855900114945 388417.403361
1460481854956453888 378565.846523
1460481854201499656 3357151.697364
1460340282281500677 395464.502413
1460290778719080450 722147.879895
1460047914944720898 251142.790195
1459553583473463299 29296768.261449
1459553411192393728 17254570.346713
1459553310751420419 8510450.7429
1459272958241771520 5359103.101524
1458838110066778130 5531721.073711
1457882990709653506 5101272.758147
1457882966474952708 1890851.73033
1456743030145224708 326611.468308
1456732731899924485 5126980.287852
1456732679320178689 2273696.172706
1455999733768413188 2851378.522035
1455922381780783104 308921.811504
1455899325213528064 10207687.022235
1455899209530368009 809337.75337
1455579680422039557 572540.843388
1455566581791002624 605906.700124
1455310100889935874 6471214.432021
1455309781090988032 2108448.890854
1455309615080488962 1012085.669463
1455306168146989060 6584363.51731
1455278106873270273 245821.511319
1455262131583168518 408480.062907
1454155057121816577 515696.641341
1454138495073615875 229534.083408
1454094224777826306 1211669.5819
1453765954307956749 6824324.430948
1453755045548150791 841912.609192
1453398881983557642 3352154.009771
1452681496704139265 907349.957532
1452639738251276291 916086.922173
1452639641547395072 1806753.951337
1452606159421001728 2971862.343072
1452352443723890688 5676905.696017
1452305237121830926 195017.679888
1451595846315757568 232086.859085
1451581338557976582 216374.704566
1451569183821500424 448569.427412
1451555333659267083 3510462.056332
1451555225953652738 185166.12305
1451555148480671745 143063.301673
1451555108861333508 172114.607969
1451554956780077056 365730.058964
1451554905890562048 139719.525082
1451554767948242953 177651.614367
1451554703603421187 153202.495207
1451554638231060484 105454.803671
1451554547147542532 178514.524455
1451554443913150466 114767.041704
1451554372052160515 97652.658292
1451554307917041664 86758.418431
1451554167848243200 217093.796306
1451554108167450628 127494.965502
1451553869209636865 117499.590316
1451553699386433540 175458.38456
1451553463729487872 157481.09106
1451553210062102528 136807.203535
1451553074539991041 301047.756951
1451552455599083527 139755.479669
1451552413752639514 127243.283393
1451552259200806912 171539.334577
1451552019769028608 1233314.243274
1451551892853563401 196312.04502
1451551722799710215 280373.869426
1451551259924701190 6962282.181267
1451236011745300486 760475.469637
1450864153216761859 5287193.927524
1450480266615529478 8726178.2649
1450145154447200265 618418.8964
1449933426975383552 29040987.329531
1449746848948756488 11037734.617717
1449073280783052800 258477.525943
1449049246351560706 573295.889715
1448773440601616388 6106491.101493
1448027844186042370 1786295.791334
1448027741945618435 587497.95158
1448027572604788737 5789731.190023
1447970224670527497 241902.461336
1447955252116742147 609825.750107
1446669739804307456 10950724.517177
1446477418194038792 1663582.785903
1446310998667718660 3808561.537149
1445422824621895686 854820.305925
1443985154947518466 368246.880054
1443248113175592964 4902192.209928
1443244304713928708 423077.625229
1442876611804557318 253048.383306
1442761164287463430 815557.896921
1442519666383937537 615902.07531
1442247725962039300 3428197.961276
1442247647318843395 1696049.777964
1442247576992944131 2825527.173982
1442160112336969737 706975.044181
1441447892946878477 316040.81973
1440760806828752904 4777681.475147
1440707766000107532 22960383.530678
1440059534941167621 824977.998715
1440027625276076032 2571472.06224
1439244890890592263 10019177.122594
1438926248747540481 1091796.988842
1438911733796536320 276418.864856
1438545523703627781 1526559.854846
1438265227229884417 11231350.068712
1438265197613883392 10043374.559645
1438171699799752704 818793.809751
1437854500883030021 9914872.865707
1437854314068733954 7938880.673361
1437594672688365568 19851642.074897
1437509088787660800 957362.788049
1437508948307836928 314386.908728
1437508861695434753 357460.503954
1437446606609993733 810524.254741
1437139127300984837 2829014.768921
1436861144648404993 11692359.783226
1436560896495525892 4756899.723861
1436375832662970372 316580.138535
1435996792034709510 898325.356195
1435738755369893893 2772530.112744
1435738409876606980 7973325.167707
1435635366053089281 393594.863889
1435272846683480065 791648.096566
1434965613684801537 369828.881882
1434726832285175808 12153549.270675
1434230149424189441 375293.979106
1434185813504364544 370727.746557
1433838266957000705 245497.920036
1433830238178349064 7303455.25731
1433505142406451201 467409.631
1433459792593371140 734372.439475
1433173002351517702 576280.120436
1432754787695484936 474852.230509
1432734958691311618 1206420.212198
1432466131227344899 440407.736163
1431512869498015744 8587177.831558
1431503346607681536 17599015.290173
1431503302441652226 3347695.640983
1431503222456283136 3752040.926385
1431302566982262784 309137.539026
1431286103407927305 1168739.805022
1430998757852676099 1356063.203292
1430945778659250184 1302850.414532
1430560814646259716 7313091.086626
1430560796153503744 1660634.509769
1430215891602472960 399491.416157
1430198327140749315 875062.738406
1429896585102577672 2367178.098906
1429896412926398486 2608649.105198
1429193911298265092 352103.270491
1429127354756976642 822137.586342
1428795071491497984 367995.197945
1428778900331536389 227520.626536
1428774973007560704 260131.436945
1428772283938529281 2559355.366421
1428416790099501063 4260187.104456
1428024384325750786 1187795.736132
1427680497006612482 404812.695033
1427632959142699024 6892422.418726
1427320606169571336 7300435.072002
1427299225319002116 484020.650194
1426711425129484295 265129.124538
1426711021499027458 242405.825554
1426669962735677442 1043078.523457
1426388796405260290 2220878.884403
1426388650531508226 8767669.858298
1426228632666574854 238594.639332
1425854066647703560 202927.689028
1425849591253979137 764070.928337
1425822825978363918 171071.924946
1425269580151201793 294935.477161
1425196546795065344 5499541.718346
1425196432173113345 1846052.314928
1424939652511801351 414879.979393
1424891570734600194 410062.064735
1424891501151096843 309461.130309
1424891326038900739 234351.998066
1424890817383079936 269120.083695
1424890229345849349 365694.104377
1424889800427937795 284472.692344
1424888711079104537 5774881.945592
1424888488520945665 4191621.707047
1424888118885326869 1697667.734379
1424888015323766785 769032.661343
1424762411567833090 841049.699104
1424402903683399682 275987.409812
1423899782997712898 9176869.012945
1423899077276618754 16124481.722716
1423899003926708226 9041931.447934
1423898645871562758 2879207.372373
1423689012192055296 267322.354345
1423675546467061763 784529.08834
1423519310237114368 25912794.442183
1423451540514295812 5201118.646246
1423333146766893057 420992.259183
1423059964713607168 442457.147622
1422961378701152258 1870501.434088
1422950678444445707 585808.085991
1422680103608193031 364040.193375
1422259767670558726 14515477.999879
1422241806213804036 954881.921546
1422226701006688260 466007.402107
1422038766412124163 8087948.391063
1421875579540836352 239457.54942
1421864563855613957 653690.346247
1421494261329977348 884051.385156
1421490888933396488 248518.105344
1421154609406517251 301083.711538
1421126122377400325 289542.289111
1420781002096447491 235430.635676
1420780182441402370 294971.431748
1420779092866060289 622949.174362
1420776174037311490 1351173.37946
1420416933296414724 1284549.529749
1419873690511048718 1007807.07361
1419695732483760138 1671097.294586
1419689237587189766 901525.314438
1419357903966728192 243196.826468
1419337316049448964 385073.62677
1418986801944055814 4027273.28987
1418617504335687680 416677.708743
1418234685205803011 3650648.991045
1418234513918889987 1631906.794756
1418233981191942145 7593788.547335
1418229487938859013 208284.922491
1417877315782987777 464820.900736
1417152687955533825 829867.822547
1416051634380189701 568801.56634
1416047168671133700 4745681.892717
1415779448557740036 3962447.169509
1415718342535520256 612270.662023
1415702814710370305 448102.017781
1415687684786319360 1159751.158272
1415323831904792586 4790193.671423
1415323595731996680 9703747.530843
1415102468938100739 8190598.736948
1415012506737643523 187934.626249
1415012458616410113 268544.810303
1414986944589615108 376156.889194
1414963167680208899 3153576.82577
1414963146230362115 1322481.619034
1414625126935523328 13348499.96962
1414620184363487232 7018946.610379
1414615662228426757 466438.857151
1413889405643755520 7504621.171575
1413545111418327040 405387.968425
1413498617168494596 10091445.842464
1413275424109436934 2362108.502139
1413275380232835073 1746997.427743
1413169622149255170 1082772.387505
1412817459573260293 6092720.494672
1412518265780244484 928850.800558
1412486511530893313 369756.972708
1412486510616604674 256679.796593
1412486509807104001 108582.85274
1412486508825612291 198109.77437
1412486507961618433 876752.603995
1412445614088941568 5753237.284218
1412111071159066629 8781979.783924
1412059766629703686 382412.987332
1412059599096610821 299969.119341
1411843914017824768 10870509.83358
1411383513295691776 8952871.935935
1411133572673511431 300112.937689
1411034443435835392 8641361.394167
1411007538141663232 346781.991615
1410646568709935112 607488.701952
1410630894122004482 250639.425977
1410630711653015553 221300.482985
1410610254241439744 1386588.647655
1410610026050297857 3602829.390335
1410609876699516929 964481.796275
1410483888598573056 16609437.192172
1410266977076088835 623344.674819
1410218784871251969 3921063.439872
1410218714792742917 8647725.356066
1409919555170828290 2073249.350181
1409904671171305472 420956.304596
1409723330563919874 1210554.989703
1409720675426717698 4738994.339535
1409532326367875078 1861728.51486
1409532314007257088 1555826.888664
1409532300270968839 394242.046455
1409532284445855745 1106142.869055
1409144799446409221 3512942.922835
1409144594932154370 1835877.166807
1408799551218196482 10348772.821623
1408505859383177216 201022.095917
1408505469937795075 157373.227299
1408503168846151684 147665.488809
1408501716421578761 131665.697594
1408501580920406016 147701.443396
1408500344154374144 202855.779854
1408470706510348294 239781.140703
1408455056345739268 902316.315352
1408455025219846144 603965.152426
1408429870653317122 2797662.369057
1408429762117316611 649052.204524
1408429600930205700 1106502.414925
1408146305998802949 18605276.316542
1408122012204244996 843818.202303
1407862009127972866 10033415.139046
1407754421182910467 685258.473633
1407730296724852743 635677.09816
1407379328242012160 1491396.26876
1407368002153164810 740197.082569
1407367992346923014 572253.206692
1407096938525245441 1167229.712368
1407020785894674434 663721.67602
1407005431826890757 345955.036114
1406975945064554496 2716189.274915
1406975777959202816 2658913.617824
1406975595444158469 1062709.727959
1406786025087672322 405675.605121
1406781966431625218 225003.805446
1406781714500784134 3289377.300869
1406781301269532672 315034.091294
1406780930644090884 2632774.633075
1406779329153880065 253336.020002
1406779247797043200 621690.763817
1406763315079045120 460290.622774
1406712549547155458 1546191.059348
1406643102895517703 879341.334259
1406642426178158601 20628297.108684
1406642386911047681 7178009.703267
1406018330859737092 10858644.81987
1405934329973334023 296301.751467
1405923906347745288 7780428.808452
1405716620568252423 737608.352305
1405716558962298883 3869180.970831
1405716407065604101 146802.578721
1405716052311379969 173804.473558
1405715992911613954 157588.954821
1405714064601276423 137706.06821
1405713942433828869 133966.791162
1405713909177192452 121310.776538
1405713848129130496 503076.581304
1405712638294691842 507463.040918
1405707253370417154 318377.867885
1405707126786252800 477153.324077
1405697754358292482 382700.624028
1405555862425460741 861831.45039
1405533742936985606 1395325.612296
1405531668912304134 12389123.724699
1405300675802808325 6419979.145546
1405193572446576646 1042970.659696
1404855262566129664 1390291.970116
1404855176511504384 1898510.057361
1404854853155893249 5891338.852885
1404468676863070216 2390260.94376
1404139019093659656 768601.206299
1404122632493096962 15839038.256523
1403731719967047681 12977232.904258
1403439592406142982 212851.15504
1403439327032524802 138712.796646
1403437842358022149 161256.322695
1403437655099166722 134218.473271
1403427370653061120 2011263.642193
1403412050479624194 1763752.265285
1403412018212790274 626904.178932
1403397973049028610 241075.505835
1403381858885410818 12021416.16345
1403381628819460097 1750880.523139
1403359101267099653 214576.975216
1403154818848329729 368965.971794
1403154740477788164 1844793.904383
1403150141809381380 1440808.164851
1403148530475229186 115665.906379
1403148454910599172 370008.654817
1403147833407021059 1035348.287252
1403145830043848712 266387.535083
1403145456138477574 353865.045254
1403144460020690948 125301.735695
1403144218030247939 112034.493092
1403143809333186563 73742.857937
1403142573510832132 86291.0088
1403142521442631685 459607.485621
1403142315942764545 100708.798187
1403142154004795393 128933.148982
1403141918805086215 141948.709476
1403141329815846915 261605.575012
1403141189956784133 696512.259364
1403140743091392512 1013272.170834
1403140156832485388 664692.449869
1403134613527023617 619173.942727
1403099370174750724 12609525.343009
1403082942600126465 305074.670695
1403076195810426880 684179.836023
1403065144209555460 1017694.585035
1402746455652245508 703954.858873
1402717511636983819 1068857.962336
1402656932293455878 1445338.442813
1402649718048669700 9816249.433566
1402352973905383427 1309322.240192
1402351561330855942 783234.723208
1402323867469697029 15875244.525632
1402316957093933059 23222312.696973
1401933509242064900 1157018.60966
1401933262981845005 1599799.348565
1401933174893125633 3058225.261046
1401933007682945028 833463.281247
1401759521379295234 15238416.880688
1401305931674271746 8555501.840411
1400860348245229571 501674.352411
1400829616323973123 5134279.069013
1400539679041130498 13955413.39818
1400539205571317768 4338496.194942
1400524154076598277 724197.291354
1400445267602706432 1452924.86067
1400158970254434309 9394250.445947
1399824054299865088 6683813.904952
1399724847832371210 5512988.733884
1399387625807568897 403554.284488
1399387577183096833 773526.984718
1398719253289836544 602455.059772
1398699586886070273 411500.248215
1398605193785266177 6212017.814338
1398463698285465602 584729.448381
1398457823164395523 284256.964822
1398324921143599109 390862.315277
1398128441631727616 437962.824247
1398116223846543361 211736.562843
1398116141789171717 189696.401012
1398091277816655875 244491.1916
1398090733471473670 1142744.638621
1398081622931509253 616081.848245
1398080586388967429 176105.567126
1398079859159490560 368786.198859
1398078890715713536 317622.821558
