1506473308811841536 1125060.8479125
1505908817241927681 5194379.8994305
1505842904517939202 1194614.092651
1505561581148540931 1388073.5956175
1505534093211037697 723096.715131
1505144450762350592 418626.7769495
1505133595857330176 488689.6504325
1505132560325636097 336775.9690285
1505132296260636674 387495.107992
1505131013726355457 1597619.640693
1505127869726437380 245618.8970775
1505125785018929154 293191.632488
1505124454862491651 309123.0701965
1505123367409446912 273161.007052
1505122107897757698 311427.4784325
1504814048793169927 366622.487239
1504813368284045313 304359.149324
1504810206978580537 643993.470876
1504806585264091136 332898.359016
1504803286804619274 456029.0952415
1504791776883712001 521527.4677955
1504777691991613442 463252.5287505
1504776797929439234 662029.896877
1504776612167880710 268530.0328085
1504770308414140421 333142.0945025
1504764994612695043 352729.5645085
1504744011709386758 793558.428501
1504743871481200640 260907.7594125
1504722674429292546 493630.833477
1504712643914858497 517095.9134955
1504707266661941250 858414.2256815
1504706363720548353 293922.8389475
1504706303314128897 747137.8972085
1504679940133900292 2095482.6085265
1504394950913363970 1273828.1257635
1504326115904479232 764487.432293
1504052408141242368 641157.276124
1503967312998645760 793314.6930145
1503691966176903171 2064018.5729965
1503675300470697987 660345.906243
1503642844438749185 2407153.8224455
1503342319663083525 982763.6393395
1503315455062122498 1113051.3357595
1503313510339469323 691654.8373725
1503239217744252928 644059.9441905
1503031417193709569 739294.0460975
1502970608698621953 594094.169458
1502953092261691393 9883850.6596905
1502899754421809155 1514882.521912
1502599305428828160 752588.7089975
1502532467441356804 762205.1818285
1502186083060121600 793802.1639875
1502154853505773568 840333.4841375
1501876284703444996 1417831.482742
1501204239816744960 973856.2151965
1501049605982601219 2691814.712906
1500707929451741185 951587.654839
1500373112684113921 1005120.830783
1499971498500505602 773062.4898635
1499762672610398210 3019860.5199635
1499020402797924356 1634312.910297
1498595478404939779 4088551.99718
1498538914042183681 668810.174956
1498198785758883841 976781.0410345
1497561443104804864 1092821.29038
1496741802954526723 1002196.004945
1496386916769734660 1181186.483122
1494539674320265232 1404293.0843555
1494514511176355840 2549960.659763
1494230134626394112 2644840.237326
1494181144195055618 946203.3163645
1493903482792792064 1189229.7541765
1493789425196679168 3264460.159552
1493459346763628545 4101691.5556795
1493073717391331331 3287969.5551135
1491689170569293829 1594295.974968
1491687528147001350 1086417.6944165
1491687329383129089 579337.093639
1491687150340882437 643461.68436
1491686906257575937 733710.2876795
1490914140533444609 328555.435802
1490913838463520770 1308992.509134
1490550543759986691 1922075.8887675
1490181967924523008 6407672.993456
1489855531355295744 783520.9580115
1488080793964806146 2290182.946697
1487266751456948228 1279434.041953
1486919780213084160 693228.039149
1486252771942989826 1408392.272083
1486233681828061184 3003175.718024
1486001580227055619 2048064.9775165
1485130620317876227 3367759.690285
1483371120447606786 2402655.794831
1483295058883653634 583968.0678825
1483081258070851586 2007139.573556
1483065502822178818 6358925.896156
1482674264448770048 584721.4321135
1481872149938053120 1088411.8938515
1481832510086873088 5688608.992738
1481499680131645440 1916425.657035
1481183156170784770 218386.995904
1481182913395843072 1385481.136352
1481156489024790530 3670656.42669
1481126290249981954 5772564.7889515
1480773969766764546 1590728.5737565
1479472736762097665 822585.109166
1479294399850762241 814475.364797
1479007967991132161 606214.4704685
1478660042522046469 856065.5019025
1477112719442538496 2941355.535539
1476018193806213120 4948561.5824095
1474960664519004161 1448409.207412
1474600197296574466 1838607.563527
1474084895135698958 1568792.3799715
1473306324549074946 5054586.519037
1472802499266449411 664954.722715
1471838297294970880 616340.572044
1471445146000494593 1196253.767742
1471010250484375552 631141.963406
1470669719959007233 2250498.3779405
1470280414568730627 800936.9664105
1470026082346618882 6446670.671296
1469979260781621248 757840.100843
1468890886540906498 1892140.739471
1468753122738597892 3816698.2986465
1467854587633618950 4033977.4059755
1467728753321074690 680199.269507
1467422975661985792 3469818.385814
1467403521813221377 815206.5712565
1467365736184041475 808958.0796935
1466772994743685125 1176954.3487655
1466627897939021825 734773.8607115
1465889301460180993 1148681.0323315
1465605156859355136 1411782.4111225
1465177359925927943 1224083.928746
1464091475382194176 2783171.2048005
1463485024422948872 693582.563493
1463444016788217864 1087237.531962
1463362993287172099 1903197.4674495
1463031307764580353 1073566.1869465
1463031056106360837 898409.003239
1463030804397711365 823404.9467115
1462639476170104846 7008082.1277915
1462426763623944199 816115.039888
1462373724250775554 610114.2382525
1461605583858003968 2162000.2385695
1460869752071471105 8371272.5460145
1460473146637619201 2202105.8049845
1460186101537116160 1340367.913578
1460111568935526401 4104837.9592325
1458307022269530112 1130644.6063305
1457686744816447492 1075826.2796395
1457346596375388173 1985003.9598275
1457191865531334662 1335227.31059
1456972125890224135 1489999.3445175
1456901545262415880 578273.520607
1456900297402380289 556004.9602495
1456898867677384709 546809.485077
1456897373150408705 493963.2000495
1456896517894148099 528861.690162
1456895631918649350 2051876.1142145
1456895221610909703 496422.712686
1456893721035755526 493763.780106
1456893372853985284 1154685.788408
1456857045550780416 1401567.678461
1456664184855281675 1283799.1229385
1456600903801196544 1418518.3736585
1456243339338997766 3408574.305388
1456100891338022912 3282053.430123
1455771592869437440 1390045.637281
1455754835500826628 1172700.0566375
1455739147017064455 4242548.509105
1455472471176462338 1386699.8137845
1455440556448911363 2613354.0440245
1455391215139102722 1070397.625622
1455376115619418117 2372299.647876
1455198888755806208 524784.660206
1455146214169608193 792073.8578105
1455146154480398341 341539.889901
1455145711880658944 363852.7658015
1455013727829323779 1502274.7499285
1454432090791952386 1368441.8100685
1454373943876329477 5489122.5759235
1453677009297502208 4207760.80785
1453232491251179520 1478167.0945365
1452982858012774400 1505110.9446805
1452948301469216771 898962.9475265
1452854500033712135 1612842.0297135
1451862044844519431 5263445.673196
1451789378049613825 369170.6309615
1451789371552645124 3780581.1311015
1451513993865011205 3398403.8882695
1451177075209949193 6091171.38535
1451031310894452739 2025286.7884145
1450680172982648833 1604776.6008875
1450341372599287818 1076269.4350695
1450040151430733830 1881903.849038
1448952821966016514 434801.9501445
1448952539601203202 3347130.8050185
1448867543909683207 2496250.221647
1448687005487931399 1435779.277657
1448170351888764929 835680.3521225
1447766540657459204 1577212.3331415
1447470708510969858 3146691.6040295
1447086997277855745 1114425.1175925
1446704769167355907 1485944.472333
1444879957172256768 2115823.4427635
1443855705467883524 1120895.1868705
1443810406468923577 1543731.940405
1441730277504475145 336598.7068565
1441730273712873480 3239931.5065015
1441718983288180739 6811010.9080705
1441667249216000001 934459.6974695
1438752307064164355 7286184.317888
1438454905404997636 855755.2931015
1438359489502081030 1340944.015637
1437302524734812167 1517630.085578
1436977997894983681 4001339.008556
1436940137946968070 1071195.305396
1435829881208590341 7861222.803856
1435451650408259592 14246893.1302125
1435218318726549510 5094980.1364815
1433338305752403976 7318844.873079
1433053763233665032 1188299.1277735
1432333227784491021 3229517.3538965
1432234104641122305 720548.5714085
1432189775461564420 4336386.6714075
1431938715648073732 1817535.5228305
1431854204541231106 2393792.686231
1430447890468466691 225765.5338135
1430447355262865413 1061157.8349065
1429662179981201408 969468.9764395
1429454661669441543 233409.964981
1429454658485903364 1030956.792352
1429369656301608964 2085312.191408
1428998675259269122 199530.7323575
1428997804408586243 894575.7087695
1428389022469029898 515190.3451465
1428388230609600525 941062.7133765
1428386157142831110 577209.947575
1428376050313035776 817355.875092
1428369743338110997 619176.766796
1428303651680915456 978730.9249265
1428299675455557632 760122.3513075
1428283824652181511 731007.0395565
1428243946887532547 535220.9705825
1428227019049897986 397887.1028255
1428226828288753665 510825.264161
1428220842266087428 778668.406053
1428220654126440460 975850.4146315
1427888073061191684 200771.5675615
1427888069978427392 907737.4250405
1427835141183787015 1214157.247114
1427601614253133829 869559.584746
1427558504412303368 1817424.733973
1427498382830960641 187853.586777
1427498379521630211 819106.3390405
1427159211121668102 803352.163504
1426763118852538368 1693363.3713445
1426448074071711749 676476.763895
1426435921428111365 1191844.3712135
1426073809962950660 176619.5966265
1426073533730353154 853716.7781235
1426038343775657987 188252.426664
1426038339069648901 1392881.832033
1425855525133033473 1054709.9234
1425801424676392960 145709.505384
1425801332300992515 660833.377216
1425768345031245826 168243.9589995
1425768341222739969 818220.0281805
1425747975104434178 156699.760048
1425747836151369737 669364.1192435
1425387720151494659 1172899.476581
1425324019071348737 165961.708535
1425323591952908291 901577.5645635
1425074881008324610 186413.3316295
1425074878244265985 1276088.2184565
1424634310779236364 207396.74124
1424634308531163146 638055.188114
1424590344625090560 3801143.5430535
1424302070593589256 215440.0122945
1424302068194365447 592011.338937
1423983957368999943 7130016.344356
1423975265642840069 4022233.7870805
1423540655477850119 159801.848058
1423540652533374980 777095.2042765
1423471472752795648 177195.6986855
1423471470160662531 1072901.4538015
1423287248984809491 180098.366752
1423287246514384908 914761.438606
1423281774772191240 3072573.858362
1423177494983675907 783055.64481
1423168495739490304 139837.6959365
1423168492052701192 924178.4914935
1423127461185736709 5131141.6195695
1422944693285842947 514259.7187435
1422884039870976011 322218.313153
1422883698265919488 233631.542696
1422878957922177033 308502.6525945
1422876695887958019 268241.981779
1422876393256284160 306951.6085895
1422874071449047043 2189099.193114
1422754216800518148 241918.549237
1422754197246648323 220447.6686535
1422754171875254275 494583.6176515
1422754130372620288 269460.6592115
1422754078359048192 304336.9915525
1422754002471579648 254880.8455645
1422753936931389443 223527.598892
1422753883957334022 257163.096029
1422753726486310917 255013.7921935
1422598401707974662 624738.3674425
1422597483503374338 342337.569675
1422596664578088961 368284.3201015
1422595715851685893 265715.995828
1422577767665659910 465224.570414
1422575594219315205 742307.5030215
1422567658793226251 354014.7152555
1422567432221171712 319426.433944
1422566901360644097 478940.2309725
1422566672527880194 253219.012702
1422566607990136834 233875.2781825
1422566424191508484 243757.6442715
1422564209884221442 277149.405922
1422563918610800643 374843.0204655
1422542943143940097 223217.390091
1422542940723888140 1897126.2380585
1422452588058865664 892625.8248775
1422452505057718282 1554943.772784
1422142706025783298 215971.7988105
1422142703572119560 1194392.514936
1422063029777145856 191797.670104
1422063026560061442 787642.3035105
1421863462431428608 5618280.225997
1421003047333859330 243624.6976425
1421002708807426048 1184487.9910755
1420320262113824772 5259678.852041
1419926461805260800 901555.406792
1419906380052549648 4495612.4174065
1419511790417825793 2773355.312026
1419300207288750082 289912.282306
1419300204994433035 1142831.3806555
1418925818579935245 4976480.3744995
1418085152601690118 297601.0290165
1418085149074329600 1093508.1812965
1416700504587923458 3538152.95312
1415983072109948928 1020188.115403
1415544153287581696 810730.7014135
1415338090902827015 1448320.576326
1415181764818046976 942392.1796665
1413421572468011009 1513951.895509
1412741385342447617 2235541.882178
1412606885073543169 4207450.599049
1412343199956307991 321597.895551
1412343196827357202 1963954.0769025
1412292319181643784 1129248.666726
1411648409514110976 774923.7426695
1411195923879759873 1726378.4508795
1410493409463201793 316235.714848
1410493407491854338 897655.639008
1410153634428563456 1577987.855144
1409428859569598466 2128807.8968625
1409089874196516866 988524.6599295
1407979307813777410 3004682.446486
1406942946184683531 1683126.4809115
1406863730692935681 266735.253317
1406863728679653381 1671914.6485325
1406831745077497863 985666.307406
1406542705589514241 2788599.858818
1406060404573294592 4577662.645271
1405465922328948737 4192228.2100285
1404673569838166017 316147.083762
1404673271883255811 1729414.065575
1404326780110999553 1118701.567492
1403982399084523528 3921327.2956695
1403222966083612676 720903.0957525
1402916897947979776 1515746.6750005
1402623003800662016 1994288.066086
1401028505480044545 1313845.0610925
1398259173603778561 1785916.3829
1393465401808326659 857683.019222
1393449674506334211 945206.216647
1392851421444247557 3280081.3884595
1392403962314166277 3643690.4187745
1392093191772377091 1192088.1067
1391388781639467027 6684224.1395475
1388705283178786817 1166850.4049615
1388381241045516292 2817936.748284
1388092292653752325 3974107.1073825
1385402228018532353 2964399.617899
1384723993530232833 3937325.2066925
1384146566068379648 627929.0865385
1384016408632299520 1165144.256556
1383714546028662787 1983120.54925
1381831124834394112 3181501.463056
1378927360272080899 3365122.9154765
1378554562638798852 7745470.60554
1377957728744706052 4137985.9853965
1377938976934273028 1027500.179998
1377641457406734341 3451117.226668
1377212751320285184 1627421.8433605
1376770664086925317 337617.9643455
1376770660467359744 3310548.324272
1376436809316503556 4235302.9178245
1376408321456889857 5581321.063135
1375744683284946944 338991.7461785
1375744680671895553 2160848.0344515
1375384220663566342 205646.2772915
1375384217794703365 664622.3561425
1373975569654636544 325209.6123055
1373975567121313798 1844590.161832
1373838049818275842 1022603.3124965
1373522260095463427 673773.515772
1373492066169200641 267244.8820615
1373492063174455303 1106536.9509385
1372805036313436165 828922.231815
1372587233417433090 624472.4741845
1372510943989538817 1349940.070866
1372484857687908355 2225039.098487
1372378672833777664 329840.586549
1372378670598262786 2552575.2768
1371771970740572162 269903.8146415
1371771966147887108 1674374.161169
1371306228731707394 1802556.8692965
1370952829221826562 2248304.758562
1370940557808181252 2741691.8565525
1370608058523615232 970576.8650145
1369920822819745795 3123381.6284115
1369883889485762560 807650.771175
1368523771577999361 752655.182312
1368455825094627329 2979378.271433
1368206502507384834 1577655.4885715
1368069295217934336 798034.298344
1366984179301289986 1046755.2834315
1366717763675328514 868385.2228565
1366636891144126465 1098050.524454
1366607279953338368 333075.621188
1366606692729905153 2061448.2715025
1364556180329144325 1215242.9779175
1364540575467282432 1211143.79019
1362301243708698631 3701788.0956475
1361610934851039236 5300493.467144
1360815702030999554 7593335.346421
1359775719631458317 872373.6217265
1359090037359484929 2977649.965256
1358373701373157381 6092855.375984
1356884526815842304 15321700.152363
1355387767300087810 1594007.9239385
1353935169095299072 524452.2936335
1353934189008211968 3026485.693642
1353577788385628162 1078064.214561
1352880134957584384 1312870.1191465
1352849038689767424 5982465.358371
1351458151845883908 7775538.7014655
1350733771935412226 13639459.9823115
1350673758793551880 4907414.600734
1350300755320717312 3023560.867804
1349940553287258112 2560241.865739
1348506995343519745 9736235.5859575
1348178864078393344 3903268.711897
1347052309839183873 3401816.1850805
1346469744807792641 1121803.655502
1345994089330741248 1119388.4584085
1345622169129156608 3429779.2927135
1345408248338255872 1623433.4444905
1345238666512273410 2637771.9082175
1344833256584146944 3610808.2858685
1343777613140041728 7360523.6412705
1343052575516413953 256808.571685
1343052488383946757 1756269.284633
1342330325158883328 2225903.2515755
1341408014813818888 1379321.275875
1341013781824954371 649023.2850065
1340890676091731970 1789306.5219395
1337776422849372160 4647127.2589235
1336981534633459712 1254550.8645585
1336928609936654340 215683.747781
1336928561177919488 665486.509231
1336670354748542978 216813.7941275
1336669958776840192 646430.825741
1335079092622790664 2672714.713873
1334815831687979008 1211542.630077
1334740503019941895 359864.3669315
1334740442424823813 2231420.536679
1334376991387078658 1246773.486762
1334015272332627968 1931448.626112
1333285254296006656 4051947.358662
1332557665625538561 248034.094171
1332557603264626689 535065.866182
1331834750021951488 2771250.3237335
1331485438566035461 238971.5656275
1331485379782864897 504089.301625
1331456324681441282 190069.363927
1331456075237793792 759745.669192
1331094518066606081 250648.711208
1331093687476969473 873193.459272
1330731299657510912 1438992.1545245
1330527684686843904 653565.628164
1329090420257615875 709779.8944595
1329083868318613505 945139.7433325
1327492196451328001 432541.8574515
1327492012535209984 4313032.3802465
1327491703779934209 319803.1160595
1327491649077796866 3888555.951621
1326808845448929280 2129228.894521
1326488351201873920 1352754.1078465
1326044889750990848 278102.1900965
1326044816031952897 651416.3243285
1325787746128945153 233520.7538385
1325787712729702406 1217724.6483255
1325770324630106112 1738410.120804
1325768801032368129 211274.3512525
1325768755822043136 2194461.373817
1325713264169283585 189249.5263815
1325713222444310528 1015335.5634445
1325671861699506176 219605.6733365
1325671781445693440 1053624.1925965
1325294226389651458 296448.8248985
1325294184706633729 1379454.222504
1325064041463648257 3192247.9822335
1325028989908316160 1963533.079244
1324932229739417600 228114.2575925
1324932177448988672 1066497.857838
1324663071575404544 197647.32178
1324663025102581762 595357.1624335
1324656138898481158 1178483.234999
1324592345531076609 176198.598968
1324592305861324800 699808.8972845
1324569848056221696 222796.3924325
1324569802107547649 787620.145739
1324267902548074497 247014.836682
1324267868859424769 1161466.066487
1323903397834076160 331369.4727825
1323903291902750721 777294.62422
1323845874024284160 964461.3200805
1323669657446805505 783077.8025815
1323662707510276096 701226.9946605
1323604729251819521 293479.6835175
1323604696557236225 1004589.044267
1323550701641895938 281115.6470205
1323550571723251713 1380805.8465655
1322410539406946304 381800.5607165
1322410471211868162 2675063.437652
1322074905819582464 270081.0768135
1322074724919201793 1417521.273941
1320349392331788288 4193579.83409
1320244043956187136 205668.435063
1320243944999956480 690945.7886845
1319881772465672192 291707.0617975
1319881692098617345 681351.473625
1319519497582112769 258226.669061
1319519399494074373 1177840.6596255
1318941156642758657 2192755.2254115
1318879947662925824 862757.1488955
1318786593293881345 1113538.8067325
1318578300747276289 665176.30043
1318577738966446080 404667.3809045
1318577376289157120 388226.3144515
1318577001158987776 351510.887076
1318439972572065792 2093599.197949
1318120559058722817 1948288.532452
1318055758903222272 1625228.223982
1317868902869725184 608031.4077315
1317819947326738440 317720.2855385
1317819879555100673 742085.9253065
1317804327495348226 3154313.8774255
1317722445260890112 281403.69805
1317722166297726976 842637.8923735
1317684397865193477 281315.066964
1317684353762119680 1132084.861478
1317337249869045760 291729.219569
1317337208848748551 1495826.838422
1317087796511715329 1876297.9328485
1316681780187938816 2431859.737668
1315624156021489665 1332878.586811
1315174560006692865 367132.1159835
1315174310776954880 402961.232499
1315174186487148544 1405711.1817315
1314940740980539394 1826177.0537155
1314890585560371200 729854.8354385
1314890079890939909 382110.7695175
1314881088137830400 590814.819276
1314794409024606208 451686.1720275
1314785059648331779 592609.5987675
1314575967688421378 406816.68474
1314575730592817152 303871.678351
1314556516905566210 411403.3434405
1314556166307889152 416543.9464285
1314554038218752006 396313.901049
1314553326965465090 225300.220612
1314553260527685632 242649.7556965
1314553154529185792 199021.103613
1314532198133891072 211296.509024
1314532084375977984 211451.6134245
1314531987852410880 392635.71098
1314531248304390144 179433.633607
1314531201160343552 181671.5685285
1314530607641231360 181627.2529855
1314530447221616641 576035.5856855
1314513740075687936 1178239.4995125
1314512881774333954 271521.331961
1314508295143530496 234207.644755
1314508207583232001 276240.9372905
1314508000560734208 181937.4617865
1314507904733442049 202544.1892815
1314507819362648064 186812.1715165
1314507605897666560 163302.775955
1314507271271927808 228490.939708
1314506998730248192 198289.8971535
1314506934947438593 167534.9103115
1314506870682345472 210188.620449
1314498806038368258 371807.40577
1314498424050335745 244843.375075
1314497766773583874 183732.241278
1314497644941590528 172343.146727
1314497587110572032 196561.5909765
1314497490897387520 245286.530505
1314497373972774913 236290.475276
1314497047265861632 220159.617624
1314496494901235713 234717.2734995
1314496274603798528 259157.295464
1314495862999969792 386653.112675
1314493600529481729 220647.088597
1314493271364661250 291175.2752815
1314491713537236992 588178.0444675
1314485881181368321 977401.4586365
1314483294407331842 377745.688532
1314461352472182789 391239.7713755
1314460590606295041 9834726.880275
1314418646555348993 294122.258891
1314415290156015616 2386569.252722
1314125930453819393 272717.851622
1314125863932235781 1463587.2808895
1313441937551060992 1698082.976674
1313380094568620032 1972218.925672
1312996146445389824 502538.25762
1312996055005290497 1309391.349021
1312359749724196866 15658165.9125905
1312263611088285696 1220139.845419
1311963191098789890 302542.212061
1311963123847315464 1781130.304256
1311947149475631104 215595.116695
1311946774068695040 1087414.794134
1311508995358650368 496865.868116
1311508636359888896 3039913.303171
1310877083480940547 1530548.0663625
1310868139148632066 9610667.494867
1310135679637045249 7443615.2843955
1309490773138706432 1246485.4357325
1309479807395086336 6013043.083041
1309408006107357185 4678414.0322815
1309126215656239105 269925.972413
1309126139840004097 1409743.8961445
1309089981164593152 2828993.4762625
1307953786963464192 6295754.0896095
1306931335202652161 1729236.803403
1306555657953243136 8842413.241419
1306163812366598144 767345.7848165
1306163416881598464 5171646.0258715
1305914172807417857 9633800.208313
1305414177826062336 12983080.317167
1304675872687812611 9724624.9136915
1304653466636296202 1728084.599285
1304083870237638658 925419.3266975
1304082325760700416 1118657.251949
1304082127764353024 334139.19422
1304081875841896450 418072.832662
1304081355630764032 740822.932331
1303951184969957376 347588.9615205
1303951057718976512 1495560.945164
1303914051169181697 1055928.6008325
1303913988749627392 334759.611822
1303913360178556929 747004.9505795
1303913136278237184 341429.1010435
1303912814575198209 265294.9981695
1303912775672979456 396136.638877
1303753340090593280 766415.1584135
1303749000500146176 599655.7701045
1303748702469677056 523698.9294025
1303748334989975552 332610.3079865
1303748144178503681 435909.8387195
1303747912820617217 395848.5878475
1303747836740136961 307018.081904
1303747660524916737 1295675.6884625
1303747546276220928 330461.004151
1303747142796767232 444905.8939485
1303747030049669121 393522.02184
1303740296795025408 1017839.391624
1303740130595713024 1655761.633109
1303739978455818240 280096.3895315
1303739839775272960 465135.939328
1303737122315067392 309433.2789975
1303735110882058242 426869.4679475
1303734358876905472 300658.8014835
1303733952515944449 374687.916065
1303733469579673600 348962.7433535
1303732879373922305 1115665.9527965
1303732311020584960 3018929.8935605
1303730062634528774 428110.3031515
1303729827841679360 430702.762417
1303722366946521089 543818.1859245
1303722275821158401 432408.9108225
1303721932550934528 264497.3183955
1303721787260198913 305001.7246975
1303721512415813632 321442.7911505
1303721360087109633 844211.09415
1303698090705133568 866523.9700505
1303697712479522817 482773.525442
1303695366898941953 463828.6308095
1303694826789986304 270369.127843
1303694508488613888 340897.3145275
1303694233237245955 333939.7742765
1303694022825787392 320113.3248605
1303693783511441414 308945.8080245
1303693592259518465 274246.7378555
1303693229770960897 287341.980812
1303692983527636993 4479259.9820395
1303692536037294082 460992.4360575
1303692250430361600 288715.762645
1303691832577073154 306530.610931
1303691584462974976 423302.066736
1303691067863097344 510071.89993
1303686322662457344 342182.4652745
1303685362074566656 360662.0467055
1303685113075568640 349716.1075845
1303684601131352064 242538.966839
1303684375360360450 200948.8297335
1303684196599083010 291286.064139
1303683980126945280 196273.539947
1303681360465338368 619930.131027
1303680649295851520 365913.438551
1303677482239836166 303738.731722
1303677318951444480 263455.903135
1303676902331224066 239436.878829
1303676639658696704 329973.533178
1303675281291370496 429461.927213
1303661924500955136 331546.7349545
1303661500054122497 276772.7238065
1303661243325005825 268042.5618355
1303661099397468160 245840.4747925
1303660780718493697 198666.579269
1303660728360951809 181161.939784
1303660508533334017 221710.661629
1303660404900421632 321398.4756075
1303660320330715136 192373.772163
1303659448649412608 464892.2038415
1303658011081146368 237486.994937
1303657615688228870 212049.873255
1303657327686451200 224258.8053515
1303657200657682434 340365.5280115
1303657071183720448 171235.258152
1303656939591577600 172343.146727
1303656856309567489 178104.167317
1303656677909041153 244511.0085025
1303656467036135425 373801.605205
1303656338866675713 200549.9898465
1303656241818816514 585319.691944
1303656166128459778 234030.382583
1303655847411593222 248100.5674855
1303655728058515456 257606.251459
1303655632260624384 167889.4346555
1303655547858612229 458732.3433645
1303654544442667008 298110.657761
1303654286501453825 299573.07068
1303654173204860929 172077.253469
1303653987535659008 253307.643788
1303653712561188865 300415.065997
1303653577852743680 304890.93584
1303653384512135168 179633.0535505
1303653267520405504 235315.53333
1303653134586187776 242849.17564
1303653012083101696 167269.0170535
1303652923323293696 315282.9306735
1303652653839216640 219051.729049
1303652436200964096 300924.6947415
1303652015508090880 1142875.6961985
1303651781134614529 260043.606324
1303651544064077824 240810.660662
1303651333052878848 207574.003412
1303651085794439168 292770.6348295
1303651028974280704 175932.70571
1303650739852517377 178635.953833
1303650635405881346 225676.9027275
1303650248942694405 405376.4295925
1303649630635212800 270302.6545285
1303649498820833280 183488.5057915
1303649262350209026 262015.6479875
1303649052165197827 235093.955615
1303648907222683651 588022.940067
1303648598731579392 520397.421449
1303648112729182211 213866.810518
1303647878070460416 627485.9311085
1303646622778236928 716648.8036245
1303645995729735685 287762.9784705
1303645663624794113 265095.578226
1303645432900280321 346813.439518
1303645207615791104 319559.380573
1303644878853742593 382886.29152
1303644628176965633 365448.1253495
1303644124508168192 340210.423611
1303643808341475328 474331.4145005
1303643707917312000 266358.5712015
1303640287823015936 1425210.0206515
1303639700159131648 782479.542751
1303639199640293376 412378.2853865
1303638811201564673 329641.1666055
1303638400814075904 554409.6007015
1303638062618951680 473843.9435275
1303637608593911810 2503650.917328
1303636767610818561 490462.2721525
1303636745703940096 289668.5468195
1303636704197095424 281403.69805
1303636655534874624 1404714.082014
1303632712054390785 1753455.2476525
1303632623013523456 858325.5945955
1303632569083113472 255634.2097955
1303632550762442754 258536.877862
1303632520991313920 243270.1732985
1303632482391080961 491614.4762705
1303632463348916229 271366.2275605
1303632415433265155 254880.8455645
1303632377894240257 264253.582909
1303632349892993026 280295.809475
1303632313293496325 209767.6227905
1303632267261087744 295318.778552
1303632218758160385 303273.4185205
1303632174915223552 302941.051948
1303632102047457281 557888.370827
1303619917493673987 2162642.813943
