1509274267757727747 120417.30504
1509259172055064579 160005.717825
1509236517406969864 362516.45999
1509206320536121344 157497.02397
1509176118762479618 550831.666195
1509161019817537554 219541.30614
1509142144052830210 370511.64691
1509130822019948551 847754.960025
1509112252993052673 417422.18241
1509106341893353474 219255.76375
1509089295633723392 574286.933945
1509081795735834627 729071.30521
1509032673095921665 466270.326985
1508919426501861379 863500.583245
1508911880256909312 277873.53724
1508896781651820548 208547.924125
1508881678089007107 1287531.032395
1508874128031420421 277098.49361
1508866580062654468 202408.76274
1508855802081075200 701149.338645
1508851486075219970 154192.8906
1508843930242060288 952508.225385
1508828832903708677 262760.186455
1508821286725697538 521502.383565
1508806187793408009 215564.108565
1508791082104111106 305713.920265
1508783531920486401 1031603.467415
1508760885145346048 790381.33552
1508744798773166082 576775.231915
1508670286903885824 758441.37961
1508549495629381635 786750.86799
1508534390493753351 658419.95957
1508519296078516227 235184.949935
1508511739863654403 458193.556525
1508504196236013570 410038.87204
1508489095554625539 2912185.647955
1508469680461258759 1848193.51516
1508436246476980224 417197.827675
1508413595025084416 479140.13042
1508398496721760257 452523.500495
1508378360866504707 295883.103695
1508163212881149963 927747.620995
1508128100986638340 658868.66904
1508119155483893763 395578.189575
1508088954590953472 1021691.067305
1507990815813087235 1874993.70805
1507824716584792064 1888128.65799
1507783189766422532 436859.460815
1507764320125558794 1117510.935035
1507749227086196742 3017611.97752
1507711467478470662 517321.22714
1507692592372326411 295454.79011
1507643524539305984 1063788.173945
1507598220519636992 822219.312005
1507481199819870210 478038.75263
1507462334565928972 2364596.927475
1507447233716752385 380546.42233
1507428351195193345 357906.98998
1507415768262094848 201062.63433
1507389301625077761 1310456.007135
1507377027749490695 1406867.35553
1507371730377089026 220867.038665
1507349081215152155 529354.79929
1507327923946242049 369879.374475
1507296422764371977 243792.013405
1507292455837786133 818486.86505
1507282389583773710 707594.438305
1507274246262865958 2381280.761405
1507235833434181635 767599.131975
1507130144187723777 459641.66436
1507122587276562434 288866.919255
1507118811715014656 603595.82069
1507115038095470602 377487.03958
1507110477536673807 1315208.24834
1507100373135380482 706595.03994
1507084843590561803 191782.506655
1507069737993326594 374060.5309
1507065963396562945 325314.36575
1507058414006022148 2128575.746255
1507047091322859521 342222.554415
1507035764382572550 430210.402305
1507024449467412485 682017.998515
1506994243767660546 1153917.58976
1506979149214359552 585300.711845
1506953975815233541 369797.790935
1506918752033525762 199267.79645
1506873448819216389 948571.81958
1506722454999248899 303959.874155
1506707352216653840 211178.99329
1506699801374576641 305673.128495
1506692259785306113 606206.49397
1506670577158922252 97614.70561
1506658277714796549 798988.39899
1506644458481274892 436288.376035
1506586556622159874 543529.939365
1506560130107822081 729662.785875
1506356338657480710 301961.077425
1506233988318474240 732130.68796
1505997679620501512 2907045.884935
1505985091121602569 426477.95535
1505922182857121795 210444.74143
1505891984766115844 2026147.611785
1505861778953146370 329719.87691
1505678684308619274 1057852.97141
1505672788920647689 579589.864045
1505663974259449858 2489501.327215
1505655908889772039 222906.627165
1505653244651098113 5442193.20278
1505652371053068295 128106.553685
1505651958832680963 807452.691265
1505651301979406349 126923.592355
1505648148399722500 1117837.269195
1505647327280836609 457928.41002
1505645595700170764 805515.08219
1505643406269235203 601964.14989
1505641158332067846 220846.64278
1505640447330459648 444895.439505
1505638149858500618 408121.65885
1505635942056534030 183053.067875
1505633757159645199 438287.172765
1505633327671386119 199308.58822
1505632668775596039 267084.114075
1505632067803140102 173915.711395
1505631896591556611 196983.45733
1505631260886118404 532536.55735
1505630008991268864 362414.480565
1505629852107481093 163269.059425
1505627596423368704 177484.99127
1505624831836016642 129432.28621
1505624713581760518 376956.74657
1505623423954915328 562926.426
1505621488925356043 1296953.931265
1505620088166227971 474897.78634
1505619456566960130 238081.165605
1505618486910926853 550321.76907
1505612636829978625 8132043.30835
1505610502176714759 325151.19867
1505608862031769603 339673.06879
1505605483394125826 2699742.109795
1505597539432611842 292803.32506
1505595020836974596 693684.444735
1505589987651174404 276527.40883
1505584954540916736 878715.913455
1505568916399177753 707553.646535
1505559790352805891 2146238.582665
1505544692087152648 275058.90511
1505529599391940609 1829143.75857
1505512476829437952 611672.59115
1505491840895631368 471185.73527
1505476743129272320 747223.64286
1505423897969135618 2882407.655855
1505318201793519619 266716.988145
1505303097182142465 991280.80277
1505287999508078593 3319817.805565
1505265350220296192 952324.66242
1505257861651255304 2019172.219115
1505242701754601478 1004721.690985
1505227603380109315 320684.499855
1505204951663927298 1072395.237415
1505197401417474049 812653.64194
1505183385588805640 1807014.223345
1505182301927313408 558296.560105
1505174751970476040 309874.680805
1505169718667214849 1205152.05288
1505157259738943490 232574.276655
1505152962800373766 110035.799575
1505144553707212805 1132175.57635
1505137011832725504 585749.421315
1505126278680166402 127963.78249
1505114356463321092 214156.7925
1505103028801708032 1252062.58838
1505076604967469059 760215.821605
1504940713074573313 579243.134
1504925615413149698 187438.18315
1504910513708449792 4481852.957555
1504895415006609408 911859.22658
1504880317336678401 380362.859365
1504842562779041794 1664487.778965
1504835028060041219 662233.990065
1504827467722366978 246871.79204
1504819887985803265 1422714.958175
1504812365946232859 947735.588295
1504804814806523932 223865.23376
1504797264975441921 1498485.67095
1504792231361736713 313994.649575
1504790129508036677 456296.73922
1504787137950060545 1104314.79744
1504780294573994007 1221040.447295
1504777467801870337 5951967.95247
1504772098631241729 283278.446765
1504760774228516870 405164.255525
1504755740598325265 196555.143745
1504748190804987911 454155.171295
1504740641628114945 2012400.785295
1504699117804482561 698293.914745
1504578323875340302 2490235.579075
1504563225894928409 239100.959855
1504540573503418381 358110.94883
1504533025224224788 1029686.254225
1504517930846855168 342569.28446
1504502831629291550 318461.34839
1504487734974590980 1267379.898015
1504472639548661760 789871.438395
1504457525936205836 436737.085505
1504442434327138309 1417738.362235
1504428640204959744 333656.282715
1504412227583057928 604595.219055
1504397142152159232 413424.58895
1504382033023406085 802884.013025
1504336736540889090 1009861.454005
1504215942317981710 699803.210235
1504214423753306115 3016490.203845
1504210145563226113 1697161.986735
1504209642515169284 831764.586185
1504205867322728449 1971874.1618
1504185735091478528 1121263.777875
1504179443438338056 442386.74565
1504170632833028105 102142.59208
1504155540745711617 224783.048585
1504140449166016519 593765.00412
1504125365056327681 5230320.7494
1504110244997177347 383544.617425
1504087587912237065 1208925.291605
1504072488388493315 1060055.72699
1504054982034833408 464332.71791
1504029257474977795 5167113.901785
1504026062795292675 1129544.507185
1504018275495256064 406877.509865
1504010531304259586 319460.746755
1503838452751769610 855586.979865
1503808249266638853 676817.04784
1503745672289427458 2569432.80053
1503702558870712321 1023975.406425
1503672636206948355 1680498.54869
1503655527846400003 1154427.486885
1503642163841835009 1146289.52877
1503611955164106752 577325.92081
1503513807183880193 715671.208765
1503510032247234571 523929.49388
1503507516076011524 1272070.951565
1503506259441500162 196188.017815
1503503957120983050 1444885.28517
1503502458332536833 161229.470925
1503501221017104392 191333.797185
1503499836934561803 963460.81563
1503498836253290504 680549.494795
1503498208521117700 259048.135385
1503497056903647235 1279535.845475
1503496191287435265 432678.30439
1503494696198410247 4733680.94965
1503493835401449476 1661591.563295
1503493233128747008 455358.52851
1503492368909144073 849162.27609
1503491600013574145 923260.526295
1503490327667224578 3915336.855795
1503489653730689026 2386604.08739
1503487292324954114 903048.20426
1503486318235561991 552483.73288
1503486204158922758 735455.217215
1503485845495500813 138692.018
1503484926343237636 462048.37879
1503484727428321287 263637.20951
1503483523805716489 120070.574995
1503481303454388225 4189437.15431
1503480957231378442 146993.143195
1503479780821372935 761378.38705
1503477026916900869 132552.856615
1503474800043253765 591072.7473
1503473542075019267 278403.83025
1503472910954078213 334655.68108
1503464660313550855 753342.40836
1503461069272068101 150419.651875
1503459027451367429 129024.36851
1503458689491034119 206732.69036
1503458339677782024 124210.93965
1503458022647025667 167042.29815
1503456605513437187 132512.064845
1503456300411334656 466555.869375
1503455272660000782 372775.590145
1503454440392732679 237938.39441
1503453385206517760 247136.938545
1503451747200688129 143403.467435
1503450555804487683 105752.663725
1503444601146814467 192047.65316
1503440826566860801 160046.509595
1503438310764515331 184032.070355
1503434535605657600 232574.276655
1503431217366159360 1249431.519215
1503430139899748352 207344.56691
1503423213254193152 1537584.582495
1503415661569232903 330107.398725
1503393013426393088 910696.661135
1503377911625093128 282890.92495
1503362815226265602 1457122.81617
1503351547161464843 247708.023325
1503343938857484290 245648.03894
1503337753488019460 623808.142725
1503318772123201538 399351.4283
1503313738967007232 261923.95517
1503309974641946627 272019.918245
1503280929875320832 795215.160265
1503128770831548416 1212005.07024
1503113672125829130 190334.39882
1503083479663366144 1795205.00593
1503053274693480460 314994.04794
1503038182031470594 595478.25846
1502999963319640068 803373.514265
1502992882952654853 1047736.61245
1502981550073212936 230493.896385
1502971776078385154 143709.40571
1502963007864848386 216339.152195
1502960159110348802 1061442.64717
1502952201349705730 166063.29567
1502887179227443203 1044840.39678
1502751288374677504 1080166.0696
1502736189198987264 1011880.64662
1502721089016717314 626704.358395
1502713535888969731 386073.707165
1502705989497335809 1615415.279655
1502698535065636874 288010.292085
1502690892523597825 701985.56993
1502660690342907908 1842829.397405
1502645593918754818 1108924.26745
1502619198522109957 635760.131335
1502600456534646785 762683.72369
1502585197006532611 834721.98951
1502563797315301377 1623777.592505
1502524793224052736 1189773.55559
1502403994269876225 1134092.78954
1502388902446968833 423255.40552
1502373795918712836 1305622.18239
1502358696181080074 251685.2209
1502343604898988033 2010442.780335
1502328503101911041 758706.526115
1502313479759400963 489480.844115
1502298298337665032 3201378.90137
1502283308717195272 1138906.2184
1502275650215809027 775533.13124
1502264324387000323 2411385.087665
1502248655230840832 735863.134915
1502240189867077634 1589369.73451
1502222811170889730 3177087.402335
1502215329220550659 1302868.737915
1502064257957081113 1574501.134345
1502056708503482395 2040098.397125
1502026506914213894 6468595.71952
1502011413249855491 1718904.000145
1501996308512448512 1658715.74351
1501981210314084352 1030338.922545
1501966075780554765 6531027.523505
1501958559294271488 2189437.067095
1501951015880249347 1260118.962955
1501939685119119361 1327486.57111
1501924586434273286 2651057.1323
1501916241107337218 664763.079805
1501897042645463045 2931092.63335
1501888717794988033 537370.382095
1501875512523649024 636943.092665
1501866237495848963 1602994.18569
1501860444318937088 5998572.549695
1501849088500895744 4260761.564155
1501845317670559751 2417605.83259
1501830219119742976 1396139.12002
1501815114093117444 493967.938815
1501800018671374336 7006435.20697
1501754726760726529 4924504.84971
1501709425005907968 2412119.339525
1501704189826768896 1412863.74572
1501703126323245061 2731743.25336
1501701868170489873 3341070.317735
1501700609661018113 3128443.21661
1501699351239925764 5427936.479165
1501698093376364544 1835854.004735
1501697205719162885 1177801.171095
1501696199434416128 3308681.652355
1501695691411927048 5442009.639815
1501694462254358536 1836894.19487
1501693722576183297 803067.57599
1501693045544259592 5283452.029825
1501692086386630661 5064420.62081
1501691395513454595 2371694.695455
1501690492454641664 2753811.60093
1501689717926019074 5372622.839045
1501689061978906625 4356336.681265
1501688486952419330 6573532.547845
1501687563362488322 4077769.683935
1501686769627975683 2771698.792075
1501685918226395142 3753617.88363
1501685254947491842 9536279.594715
1501684100431859719 5524918.91234
1501683394727587850 8762847.23963
1501682813065736202 16559439.427385
1501682152118923274 5931612.85924
1501681724069232640 2239590.54831
1501681374507544583 3099358.6846
1501680926253793285 3971935.43667
1501680519096029196 14346751.05139
1501679954085433351 27878870.059995
1501679511167029250 2985468.06276
1501679150805000192 2808778.511005
1501678861507080192 16939231.20197
1501678487874281472 10279750.394735
1501678157530861569 6306387.246115
1501677836297543681 8625317.787075
1501677515164856329 26193374.51948
1501677475503431680 5948113.130205
1501675945379471360 5088691.72396
1501674000996577286 9039089.10607
1501673448162136064 2297759.61233
1501672975724068874 1236133.402195
1501671812358361096 1523429.838305
1501671002815840260 2220377.62464
1501670534081396738 259986.346095
1501669294391934976 1135581.689145
1501668385691734023 285889.120045
1501665133755518976 227720.056025
1501661991110389765 974760.13592
1501661185959243777 548812.47358
1501659199008350217 1354551.910505
1501651079754354694 506756.15871
1501649468541833216 4935151.50168
1501649305949683715 189722.52227
1501647761283948545 300757.72021
1501647006594445314 950754.179275
1501646503345020933 675083.397615
1501645953442496521 250583.84311
1501644741473030144 244424.28584
1501643986867470340 438776.674005
1501643502706438149 431169.0089
1501641721947512832 206243.18912
1501640566118961162 3098542.8492
1501637695994572802 695479.282615
1501636185071898626 3984723.656565
1501634834631995393 453196.5647
1501633820801617926 1234726.08613
1501630260042997761 4259293.060435
1501626373659582467 356968.77927
1501622595569041411 355092.35785
1501619357838987279 3081614.26465
1501618829096534027 1566975.05278
1501615046564237313 623012.70321
1501611274056044546 1747193.09264
1501608794975002631 1057200.30309
1501603728515743748 6570962.666335
1501599946931425281 207854.464035
1501595833652895747 479017.75511
1501588631277883395 209057.82125
1501581091756466182 3290264.1682
1501569747703545858 276160.2829
1501563456457256964 1073904.532905
1501558429072039936 1041923.785225
1501547098163990532 257069.73454
1501535774851964929 707206.91649
1501529482477203462 2314035.52856
1501524449111142406 526825.70955
1501513126327590913 494069.91824
1501498025658572802 418543.956085
1501482828495794181 2616975.608465
1501469818473619457 301247.22145
1501437626833854466 4087274.166345
1501316834049413127 1404379.05756
1501309283778052105 642572.356925
1501301731182845961 631415.80783
1501297956770787331 393599.78873
1501294182656364548 475550.45466
1501286637870874624 2675980.90377
1501279085066133511 261210.099195
1501271532219162624 339632.27702
1501256441809670146 251501.657935
1501248884139454467 616914.333595
1501241343796031495 301308.409105
1501226242531594240 775716.694205
1501218830592483335 120804.826855
1501211143284662284 1241089.60225
1501209876340645889 137814.994945
1501203584523898884 1517066.322185
1501195039225040896 1275783.002635
1501188488695218176 1131910.429845
1501179677032861698 175975.69578
1501176220347768834 325008.427475
1501166421677690881 119519.8861
1501158312292802564 890627.110295
1501149305461264384 423316.593175
1501142519601672194 137060.3472
1501124563890892802 1275171.126085
1501082789688446978 727725.1768
1500954450478841858 1408437.838675
1500939351013871619 754362.20261
1500924249959284753 4389296.431425
1500897819821027329 820036.95231
1500890270287601666 310731.307975
1500882721215819790 219582.09791
1500875170738622468 370878.77284
1500871398771724289 230371.521075
1500863847367790594 825013.54825
1500856297943621640 292456.595015
1500848746460061698 253398.47524
1500833653693112320 1410028.717705
1500818549065105409 688544.681715
1500811323604717570 1889128.056355
1500803452439392266 331514.71479
1500788621560975360 562742.863035
1500773249864589313 1141884.01761
1500760617963171840 1158955.373355
1500720401164353536 328740.87443
1500606902358745090 427966.854955
1500592060033748992 1958188.522965
1500576959515955203 342120.57499
1500572723675811840 627030.692555
1500543055711064067 306876.48571
1500539220061999110 1706115.78025
1500524107879747585 257028.94277
1500512782860627970 371511.045275
1500501461070872580 1886333.82011
1500493910581420037 1808625.49826
1500482584014323712 353256.7282
1500471262702936066 1834303.917475
1500458700133257219 532291.80673
1500458307450032129 563028.405425
1500457648604524546 306162.629735
1500457303295856645 303449.97703
1500456794476490755 509550.394955
1500444406448541697 256580.2333
1500431078896644096 2756116.335935
1500417663713091586 732742.56451
1500395768716283909 653055.841815
1500380666873143304 442978.226315
1500248775830421510 1533607.38492
1500246935025893380 456725.052805
1500246034995421190 343017.99393
1500244382431252488 766212.211795
1500243056934756358 317706.700645
1500242654793285635 503370.4418
1500242374949232645 1148390.304925
1500241917413625860 301206.42968
1500241223684141062 667088.210695
1500240870590881796 149563.024705
1500240194573942788 241650.44548
1500239860464066573 169816.13851
1500237787412455431 907963.612545
1500237394183868418 407754.53292
1500236932940447753 273835.15201
1500235605120372736 516607.371165
1500235290304204803 2050500.298475
1500234318492446720 476162.33121
1500233744883535872 926931.785595
1500232759264096258 5770934.07721
1500231246714216455 1042454.078235
1500229886274940940 658909.46081
1500228489773043718 1878644.571465
1500228119944474625 1240906.039285
1500226364917563395 756442.58288
1500225757502705676 132593.648385
1500225367361134604 135122.738125
1500224514508087296 369736.60328
1500223750897340419 135755.01056
1500223568617132037 365045.54973
1500223324030476291 201531.739685
1500215784269926400 142628.423805
1500215154105069572 279688.771005
1500212015922622466 3661775.213475
1500211765409370113 434473.14227
1500211555698417666 540327.78542
1500211134871318528 547384.76163
1500210275680727042 531618.742525
1500202555527376898 232798.63139
1500202374874415108 91577.52365
1500201852499021828 1168949.357005
1500200137980846096 130268.517495
1500198654619136001 515281.63864
1500198374464802820 86886.4701
1500195104203714566 168449.614215
1500192952441839619 144219.302835
1500191273784913925 129146.74382
1500189572210245633 90537.333515
1500186668032266240 202408.76274
1500185581510438912 249543.652975
1500181852140843020 157741.77459
1500176819999453196 130859.99816
1500170251593523206 1080839.133805
1500161719720681472 917162.15668
1500154175187042304 342834.430965
1500128408965103616 210322.36612
1500123982334337030 471389.69412
1500101323240394758 516484.995855
1500071123098091520 243363.69982
1500048478172418048 169693.7632
1500025823876698113 443732.87406
1499867279747649539 574592.87222
1499852182945943559 113441.91237
1499837081866092547 281871.1307
1499806888019611653 336940.0202
1499791789363892224 300798.51198
1499776696253399042 207038.628635
1499761598906486784 213993.62542
1499746491237285890 1132236.764005
1499742876183502859 680141.577095
1499731384881008644 598782.39183
1499724056224047117 141588.23367
1499720265856696325 81297.99761
1499716294072885250 326905.24478
1499705455005872131 406673.551015
1499692698642653186 97308.767335
1499625693382000641 422725.11251
1499504898529976322 491071.723145
1499474692440133632 253214.912275
1499444503815598089 651934.06814
1499429395332665344 356764.82042
1499399202425692160 569636.672165
1499369005252943877 1316839.91914
1499353901270634496 494579.815365
1499338226213036034 398923.114715
1499308608743518210 247993.565715
1499263300864937986 390112.092395
1499142505744388098 494946.941295
1499127406338052098 138202.51676
1499112307963490306 344343.726455
1499097208234389509 1190650.578645
1499082113391292416 268532.22191
1499067015880970241 230983.397625
1499051912456376323 211668.49453
1499031000831168517 130329.70515
1499006608935829504 709389.276185
1498991518857588736 930929.379055
1498980762825207812 334370.13869
1498953390180732929 138814.39331
1498900914224001028 716792.98244
1498780125135048716 1942973.192755
1498765025221259266 951039.721665
1498734827343728640 295556.769535
1498712169785012227 369940.56213
1498689527485014018 391172.678415
1498674423385116672 765987.85706
1498644221351194625 241364.90309
1498622190203420680 557603.100015
1498613290649411588 590318.099555
1498585897817849861 669698.883975
1498418412611158024 300982.074945
1498379979511320577 397536.194535
1498327153582264320 1186816.152265
1498281836237275137 2135551.138925
1498261797148758018 340611.2795
1498259184382447619 742471.401655
1498216401164595200 999928.65801
1498025143309717505 1927553.903695
1498010044176031748 4078503.935795
1497994943310163970 495456.83842
1497979842574303247 678040.80094
1497964752290598913 875024.25827
1497949914021695492 175057.880955
1497919452339314689 779734.68355
1497900578495770629 534147.832265
1497889251941240833 462027.982905
1497859049651466241 596661.21979
1497843948772986883 797744.250005
1497708051486232576 232186.75484
1497700501747499010 691787.62743
1497692953200021504 256702.60861
1497685402899009538 274589.799755
1497677859023847424 1202357.816635
1497675336045236229 374978.345725
1497672819521437696 557990.62183
1497670304025350145 214809.46082
1497667786323247105 813632.64442
1497665269577117699 425335.78579
1497663974162284546 141649.421325
1497661106055258118 1662488.982235
1497659762372222981 556991.223465
1497658266385588225 403532.584725
1497656272505688065 2058699.444245
1497654912888582153 1310068.48532
1497652340182159366 131084.352895
1497651172156620809 580446.491215
1497650198734163969 151582.21732
1497645460802134023 145177.90943
1497641557792628738 112911.61936
1497640104088596485 162983.517035
1497638845780742144 295067.268295
1497637300922200076 270184.288595
1497630988209475591 486910.962605
1497628618553544709 233838.821525
1497625792502800384 114951.20786
1497622649526231041 104549.30651
1497622370462351364 289172.85753
1497621563201495045 125659.047485
1497619405932535808 247565.25213
1497618744918659075 134939.17516
1497617446974496772 97247.57968
1497614947609726976 85438.362265
1497613872739590148 129942.183335
1497606130096291843 117663.860565
1497602359320453122 401309.43326
1497598580386930689 191415.380725
1497594938896392197 148991.939925
1497591743130349568 1044126.540805
1497586156216664071 187417.787265
1497577783869988867 374692.803335
1497572164379328518 340080.98649
1497560831504142340 682201.56148
1497526859310895104 218827.450165
1497511763889295365 138753.205655
1497497917535375360 636066.06961
1497484075703095302 440183.99007
1497330571550281731 258375.07118
1497300371852730375 222743.460085
1497285274161852418 677775.654435
1497255069397307395 1693490.727435
1497229965787553795 226353.53173
1497208070157516822 673247.767965
1497194674066378760 346464.898495
1497184472118222851 142138.922565
1497180443661246467 88273.39028
1497179041778044932 570534.091105
1497174644423598084 906597.08825
1497166929974472752 605390.65857
1497154590566985741 115379.521445
1497088978285072387 422092.840075
1496968181616939012 1010983.22768
1496945527044325376 287724.749695
1496920771880525824 811919.39008
1496907789431672833 283910.7192
1496877589314478082 226251.552305
1496847381635158021 535779.503065
1496832286523756545 455440.11205
1496809634673401860 512018.29704
1496794918794440706 365637.030395
1496779433176231937 157986.52521
1496764333820301312 273855.547895
1496726585172398082 535106.43886
1496605788462219265 704840.99383
1496575600261218328 625133.87525
1496560494022316032 344466.101765
1496545397388546050 896317.56221
1496515201033723910 292905.304485
1496500098498539527 572124.970135
1496484996940537863 233349.320285
1496469901317271565 324559.718005
1496456440608788481 526784.91778
1496440005547507719 661826.072365
1496409499996807169 1545763.33238
1496364198728589313 303633.539995
1496228306345209859 511080.08633
1496198111777026049 387623.794425
1496190552643039235 225864.03049
1496183010080837639 550056.622565
1496167907205730307 1039965.780265
1496152813293891585 364841.59088
1496147110659596293 275650.385775
1496128595869196291 212239.57931
1496107516714881024 437267.378515
1496079459572756483 483953.55928
1496048366035234818 459560.08082
1496001813157449731 796030.995665
1496001810410180608 630987.494245
1495850814744653824 320562.124545
1495820624400240643 281238.858265
1495790419103289349 710490.653975
1495745128681467905 501861.14631
1495730125966651402 1802119.210945
1495714918745657348 310955.66271
1495699824687075328 1481659.065825
1495684252079378432 1617679.22289
1495639422108241921 1175924.749675
1495450219818979334 157354.252775
1495412936453541893 2675572.98607
1495390279448219654 838597.20766
1495367640130277378 820546.849435
1495350821260828673 81685.519425
1495322340091052035 717241.69191
1495277033869307911 1828531.88202
1495186440547799040 401064.68264
1495178886761508865 145850.973635
1495176369612935168 259965.95021
1495173853194047489 143994.9481
1495171339082031106 356948.383385
1495168820129976322 383136.699725
1495166303254028296 953099.70605
1495163530617708547 427987.25084
1495161641733873664 887792.08228
1495159581886103554 240385.90061
1495158136398917640 647243.01459
1495156332240019461 1514720.79541
1495154843610136584 1851252.89791
1495153769046327301 2558419.02263
1495153429773180938 442957.83043
1495153133273632774 221234.164595
1495152128901451776 100041.815925
1495151744506109959 123945.793145
1495151223288340480 123415.500135
1495150484558069766 659623.316785
1495149445847130114 679774.451165
1495146202870034433 479527.652235
1495141687508799496 110056.19546
1495139879243726860 304245.416545
1495138620948180992 591337.893805
1495137897636323328 248136.33691
1495130285125648393 165431.023235
1495128025238847493 368084.536595
1495126520003768327 125251.129785
1495125367979401219 120396.909155
1495124606713278476 214319.95958
1495123559307489289 154519.22476
1495122276953608198 569942.61044
1495121795162198023 120621.26389
1495121394862018566 235694.84706
1495120800533434379 120866.01451
1495119788359700483 170101.6809
1495117404866818048 114991.99963
1495116409420009479 95595.512995
1495115086825988098 84031.0462
1495114080763457540 123782.626065
1495109680259112965 159964.926055
1495108340623495170 253133.328735
1495103389985763328 208935.44594
1495099637526679554 128657.24258
1495096599806193665 1134031.601885
1495095846660198403 412506.774125
1495090657471442952 110423.32139
1495080747685724166 982184.23806
1495050542157946880 756626.145845
1495034609788235783 301757.118575
1495020352296169474 547813.075215
1494990146701246469 324111.008535
1494975053829746689 162616.391105
1494946208497995779 656237.599875
1494793856151293955 397107.88095
1494763654117482497 498026.71993
1494748602589143053 157476.628085
1494733454180712457 118785.63424
