1493783548276314115 10847500.936983
1476682851324239873 10251118.774647
1473447665757310980 6858966.552219
1470547831434153984 12177641.2524615
1470447446778163205 3089330.4898845
1470447442558689289 6033910.247883
1470446796547801089 3182915.382498
1470446792588337155 7092042.6714525
1470445997990031360 7802361.72504
1470445993229537283 29162641.8236535
1467954498085789696 14755084.675479
1467939930525548553 9873063.2493855
1467938615225368588 5445188.669304
1467177867377315840 9074361.639915
1466809493774376976 5092916.153553
1466475942730215427 4427188.5576555
1466475610772058112 7590838.14369
1466240586487406596 14139379.548144
1465396378704793602 9222828.3266085
1463661337851142148 3839781.855393
1463660757514690571 18664040.458827
1463598556628111362 3186631.3373055
1463597243286671369 6918536.16621
1462993071772217349 8193108.6651825
1462992771510382595 17460414.11241
1462893733138079746 9849681.318366
1462893729241571329 9704587.575267
1462893724938215440 30348202.9128525
1462844931597381634 10632318.569361
1462482353423630338 5297808.184785
1462482348822478849 5419634.3339355
1462482344992980997 13841474.3096535
1462220624789749764 4883622.1450875
1461819216005320705 1956650.296023
1461819211542671369 3941656.185654
1461815811597811718 3718698.897204
1461516142552485894 3668676.4286415
1461479853144911872 2288513.6446005
1461479847386042376 5065875.4362615
1461477105124978692 3247572.9961485
1461477100595122178 6509323.789101
1461393548872458250 4676043.192687
1461373044677558286 5026657.8209085
1461086854799925256 4260370.7710665
1461086847988375558 8900683.629066
1461084201843888135 2954298.4090335
1461084196638760968 6618744.366048
1461081071731290117 13715303.351805
1461020360086859781 3024730.0447695
1461016283412156418 4026780.1350135
1460260051818631174 4409008.9633665
1460260045195784195 27298375.8809985
1458453097655775239 12527627.0267925
1458149951356166154 7006575.71088
1458135688852000775 3400956.176895
1457883765104160769 5117441.4552825
1457883224336703488 7738390.1338155
1457860032033443844 2468480.1943545
1457860028195606528 6833469.385386
1456690465890312200 3523754.191149
1456690462253801475 9580131.6734835
1456285939853139969 4597950.973194
1456285936195620864 10974243.5801865
1455928403870339074 5077652.1545745
1455928400103759885 14318259.8957235
1455343622510030850 3938854.9274145
1453936017149288459 6745086.829503
1447701395751198722 11685362.993271
1446927989531451392 11310851.9172105
1446522500599488541 7515318.5082945
1446334763866935353 11490246.7816095
1446329925867294730 11518888.217895
1445911478385532930 11382141.080979
1445833702437621763 22511368.560906
1443976334636720139 10133237.254446
1441555559413686273 4521059.2929465
1440759553629376512 17268499.3387365
1440111530914234369 4780032.7587615
1438197219547664385 4778660.7139095
1437201503450763268 12762818.3818395
1435322726068199429 19503731.908251
1433587226995314693 4969031.9371245
1433239452277673984 9003758.4985725
1428465200450134017 3628143.936972
1428465189029040132 6570379.785015
1427314445123047424 13877033.1387345
1425935875234533381 28178771.3276985
1424814881383976980 7551677.6968725
1423373695922446336 7736732.246286
1420184531001397250 9366035.508036
1414693311449747475 6626747.961018
1413349942114979841 16871749.7023665
1412187648303665154 15065738.497386
1410711049079193600 4638197.622186
1410036002429685760 5161918.5759015
1409314567050563590 11443139.9083575
1403801365365862403 6687289.4401125
1403111962079289348 7483932.982305
1402023976675778561 6462388.4214555
1401751615342796803 16377241.8702915
1401579160494039042 7308825.7580685
1396927212461375489 11689479.127827
1391853886512717828 11016262.453779
1390384015358705664 19857948.154209
1389662980703412233 7813052.2411785
1389293394728570880 5156258.890887
1385398169001943046 6173401.474503
1384915208179695626 7838892.4192245
1382102862302437379 12840967.769868
1382094418212225039 5681980.743345
1382033116789870596 21134978.900208
1380631973534826496 8962768.658619
1380541328635924480 7400295.4148685
1380116059768819712 16004560.187367
1380115867615170560 19297067.6524185
1378837063894700040 18804732.2246925
1377748123641085952 11625907.716351
1377661979402366979 11506997.162511
1377285005018243074 27205534.1793465
1377050804935397378 4699653.7978485
1377027097407987715 3632145.734457
1376205105641361413 75261347.952111
1376205044240949255 15636966.504102
1375503582800314373 7434539.367633
1375297073730347012 24551542.0872945
1375183814511710213 9397249.528419
1374758365469966342 6795052.12953
1374077803876990978 6551857.179513
1373684543757152262 16873407.589896
1373354707591249921 8267999.4466875
1373288056170688517 11702685.0595275
1373029571294035974 13010015.1293415
1372942182299095040 19062848.162475
1372763448271007757 16097744.900232
1372760718500458496 37184073.3767295
1372753539605225482 6583185.536967
1372745882911801344 16754325.5304495
1372669164771536905 13447983.279807
1372624082215317510 6205930.3712025
1372578828149735426 10424739.6169605
1372557518040309766 20637555.4728225
1372436985097322500 16805662.8753285
1372272551850807298 20492518.898259
1372229936354881539 9429092.4026925
1372228686745853960 17681370.5021175
1371924199493799940 19256363.6551425
1371879909098975234 13290998.481324
1371572185391849472 15286866.3927
1371522727329333249 8250677.380431
1371490302545031169 10350649.1949525
1371142656047321094 10845328.532634
1370812216589553666 7932362.974767
1370801830121369601 10879515.316863
1370457520259600386 12401055.8891955
1370045527723802631 29811218.858901
1370012530458906631 9948468.54771
1369849623553191950 17901640.869399
1369694729189855234 6467705.095257
1369371428047499264 7432538.4688905
1368971023606050816 9372667.058154
1368603979031212033 11758996.066995
1368217856429731840 10380148.1592705
1367942147014549504 25790441.420115
1367906492536487936 14844610.602072
1367703427988520961 16492436.469324
1367702908612001792 14908982.373045
1367696437019086848 6525216.64197
1367579714739703817 12106009.07748
1367520455691821059 15754905.1928385
1367294001846640642 35961066.896778
1367246273804263426 19813013.685306
1366433577961930754 21389836.231467
1365691078209339394 10584354.1680765
1365346210714963968 9808062.624522
1365346209301471238 9590479.178409
1365346208173199364 6723019.7748
1365346207300808709 7379714.7420885
1365346204666785792 45040745.2104945
1365054459861213186 68490020.7648135
1363984844628365312 10255749.4260225
1361360509786853378 6351881.642334
1361129400385867784 10195207.946928
1360992573762977793 11809647.389448
1360991027688013824 31852421.4189285
1359999383463317505 35344161.2301975
1359931692824334342 135728965.298745
1359896212871249928 16928632.395189
1359547561196027907 19011910.9973445
1354837424124387329 20821466.651526
1354139667181006849 33848746.6785885
1352777947980173313 20401106.4099945
1351608706337808387 6556773.673566
1346911850588372992 16419832.429239
1346895074328780801 8673896.0487375
1346143842886709248 6954895.354788
1345793919733420032 10402901.2363995
1345793787008671744 4949423.129448
1345440325863677970 18409468.9702455
1345037663775154178 17841270.895911
1344890442576490496 19303699.2025365
1344866487211880448 16287544.438092
1344855664116576257 15046872.880671
1344829234867560448 5889502.52721
1344825720695103493 9170233.2739485
1344735138798841857 9930917.8073115
1344704891688779777 6567006.8414205
1344689892106915841 11520488.936889
1344326323867672582 15883134.217965
1343405026652397568 15476837.4361665
1342925115277897729 16890100.802262
1342526501573562368 56057693.6866995
1342201996397391879 7557566.056029
1341123456180641792 5595541.917669
1340543163358801920 11374308.9916155
1340108674040291337 4979722.453263
1339730940688560128 6780188.3103
1338960816977158148 11677016.387088
1336332226070335489 6417053.772804
1335992544707145735 8400058.7636925
1334904494371516419 17968127.8761855
1334246535480172546 27839247.395364
1331997303083851778 42244117.62237
1331363661793865737 14262749.247753
1330976288992096259 9915825.3139395
1330728778998411264 14694543.1963845
1330603535734628359 6759550.4689845
1330603379178004495 15267657.764772
1330212845745811458 10479621.4110405
1329865249596510209 6390584.7408675
1329653985201020929 15799096.47078
1329652007356026880 16763358.1590585
1329650244833980416 6132754.6457625
1329647919037882368 6003153.575784
1329635591932301312 19514479.592925
1329590411346710528 13091823.303642
1329515582451027969 6804827.9491005
1329153707125202945 7131317.455341
1329122252667973640 18024724.7263305
1328775440392200192 9818867.4777315
1328765531235753987 29831056.3407195
1328759847148531719 42844901.7619395
1328424217176584192 29039500.7981865
1328061499856842752 10691030.6553195
1327634835259723777 21380860.7713935
1327361506011385856 54094697.683236
1326973580953997315 9580131.6734835
1326587038070616064 5667288.4297215
1326583047450468352 7037446.72005
1325925511550414851 18201947.1863805
1324582754059780097 11803873.3673625
1324580068253978625 16039432.994022
1324397636154232834 10368714.4521705
1324137601369071623 9731685.461094
1322208195851550720 12999610.4558805
1321905637685604358 13810831.9746255
1321149846175256581 14674419.8718885
1320818958979764227 11147006.8944675
1319716824683073541 9841734.8919315
1319323267514142721 37258335.304344
1318704749999542272 8301214.365813
1317836660445425670 9586991.8977435
1317836623804047360 6024877.619274
1317601809020702729 11829084.691518
1317494637267947521 5741836.2000135
1317494524285956097 4341149.911728
1317216704519340033 5849713.226502
1317189067134672899 17787418.13547
1316954568601837570 11901688.731603
1316954343812354048 26587713.816198
1316952076547653635 6301287.4884165
1316948485900521474 6273103.400415
1316937010846879744 21509318.470662
1316833838409056257 5263678.5690915
1316781253962731522 9729970.405029
1316447244896350209 11408038.4275605
1316001766861832192 7725184.202115
1315715152109547522 17177487.0302205
1314731075084578817 13699467.6674715
1314730789670543361 5615550.905094
1314654785757470736 16746607.778157
1313841625160966146 17778728.518074
1312090212835700736 16872435.7247925
1312045005825953793 37406230.3056825
1310656940100337664 6865026.416982
1310656831237185536 19921462.3971495
1310656709694615552 30728087.83125
1310584526112829442 7799446.1297295
1309206081302925313 19133279.798211
1308882896556621824 5402998.290105
1308871110734368768 8106612.670971
1308772801680203790 8912346.010308
1308437238330650624 7588951.5820185
1308100567588155392 7844266.2615615
1308078126723993601 16930576.125396
1308015830592942081 12691929.3978195
1308015582550175744 4967374.049595
1308015433753096195 4715889.6619305
1308012513502490626 9904220.101233
1308004283510476800 5677064.249292
1308004131655659520 6319752.925383
1307785883521675265 6576039.4700295
1307719364372824064 10603162.616256
1307426479253331968 13693693.645386
1307341542370222084 8901884.1683115
1307318821875662848 9004844.700747
1307136390078107648 19603605.3397695
1307136212407328769 6681286.743885
1307135966751199232 4310793.4193775
1307045900934672387 7566827.35878
1306953227271716865 8890793.4724245
1306832919378362368 11929358.302785
1306808570990731265 16114609.6182045
1306806620870017025 25078407.3104625
1306806151212863488 9060869.865537
1306802465313099778 5424207.8167755
1306801233685106689 5162433.092721
1306799094531121152 12445590.17835
1306795946420965382 10214245.0692495
1306775171500511232 12515850.3084795
1306759861804453889 7594668.4355685
1306715300071698434 6563576.7292905
1306664542047404032 6265328.479587
1306624788711038976 17330298.525612
1306328314643189765 11892084.417639
1306264153171136517 17527815.8157645
1305899259364093954 20500179.482016
1305582712997261312 36629824.425057
1305512607902621698 12184672.982328
1305148211296788480 21606733.655154
1304762873969668097 25704802.953936
1304761020104077314 10419651.617301
1304528295120248833 15353239.0624155
1304434251119558656 47542154.481297
1296182133292068864 6658876.677969
1292170649536999424 10102823.59356
1291374562349899778 10108368.9415035
1288982679405305856 19361439.4233915
1286374074655158272 24466475.3064705
1286357266157969417 8665778.1166965
1279087591543828481 12125846.5592985
1276959832445050880 6545740.1462145
1276938102708285441 8148059.8592085
1276524677544869888 5660256.699855
1276524167802712066 45643358.7432
1275221202005561345 10793819.6821485
1274869663151747072 47966116.340565
1274869013688905728 21383890.703775
1274868915466690560 20216394.871794
1274866135037444096 20290599.630873
1274863284844261376 22835228.3145135
1274862955327131648 22828253.7531825
1274862458335686657 16886270.5103835
1274862193251508224 16464080.875716
1274861923251523585 16531539.747606
1274861610872434693 19367156.2769415
1274861312502194176 25120826.3638035
1274861136823726080 23447732.0038605
1274860768157003777 24529417.864056
1274859606733291520 29090380.7947815
1274858566063550465 34297005.165444
1273648783541272578 7037046.5403015
1272926372223053824 17519697.8837235
1272603552288960514 59911424.6647545
1272603427512520704 4872588.617736
1271161114760327168 5452792.0845255
1271157644594536448 27585419.097744
1271044790038097920 11151980.557056
1271042877406109696 7714550.854512
1270564176012828672 6214677.157134
1269416249286516736 38172288.6813825
1267854901658320898 12058387.6874085
1267854874043015171 65269774.328634
1267854862009565186 19631675.0907
1266575772879220736 8329684.296492
1266547607150620672 4542383.156688
1264400014463217669 48647679.620796
1263875999802015751 6727993.4373885
1262934428302671880 7005546.677241
1262562814243115008 7110222.2657415
1261346985954512896 5478346.419894
1261346733402939392 4058279.998074
1261070798103560192 7574545.1110725
1260981847019778048 6542252.865549
1260974596594884608 7100046.2664225
1260964091868246016 7032415.888926
1260785276965789696 8479523.0280375
1260753264183619584 14436370.0900665
1260733410756026368 3825889.9012665
1260620883585982464 6848390.3731515
1260433102708649984 4288554.859068
1260431896158318594 5013794.900421
1260330612428345344 10228994.5514085
1260222918815956992 30827561.08302
1260222401867997185 4604411.0177055
1259891269666406402 7349644.0924155
1259686280813637632 10610708.862942
1259672570472751105 7243310.6163855
1259557108309061634 4757108.176026
1259556041903071232 8084602.7848035
1259518519156240387 14936023.0903365
1259518370921103360 6521958.0354465
1259203394985578501 9581503.7183355
1258932673193467905 15371247.151098
1258861760942989312 5266880.0070795
1258791304995041281 7830660.1501125
1258611463427481601 23192302.9872465
1258607956821553153 9245066.886918
1258606970694627333 22125995.4631005
1258594539754754048 7632685.511676
1258594434683305991 11093325.639633
1258565740241711104 5402941.1215695
1258489333457158146 10119059.457642
1258473071385575424 6665794.0707645
1258439263638523904 6750060.4920915
1258427274010877953 5708106.7640685
1258246448056946689 12141339.232419
1258136023210446848 7235707.201164
1257764482064867328 6079359.2336055
1257737561616707584 7028242.5858345
1257357905986236426 11281295.784357
1257342817585766400 10726417.978794
1256996031738212355 14940253.5619635
1256345310508584960 4216408.167267
1256345305001443331 12143340.1311615
1256268848719958016 16803833.4821925
1256268786136682496 6657561.8016525
1256268695699107841 26343890.0122905
1255956711141044224 36157212.1420785
1252308635717218304 9590593.51548
1251565097186553858 18677589.4017405
1251562161450541058 15230841.22791
1251557212163469314 11055422.9005965
1251556906759409664 33334744.375908
1251397547022667777 30574361.6392905
1250837977904734208 6758635.7724165
1250602369789788160 5084169.3676215
1250538800566038529 10599389.492913
1250538250025840640 6714730.3371525
1250468265337352193 4845433.5633735
1250146712452128769 7936479.109323
1250128587480391680 11658150.770373
1249755846550024192 9044005.1475645
1249755603372634113 4399976.3347575
1248643290318028802 10047027.102912
1248492499879866368 6329128.565205
1247921512486776832 5300209.263276
1247909175146901504 8300185.332174
1247196337809940480 6418139.9749785
1246114590724780032 46185545.133882
1246114117632421888 3844469.675304
1245925154456137734 8774855.6824305
1245448640946044928 5145111.0264645
1245400375961825282 14010864.68034
1245391881590185986 5365152.719604
1244657861613019136 7104219.569514
1243026419099336704 7103190.535875
1242848009198735360 5294035.061442
1242527395917074432 9158456.5556355
1242301423238422528 6142701.9709395
1242120315221745664 7051110.0000345
1241734218251558914 27659395.182681
1241731484223848450 4498649.2270305
1240695162172346368 7447916.80494
1240489032750161920 8573050.7521155
1240394499349757952 6516527.024574
1240309308191113221 5652481.779027
1239584376867954692 6840558.283788
1239265109907632130 7233248.9541375
1238362140974575616 7119826.5797055
1237776440831213568 6362915.1696855
1237776136324734976 5295464.2748295
1237397929893203969 7505428.351653
1237393881546645506 4875618.5501175
1237049376192770053 5529569.427702
1237049301936865280 6390527.572332
1236678647412436992 25840178.046
1236678582241353728 4736127.3234975
1236311804931756032 21860561.952774
1235365128310153219 9741575.6177355
1235255403258064898 5748810.7613445
1235255293627392002 4616130.567483
1235255039939112960 3844183.8326265
1235231044581740544 16989288.2113545
1235230779166339072 5979600.139158
1235230046614241280 5393165.301999
1235088854052265985 4518258.034707
1234890529336283147 10075897.2133395
1234864351296749569 8198768.350197
1234858539182587904 6188093.7881265
1234527439692238849 5791515.657363
1234527326643163136 5295521.443365
1234522656931598336 6338389.867956
1234521903483641856 4381968.246075
1233784331077746689 5266536.9958665
1233784165352407040 7954201.355328
1233514039826882566 7155042.3975735
1233478914745331712 7768918.1317725
1233405873680044032 32055941.4053085
1233066930640019456 6043514.561847
1233065634436509697 3733791.390576
1232879068644769793 10448464.559193
1232860707395211265 12183643.948689
1232860539467862016 7982156.7691875
1232719148586684417 9429549.7509765
1232697443386478592 6562376.190045
1232696371326537729 6552143.0221905
1232413573458079746 5257790.209935
1232309643226959873 10971270.8163405
1231989494296924164 7790756.5123335
1231959785555128321 8625302.7935625
1231759363280273408 5414660.671347
1231759249979559940 6781217.343939
1231759194635653120 13232057.7212235
1231618649972019200 28723644.639549
1231483045498064896 7435568.401272
1231482651145453568 13987311.243714
1231430729621311488 6744915.3238965
1231429797739257856 92270187.8026065
1231014585743835136 9530452.216134
1230752746778718209 6273617.9172345
