1520845645506318336 359972.461815
1520788396360482816 200233.62796
1520788064037388288 82603.598445
1520788060681928704 231381.616525
1520787712441483265 159377.48828
1520787629272596480 67234.366655
1520787626537926656 277513.4016
1520787300019748864 147404.904895
1520272845955231745 344530.96091
1520272597069430785 614865.63042
1520272593219035136 698866.431755
1520271262198951936 281849.5485
1520270762258489344 519301.770685
1520270067883069440 234079.663485
1520269750512676866 301940.36247
1520269219832627200 200233.62796
1520268750842257409 1004564.788205
1520268545510105089 189561.888645
1520268179058032640 194018.48407
1520017423768092676 502270.34925
1520017296210919424 210833.09816
1520016704482721793 242583.32935
1520016412571738112 175421.23181
1520016169134358528 165881.70863
1520015836932882437 190525.476845
1520015643709677568 118786.335355
1520015640182292480 255567.680345
1520015312825253888 171181.44373
1520014673810432002 251857.865775
1520009671112683522 429085.82546
1519934478164303872 112860.267925
1519934474343321600 296182.922975
1519934031051509760 271852.320925
1519933486043656192 710501.75927
1519914934934511617 169109.7291
1519914805154381824 91902.224575
1519914802977550336 212928.902495
1519914592998096896 146369.04758
1519914503156076544 152271.025305
1519914405764378624 133673.773045
1519914214210473984 143430.10357
1519914089991983105 144104.61531
1519913726870056961 140539.33897
1519913724538023936 529250.81885
1519913161893105665 162701.86757
1519912384365621248 141093.402185
1519623090841350145 310540.387155
1519621740158414849 216566.44795
1519621490656047110 351468.79595
1519621368870240256 937354.511255
1519621104574566400 289799.15115
1519620907295440896 134685.540655
1519620904422350848 304590.23002
1519620616860893185 167808.88503
1519620023169728513 91034.995195
1519620018937659392 191681.782685
1519564514995601408 212085.76282
1519563882427461632 176360.730305
1519562348406910976 196114.288405
1519561876006649856 217602.305265
1519561126824259584 103272.565335
1519561123955359744 256242.192085
1519560017573474304 246076.336575
1519559335558651904 167134.37329
1519558598950809601 258940.239045
1519558088126513152 187466.08431
1519178385419018240 354624.547305
1519178328481333249 327355.001245
1519163458616381441 533177.440765
1519162896848019456 712501.204785
1518831656035287040 513857.497355
1518831018312368133 147718.07106
1518831014986264576 383508.1036
1518830463926046721 1643134.688345
1518829446723420160 294520.73333
1518828896917286913 190188.220975
1518828425234227200 535441.873035
1518827842204999680 330221.67614
1518827445390295041 212760.27456
1518220626934505472 254844.989195
1518220055536087040 231670.692985
1518219762589114368 91107.26431
1518219759388852224 215723.308275
1518219323953025025 181829.09334
1518219077139202048 153523.689965
1518210493064036353 247136.283595
1518210079597936642 203678.455775
1518209623580635136 128542.66588
1518209619612815361 274550.367885
1518207346509750272 347566.26374
1518206618848358400 160196.53825
1518206363016777729 208640.935005
1518206323238010881 748563.49317
1518138481314496513 203726.635185
1518137978753028096 278091.55452
1518136188124930048 307649.622555
1518135233438449664 250508.842295
1518133820297744384 607542.3601
1518132062569771008 230827.55331
1518131840519131136 295652.949465
1518131186887176192 242751.957285
1518130367190147072 189875.05481
1518130028139380736 170434.662875
1518129810941575169 162316.43229
1518108760098885632 263300.47565
1518108533090566144 117702.29863
1518108027341389824 160124.269135
1518107192700080128 173204.97895
1518106259756838912 160606.063235
1518105861469896704 203991.62194
1518105085959864321 179468.30225
1518104279156162560 148874.3769
1518104000876675072 146513.58581
1518103543487807488 167399.360045
1518103157666357248 163593.186655
1518102485139062785 165568.542465
1518102144112816129 147067.649025
1518101913530941440 194379.829645
1518101328974983169 160630.15294
1518100256659222528 125507.36305
1517785876314611712 860195.18614
1517770032557793281 604651.5955
1517408176932814848 142153.349205
1517408173078224896 632089.769495
1517407949656043520 165953.977745
1517407690481606657 125965.067445
1517407686681559041 227864.519595
1517407422348144640 241475.20292
1517407253724557312 198258.27215
1517406903378538496 206231.964505
1517406816308965376 98021.009645
1517406813356179456 248388.948255
1517406582149349376 200257.717665
1517393721830035457 673620.420915
1517182985053011969 202594.41905
1517182565354192896 657022.61417
1517182388287475712 161593.74114
1517182258998034433 185779.80496
1517182051409358849 183659.91092
1517181870244757504 185201.65204
1517181342324527106 141117.49189
1517181337945645056 133890.58039
1517181334418243585 319501.757415
1517180249477611521 254796.809785
1517179905087520774 420726.697825
1517179628942929925 216060.564145
1517179205049794560 246341.32333
1517034575993933824 1197017.44145
1517031638596997120 338339.906725
1517029311131557888 165327.645415
1517029308438822917 177468.856735
1517029305439907840 498560.53468
1516733911279476745 406176.516005
1516733236554383367 341206.58162
1516732992726921218 268503.85193
1516666146250178563 531057.546725
1516665080267816963 200763.60147
1516664434445676547 204593.864565
1516664363738103810 210519.931995
1516663901244760068 247666.257105
1516663526169149440 237187.23543
1516663417775738880 202016.26613
1516662777347457024 176071.653845
1516662404901670912 742685.60515
1516407604045656068 235404.59726
1516390286578319361 344699.588845
1516389903499620355 103128.027105
1516389895514001413 179853.73753
1516388758501101568 187466.08431
1516388556893470720 153330.972325
1516388377805094913 149163.45336
1516388007708102657 189200.54307
1516387843891142656 218252.7273
1516387657173331972 150536.566545
1516387396925149184 162701.86757
1516387175625297922 146296.778465
1516386991335944192 125362.82482
1516386228928942081 148344.40339
1516299643218710528 483167.213185
1516299288657424386 140467.069855
1516299285431988224 322729.777885
1516299168146673664 207075.10418
1516298275741388802 447972.15418
1516297838023835648 248653.93501
1516029794441379848 647555.360105
1515997521100918787 587427.456425
1515931403816509440 792045.410695
1515588509654224906 252604.64663
1515588406709202946 656540.82007
1515206076014395398 688146.51303
1515205856887177217 530648.02174
1515205224939794434 1350854.29758
1514852586440265730 353612.779695
1514851717426389010 271033.270955
1514851355495923712 398949.604505
1514845040962863106 1090396.40712
1514844526187532294 156679.44132
1514844523498971138 730640.75265
1514844276907458561 268166.59606
1514843909419315202 306734.213765
1514515410405666816 164653.133675
1514515407347990528 318682.707445
1514514068551307265 431591.15478
1514513611422507011 335256.424485
1514513166314586115 207797.79533
1514512941285986307 165761.260105
1514512360546791425 116594.1722
1514512357518499846 248509.39678
1514512017943453701 163135.48226
1514511094529679361 544306.884475
1514510628433457153 169181.998215
1514510360274882561 189682.33717
1514470512205787136 336605.447965
1514275870818861056 384278.97416
1514262437050327047 403960.263145
1514261803651727361 858508.90679
1514259418774667265 297291.049405
1514255627081908231 155426.77666
1514255092077461505 1524998.775025
1514254716032942082 781301.402265
1514204359055319043 665935.80502
1513746897030291460 250677.47023
1513540494311141379 466183.97116
1513540268041011207 406369.233645
1513540141989588992 274646.726705
1513540138806087686 1493802.60705
1513539867031994377 581405.030175
1513539594750373891 294496.643625
1513431541833101316 427664.532865
1512019616154808324 763137.764695
1511582704487510019 401358.575005
1511328709613039627 1159847.026635
1511293276913270787 494272.56719
1511255220520570881 835960.94291
1511242165464465410 614359.746615
1510892097448333312 886043.439605
1510157067864383491 255495.41123
1510157060327227393 527395.911565
1510156680159698949 544330.97418
1510156586341527552 156655.351615
1510156583292268546 301699.46542
1510156060971048960 494609.82306
1509879745902948356 922659.791205
1509797605202546692 456957.614145
1509795080499912709 313407.06205
1509793020572434437 312588.01208
1509786963259592706 312202.5768
1509783860602880000 209484.07468
1509781273430360064 178384.265525
1509780608306024449 191994.94885
1509779953285763076 190935.00183
1509779376904482818 200040.91032
1509776092756066305 200980.408815
1509773423920230403 219216.3155
1509761419981766660 708213.237295
1509760456394944514 312491.65326
1509439964643491840 987196.1109
1509409963252224010 448502.12769
1509031018925555719 430483.02835
1509030520893878272 173927.6701
1509030517630717952 356359.006065
1509029595252936711 251279.712855
1509029450083880960 133986.93921
1509029446199951368 318779.066265
1509028902207127554 119677.65444
1509028899900264449 385338.92118
1509028483888193539 301241.761025
1509027986833817603 445852.26014
1508834390452756487 482107.266165
1508834105810558976 242679.68817
1508833691442683904 327716.34682
1508833481941520392 207147.373295
1508833041979899907 255688.12887
1508832922798723072 121267.57497
1508832919577526274 264143.615325
1508832274401296387 508389.13432
1508831873836871688 178022.91995
1508713571173208066 414728.36128
1508709771603415041 374474.464225
1508709281851318272 476277.557555
1508708802278821889 223648.82122
1508707917523873793 178986.50815
1508707914688593920 646374.96456
1508707363020173312 1324789.23677
1508706184181690377 373318.158385
1508705903649779714 257253.959695
1508704675968692229 262939.130075
1508704278508019716 563964.083755
1508704002023723008 285848.43953
1508340092242653184 486347.054245
1508339961812381697 235187.789915
1508334252576092164 297989.65085
1508333998225125385 302903.95067
1508333286900510722 500511.800785
1508333131971309568 321260.30588
1507977639264681985 236705.44133
1507970807925907456 279247.86036
1507960336175210501 236440.454575
1507960147263782912 220541.249275
1507959907441844225 238102.64422
1507959636594688004 451657.879045
1507959477638934534 203485.738135
1507959137942249476 186550.67552
1507958529214513155 192115.397375
1507958330622607360 166194.874795
1507957313155772417 174048.118625
1507957043252326402 163304.110195
1507956726523625486 181997.721275
1507955788735979529 186671.124045
1507955269917376513 182069.99039
1507954913091137539 208183.23061
1507954674884030464 213844.311285
1507954442968399879 227310.45638
1507954234381467651 457391.228835
1507953997688492033 177300.2288
1507953604527017984 148922.55631
1506914723366780929 1412379.40415
1506879248728195072 742637.42574
1506622107538534404 1065198.57569
1506621474395746308 292545.37752
1506620926116302848 148513.031325
1506620923071197190 275417.597265
1506620370077433857 1657564.42164
1506619292908883975 322850.22641
1506619052172595207 313888.85615
1506618410167259140 253182.79955
1506617906632663046 412488.018715
1506617684179390466 229526.70924
1506616473116061701 497259.69061
1506616160514560003 594244.84294
1506616156999733254 781951.8243
1506616154231431168 4828709.098135
1506507767695044610 279946.461805
1506498986160447489 641653.38238
1505803933972721664 1055442.245165
1505803776225005570 289726.882035
1505803345230934020 161473.292615
1505803342798225412 391674.513595
1505186699474735105 425520.54912
1505186696282865665 786095.25356
1505186284259577858 773303.620205
1505186098544140289 490056.868815
1505185860358062082 190236.400385
1505185857900191744 630379.40044
1505152213139673089 1495705.693745
1504695341098016769 561868.27942
1504695123879157765 386398.8682
1504694759977197572 180504.159565
1504694755573133315 683159.944095
1504694319734697984 336749.986195
1504693795299880969 231092.540065
1504693572020293632 326897.29685
1504356683346489346 3137780.43507
1504354175987388418 295171.155365
1504353511651553281 398756.886865
1504352865082810369 269780.606295
1504352860779462658 857545.31859
1504352310323183616 299965.00666
1504351908638920704 218830.88022
1504351374766919682 1009840.4336
1504350980028395520 375871.667115
1504350733084553219 174313.10538
1504350730748297217 341567.927195
1502650983398080516 648037.154205
1502650224153554950 337689.48469
1502649152500469762 2459462.52168
1502648756684029954 328511.307085
1502648409483722753 337785.84351
1502647062688518149 261349.209545
1502645694670073861 456620.358275
1502645188925136909 730978.00852
1502553310749855745 504052.98742
1502549021985890304 347975.788725
1502547818044526592 251448.34079
1502545590210621443 588270.5961
1502246713305997314 531828.417285
1502245455253884930 559748.38538
1501182626107129859 205027.479255
1501182623158513666 486371.14395
1501181955219820549 683954.90436
1501181305027182604 351565.15477
1501181205248888843 428001.788735
1501180188822220804 245690.901295
1501179451140636674 234441.00906
1501178102000816131 614359.746615
1501177497161187332 275489.86638
1501176546320842752 267516.174025
1501073749411790851 410970.3673
1501073487611703299 362959.585235
1501071212252123136 214567.002435
1501070525380304901 431422.526845
1501070198920855552 223070.6683
1500742687347015683 3791623.20818
1500742284169515011 511255.809215
1500741862260240387 657094.883285
1500741594374295555 351492.885655
1500397831462744071 2306107.45965
1500397751666114560 330390.304075
1500396967637454849 645218.65872
1500396588518510600 242968.76463
1500396125270196224 250147.49672
1500395899943800834 250195.67613
1500395775104552961 632354.75625
1500395485726908416 236368.18546
1500376883577651202 142900.13006
1500376880675160065 307071.469635
1500375766894530564 120039.000015
1500375763551686657 326993.65567
1500374597711331329 232441.563545
1500373719558270976 229478.52983
1500372951572815874 545872.7153
1500372643597684737 328487.21738
1500357678769778690 426556.406435
1500350164204408835 1590137.337345
1497814818639650816 432313.84593
1497814577492287491 254218.656865
1497814296255860746 308902.287215
1497813967812509699 199679.564745
1497813484305731586 183346.744755
1497813031694209028 217650.484675
1497812336299548674 212567.55692
1497812004882423808 187417.9049
1497811410864074753 200619.06324
1497810675816558592 204425.23663
1497810226564665345 253471.87601
1497809653576585216 931332.085005
1497809278098239488 172145.03193
1497808592228925442 542283.349255
1497807795437015040 195150.700205
1497807368247119877 211218.53344
1497807005863448576 147501.263715
1497777225688842240 746925.39323
1497433379762884611 902039.003725
1497432777012113410 250484.75259
1497432582085959684 1611264.00863
1497431993730023428 275104.4311
1497431878625677316 220806.23603
1497431155729076226 281223.21617
1497430800874106884 131553.879005
1497430798307233793 320802.601485
1497430340272492550 253664.59365
1497080751699144706 311985.769455
1497080225255268353 431639.33419
1497080110586818563 184840.306465
1497080107466637313 312106.21798
1497079649251127296 750032.965175
1497078491853975553 2756416.315215
1497078106913669120 363802.72491
1497077694886199297 281512.29263
1497077692113764353 752032.41069
1496713786673496065 618768.16263
1496712814907781120 354961.803175
1496712514230718466 268214.77547
1496711991205175297 255688.12887
1496711648140492802 258747.521405
1496710447877492736 142755.59183
1496710444845002755 146778.572565
1496710441778958337 57405.767015
1496710438113136642 329450.80558
1496709534223835138 284162.16018
1496709231877459968 832564.294505
1496349758138761218 331305.712865
1496349156293898242 335714.12888
1496348796581982209 270864.64302
1496347766079262721 448478.037985
1496347619509293057 230755.284195
1496347013482684416 1400840.435455
1496035188249612290 382255.43894
1496028531977224192 508365.044615
1496003444704161794 419112.68759
1495994757851787268 435782.76345
1495635222058369024 652156.49376
1495634753751781376 290064.137905
1495634523543175170 247883.06445
1495634198757253126 205292.46601
1495633648594591744 128663.114405
1495633646178664451 130590.290805
1495633643867623425 73256.792905
1495633641288122371 68944.73571
1495633638805078016 360622.88385
1495633044061196290 929573.53654
1495608743937122305 539007.149375
1495608577318395907 549847.516625
1495260919441817600 329282.177645
1495260441609912322 692145.40406
1495260232398024705 324488.32635
1495259790565867525 284089.891065
1495259589717405697 377702.484695
1495259060664680451 250629.29082
1495002241065156612 717487.77372
1494949158255415299 423689.73154
1494948080432549888 338074.91997
1494947890799673348 237572.67071
1494947469129519105 475554.866405
1494947233665458180 298519.62436
1494946585561624588 247015.83507
1494945944034426881 210905.367275
1494945322950225921 253592.324535
1494944830752886785 175445.321515
1494944562733019136 298519.62436
1494943932672667652 162485.060225
1494943930227453953 644038.263175
1494943390550544385 177203.86998
1494929962326892549 194644.8164
1494685958113226752 438986.694215
1494685803712516096 234127.842895
1494685504834764804 209941.779075
1494685335020015619 214109.29804
1494684960179224576 1392987.191625
1494684791966674944 323211.571985
1494635366598733825 249232.08793
1494634927782264833 232923.357645
1494634583647989763 171952.31429
1494634188506824704 522120.26617
1494633658380353539 211290.802555
1494633097635463174 512412.115055
1494632680444805122 286619.31009
1494632494884605952 1804222.54568
1494632264814444546 190838.64301
1493927368746217475 274983.982575
1493927110364495872 241619.74115
1493926654460440576 180937.774255
1493926380371087361 98454.624335
1493926375979630594 183804.44915
1493925854392782848 492297.21138
1493925687824359426 151451.975335
1493925338115883008 262529.60509
1493925247162400777 189272.812185
1493925129579286530 186550.67552
1490943269303623687 830637.118105
1490942953392869380 354744.99583
1490941397712932864 955831.31499
1490940354258178049 276959.338385
1490939923196952577 247329.001235
1490939211968806913 220035.36547
1490938534370615299 470086.50337
1490938205239386112 402346.25291
1490937627872468992 246702.668905
1490937324544606208 176168.012665
1490932038467489793 2091877.713085
1490931810930663424 189441.44012
1490931113166254081 199751.83386
1490930726967349248 186719.303455
1490930545911791621 869325.184335
1490676734890446854 1563614.57214
1490672673508134912 764751.77493
1490671819346493449 313262.52382
1490671518510362626 238801.245665
1490671179509940228 291292.71286
1490669153916952582 246196.7851
1490668456601337861 117509.58099
1490667881616797699 317454.13249
1490667589600636930 558760.707475
1490667346654302208 244558.68516
1490666236015165440 192356.294425
1490665573608411142 2052033.341015
1490664365410099204 206496.95126
1490663956599697409 204907.03073
1490663116849704966 214591.09214
1490662081829675016 158654.79713
1490661547697643526 433518.33118
1490661005071847427 344482.7815
1490660547519717381 333666.503955
1490658680458547200 539055.328785
1490657992689479680 223600.64181
1490657237529870336 476181.198735
1490657050921435136 178914.239035
1490656299620929539 417233.6906
1490656116061077508 213820.22158
1490550681647792129 264866.306475
1490536685469265920 580007.827285
1490264484115480576 1211977.148255
1489961061361266690 302277.61834
1489960590684864514 826349.150615
1489960000923791361 123676.54547
1489959997195038720 296905.614125
1489959317185122304 405429.73515
1489958237919416334 327186.37331
1489958073217486849 240704.33236
1489956450483191818 135456.411215
1489956446733484034 283270.841095
1489955974802964493 191946.76944
1489955613698564096 195704.76342
1489954590414229506 275176.700215
1489954198762700803 456548.08916
1489953975994818561 123267.020485
1489906669534707713 346650.85495
1489906191895785476 202401.70141
1489905493368012800 251038.815805
1489904599884787712 233718.31791
1489904425699536898 237572.67071
1489904078516031494 178673.341985
1489903703364882433 168844.742345
1489903567809179649 285222.1072
1489902350672498689 194018.48407
1489901558733348868 240511.61472
1489406229143506947 625489.190325
1489272532331278336 817532.318585
1489254736683761666 679931.923625
1488448213216468993 2480011.040045
1488447998367797248 298013.740555
1488447718758707200 380280.08313
1488447413417246720 359273.86037
1488447232676626441 437950.8369
1488446959937409024 471483.70626
1488446809890381827 1223708.83459
1488446610380304386 231429.795935
1488111546446192642 835744.135565
1488110666921963521 311744.872405
1488109926732173312 253086.44073
1488109738722496514 464208.61535
1488109280226344968 224347.422665
1488109155353202689 409404.536475
1488108742369755137 196114.288405
1487675273231298560 337183.600885
1487674733743071232 298134.18908
1487674039027912704 289678.702625
1487673006813970433 406634.2204
1487672321825714177 256796.2553
1487672167747960833 335160.065665
1487671587104980992 214446.55391
1487670450692177921 273659.0488
1487669817251295233 276766.620745
1487669026159751170 204834.761615
1487668851240103936 197366.953065
1487668101483462657 320730.33237
1487667942938406915 201317.664685
1487667599055810562 190429.118025
1487633304149172224 405261.107215
1487013899966685187 194428.009055
1487013895982108677 694096.670165
1487013180354138112 408826.383555
1487012759426371589 539753.93023
1487011768249380864 1009888.61301
1487011455341772802 267443.90491
1487010857406062592 206954.655655
1486971761950281729 501644.01692
1486970955859886085 200089.08973
1486970663600816128 345735.44616
1486970485904912386 240945.22941
1486969259607867394 688122.423325
1486968449305694209 299989.096365
1486967502941069313 280717.332365
1486966912471150592 241234.30587
1486966518714109954 1734506.93941
1486966301906321411 219264.49491
1486965758097715203 244076.89106
1486657677656608772 149669.337165
1486657674594775043 168531.57618
1486657671583264775 609324.99827
1486657193667547138 452260.12167
1486656882932523008 336725.89649
1486656140154859521 232586.101775
1486628437590568962 3319585.438705
1485841529839448066 516796.441365
1485841491558043649 302422.15657
1485827978374545412 538212.18911
1485827852641894407 501210.40223
1485517121191034880 237741.298645
1485517117869146116 784577.602145
1485516554020483073 323283.8411
1485516474802671619 300615.428695
1485515872328646656 327692.257115
1485515426440564740 217915.47143
1485515423173193728 1690904.57336
1485514228366974978 291124.084925
1485514001115402243 235790.03254
1485513752120541184 231983.85915
1485513461983776770 234127.842895
1485513079492612097 317189.145735
1485512309435154435 216012.384735
1485244815373910018 829649.4402
1485244508745105410 352215.576805
1485244330613014528 323572.91756
1485243842152779778 162195.983765
1485243838965096453 315695.584025
1485243259207446531 416510.99945
1485242858278092800 406321.054235
1485241925922070529 239861.192685
1485241101393219584 281102.767645
1485240703815122945 136251.37148
1485240588526301190 145020.0241
1485240585242185729 264697.67854
1485239524515270666 559097.963345
1485239019961462784 1452271.95563
1485238560517410822 314515.18848
1485096048536145921 659937.468475
1484814560347394048 421088.0434
1484813838969049088 560422.89712
1484789326286573575 705756.087385
1484788935469711364 170025.13789
1484788932391096323 479361.039795
1484788041202167808 320465.345615
1484787366477066246 274646.726705
1484786588936970240 222950.219775
1484785078308052994 621538.478705
1484784454749278210 411403.98199
1484783507209863169 259181.136095
1484782974994612229 327403.180655
1484782002775916546 581140.04342
1484781612500156417 292954.902505
1484437060056666112 416944.61414
1484436411021672454 289413.71587
1484436290603220998 258916.14934
1484436023413288967 224106.525615
1484428450106871810 219818.558125
1484427963404005377 521758.920595
1484427335512526849 257567.12586
1484427260736438276 264721.768245
1484408605793480704 173614.503935
1484408601766948867 338002.650855
1484408204373393409 226997.290215
1484407807948750849 295460.231825
1484407475621462017 119219.950045
1484407469397143558 205991.067455
1484406672517132293 216686.896475
1484406155439144960 313310.70323
1484404760195530756 682533.611765
1484404460420210690 356503.544295
1484404150930935810 531924.776105
1484403415166111744 231309.34741
1484391435231440904 308492.76223
1484390913833336834 283921.26313
1484390428380364800 230755.284195
1484390026515726337 235235.969325
1484389692313579521 191633.603275
1484389553033347076 326728.668915
1484126976642547715 307456.904915
1484126696051994627 389482.35044
1484126280304181256 257567.12586
1484126030470447108 126350.502725
1484126025890299905 245811.34982
1484125428172595201 237861.74717
1484047400193114112 185201.65204
1484047394551787523 203798.9043
1484047389917069312 567673.898325
1484046499449573376 616600.08918
1484045535090978820 186044.791715
1484045530372231172 695349.334825
1484044320487673857 447345.82185
1484043423867088896 311431.70624
1484042661850136579 146465.4064
1484042657798455298 149572.978345
1484042654698848256 403189.392585
1484041990895726592 1358900.25905
1484041714965028868 378569.714075
1484041061668618248 275152.61051
1484040133158764544 289004.190885
1483099337823760384 216759.16559
1483099333591724032 463799.090365
1483098925674696706 173638.59364
1483098921371332608 323789.724905
1483098692546867201 377100.24207
1483098111866474499 282957.67493
1483097450470854659 353179.165005
1483097114825859074 271587.33417
1483096715766939650 370788.73936
1483096217337069570 330751.64965
1483095858354683905 384206.705045
1483095491563126787 218903.149335
1483095487305887753 1266805.316835
1483094811343466496 1370969.201255
1483094495885684738 172819.54367
1483094492941266944 539753.93023
1483092452517216267 472326.845935
1482244657786818562 408657.13864
1482242937266536449 329787.622592
1482241447021936640 454352.328464
1482241120948359170 314500.244368
1482240549281480715 406582.252672
1482240291017211904 347555.324272
1482240231671799810 141020.698032
1482240227775500291 323968.402176
1482239481134878724 293679.836896
1482238953621422091 685904.83264
1482238144015921160 158382.962224
1482238141457387521 587741.262016
1482237810946228224 473694.081568
1482237304928608257 271666.966224
1481873586273284096 509682.620944
1481873522972827649 406892.293104
1481873455717171200 922489.53152
1481606014202150915 493703.614064
1481605615739084800 366920.92664
1481605498206302211 590889.364864
1481605362382151680 414738.70096
1481604978473332737 304173.513056
1481604887532404737 341664.556064
1481604754665250818 2163128.2448
1481604282567000071 1562317.586112
1481603724955238403 349439.416128
1481224250002657284 382303.70192
1481223377725849605 278034.719712
1481223009847635969 497638.742624
1481222661774901248 221464.265504
1481222138015412225 231695.59976
1481222060567576579 252659.102816
1481221455203680257 373193.283072
1481221393693822977 221869.702992
1481221390162591749 1004030.165136
1481220518053556224 285523.388608
1481150885590073349 468065.655264
1481149923932643330 2442570.071088
1481149253989040129 987764.967088
1481149077005893632 480753.463712
1481149004864176128 292153.484
1481148366386262016 435535.259168
1481147778269331456 303195.693232
1481147311321657347 412783.061312
1481147187874906117 283448.50264
1481145848935620611 504888.91888
1481145363923075072 297448.020608
1481145191809822721 639446.466368
1481145012746592258 442213.053088
1480963280302534660 1079250.743792
1479365532167991297 1417457.156576
1479364639125164032 792749.53536
1479363842048102402 614523.985488
1479362715965480963 558454.365824
1479362217128521728 230932.423312
1479361929793576962 1057643.310608
1479361360693633026 2625756.267872
1479360724866461698 605485.114432
1478723963295453185 666730.024384
1478723961311535104 2985021.580768
1478316102593564672 594705.247104
1478315250181042178 448914.696272
1478313641661263876 195086.97952
1478313638989479939 621106.382352
1478312509442441217 1493059.323456
1478312348477575168 159718.521008
1478312345554145283 357047.331344
1478311341475598338 249725.643344
1478267098040201218 323753.7588
1478266587396276224 162055.74888
1478266582576996353 495349.21328
1478265319718219777 271452.322848
1478264445423865856 242833.206048
1478263720228769793 224874.710256
1478263306833911810 1252968.782768
1478262013696491521 313593.972336
1478261176836386821 337204.743696
1478260710891147264 550297.917536
1478260190130569216 382327.551184
1478000577032306688 2328952.177392
1477569847550562304 391271.025184
1477569843956043776 1694227.865296
1477569166303322114 833388.681216
1477568047124992000 409491.86288
1477567408789278720 444359.486848
1477565721659916291 512902.271584
1477564666192695297 203314.9756
1477564662359080961 206129.188752
1477564659095855112 888432.782528
1477563083128143876 527354.925568
1477562797495971840 443071.626592
1477561841647636481 390817.889168
1477196206312812547 1174027.718928
1477194659071860736 135702.31216
1477194653392781313 137491.00696
1477194650234417153 39780.572352
1477194645071298561 382828.385728
1477193480480776195 282542.230608
1477192644543467520 327474.243984
1477192113666199552 552658.994672
1477191513113120772 383686.959232
1477190777545519105 522251.183072
1477190585291182081 303911.171152
1477190100136067074 311638.332688
1477189144786849792 372907.091904
1477188484557271042 219079.339104
1477188481403154432 1469114.6624
1477188294110695425 309778.090096
1477092792845230085 1053159.648976
1476486081038020608 387812.881904
1476485724476084231 156164.980672
1476485721334501376 410088.09448
1476484666278383618 512186.793664
1476483894186676224 581778.946016
1476482643856224257 171261.564784
1476482640999895040 682995.222432
1476481280736825345 266968.661216
1476479847899676676 308108.641616
1476479303579672576 397591.080144
1476478331772047363 1195062.769776
1476477096780132358 390269.356096
1476075660816703495 908800.053984
1476075424291561474 516312.716336
1476074854960926720 314714.887744
1476074386620702721 331671.714448
1476073927575105539 473455.588928
1475761264710193155 486238.794432
1475760462809600001 285261.046704
1475759924135170048 382995.330576
1475759000947867649 260910.94816
1475758652506054656 344764.960384
1475757656488878080 251204.297712
1475756635763056640 1227569.316608
1475755950594158593 493536.669216
1475754691329859585 176889.991088
1475722287550648321 345599.684624
1475721777900781568 859265.132656
1475721469606858757 278988.690272
1475720756973621250 146100.591264
1475720753857196033 565370.652384
1475720351191474177 902313.054176
1475719863150657537 331194.729168
1475719019529334793 226568.008
1475718424722432001 288075.259856
1475717819161448448 230193.096128
1475717063431770112 161698.00992
1475717060084699139 786763.370096
1475715731895427074 238731.13264
1475386774155259906 445122.663296
1475385514748375040 138874.264272
1475385510654664705 294609.958192
1475385126607413250 258836.062192
1475384783806992385 151132.785968
1475384776676708352 638063.209056
1475384683735044096 322942.883824
1475384155487625218 4183924.082048
1475383809587642368 312544.60472
1475383063051862020 860362.1988
1475381948939833344 247936.948544
1475381812318728194 326854.16312
1475381534416769028 624278.334464
1475381330867224579 245051.1876
1475380901945118721 374147.253632
1475379825854484480 481063.504144
1475378734525923333 254113.90792
1475129883361644548 949510.747632
1474983688601407490 328714.405712
1474983102652899333 221034.978752
1474982467199467522 222895.221344
1474981849575223298 188266.090016
1474981156844044288 188170.69296
1474980879998935040 212783.133408
1474980419049177088 258764.5144
1474980150458531840 200906.199936
1474979442829119488 219007.791312
1474978284609818624 309634.994512
1474977836767203330 243310.191328
1474977509733134338 367922.595728
1474977203775410179 260767.852576
1474976949206327297 241974.632544
1474976727352762369 240424.430384
1474976081761370113 163462.855456
1474970767188107264 454972.409328
1474779363488849922 1629954.098816
1474778968297402369 531385.451184
1474778965050945542 890579.216288
1474778712457416705 3665345.685632
1474777416727863297 748509.15064
1474777290156298241 821607.1448
1474776859938209793 774671.793248
1474776430445674502 2358620.661808
1474776141126799361 348127.706608
1474772273122926592 4357427.477648
1474645333619576835 443071.626592
1474643455452217344 295993.215504
1474643124831985664 513927.789936
1474642448903114752 2084091.783904
1474642317529128961 239852.048048
1474641593634222080 286882.796656
1474641251697782785 490937.09944
1474640407170469889 297901.156624
1474640040210808832 190150.181872
1474640037274808320 668709.513296
1474639698727370758 267755.686928
1474639312348069889 131337.896848
1474639309017792514 334629.023184
1474638852492910596 217696.081792
1474638193928466434 323157.5272
1473948044185849857 666253.039104
1473947827646517248 183567.785008
1473947824584753155 194776.939088
1473947821095063553 713856.170048
1473945594301349889 397352.587504
1473945166180339714 308943.365856
1473943419420479494 151729.017568
1473943415448489986 158335.263696
1473943412109758471 450774.938864
1473942858797178880 427784.248368
1473941437238562817 392964.322928
1473940997969268736 2906342.858832
1473940661619421186 778010.690208
1473939867901906947 263176.62824
1473217859107135488 467397.875872
1473217613345943554 178225.549872
1473217611382988800 589386.861232
1473217348714725377 163057.417968
1473217346512687104 313450.876752
1473216570797158403 239995.143632
1473216386960744449 296136.311088
1473215660226273282 138087.23856
1473215658280173569 321678.872832
1473215120356511750 257715.146784
1473214652834201606 328118.174112
1473214309895335936 1509157.576656
1473213807044349952 398545.050704
1473212613056077827 191700.384032
1473212611114139654 1238062.992768
1473211988821962753 599451.25064
1473210780623335426 233865.882784
1472823967190687752 1034843.414224
1472523334508105730 144264.197936
1472523331907719175 433484.222464
1472522422884569088 262651.944432
1472522185981841411 154447.833664
1472522182991429633 449391.681552
1472521373796876298 126520.34552
1472521369954914308 353326.84616
1472520351049347077 865442.092032
1472520276046872576 218650.052352
1472519944193470465 148247.025024
1472519940880039938 734390.386352
1472519130968330243 117863.062688
1472519128074256389 329930.718176
1472518043271979015 1049892.299808
1472517315275071490 188242.240752
1472130626178273281 4738061.731088
1472129786742906880 377653.09544
1472129424950628354 403696.491728
1472129422157176834 2020676.590928
1472129255869849603 323562.964688
1472127897246654468 599308.155056
1472126231407591427 474552.655072
1472125672822763524 404888.954928
1472124096955621377 288719.189984
1472123446595244033 172954.862528
1472123443755642882 781397.285696
1472122580941238272 603267.13288
1472122247057854465 440448.207552
1472120847162765315 246696.786816
1471727567187054592 603744.11816
1471726258761338882 884640.749552
1471725683957133317 965442.055984
1471722776360673283 1682160.137712
1471719265946513410 482709.10336
1471717648715055110 234915.2504
1471383669264711681 197090.317696
1471383666152464384 511781.356176
1471383042304348168 1392725.469808
1471382088477675524 322465.898544
1471381757870022661 953183.534288
1471381687011778560 273527.208816
1471381256734576642 382494.496032
1471379690157867008 308776.421008
1471379015147548678 297805.759568
1471378372198494209 802861.623296
1471377766792581122 315764.25536
1471377645501775875 387789.03264
1471376341295529984 252516.007232
1471150106619482112 3716550.05544
1471113914234519559 727998.7836
1471113841966682118 205890.696112
1471101750769860610 266348.580352
1471094437212303363 829596.64824
1470708991550361601 201979.416816
1470708988895322114 206224.585808
1470708985086967810 518769.190528
1470707567470866436 288099.10912
1470706907597791232 269353.587616
1470706904405983233 1098783.291008
1470705535678779392 359551.504064
1470704691935789058 669448.84048
1470704139025801217 264750.679664
1470703754697580551 442618.490576
1470703447410282500 971165.879344
1470702909675376644 277629.282224
1470641015870554112 408060.90704
1470639075388362752 1468637.67712
1470638735960133635 506296.025456
1470638391716839425 324970.071264
1470638033544245252 482566.007776
1470637528176676865 586763.442192
1470637451869704192 241449.948736
