1509106128340373510 38429058.322655
1507758300716277762 59721918.00146
1507643527760527360 9777342.079505
1507129927598067714 31287849.67594
1505216503507034112 64208946.287915
1503426067494846468 56396007.332665
1502947140808716289 103881319.572745
1498703685991514113 53351697.764365
1496201706434088961 45949104.520605
1495461025570861065 40629205.600555
1493711992510681096 67920647.01279
1492211702175256582 49865337.09014
1491442389382471680 71239358.634015
1490095552243109892 83487157.43511
1487762541195542532 113249499.34584
1487357487867215874 49879291.408375
1487185450871803909 11696973.0449
1486340689298403332 86546654.03527
1485971731697344518 66498736.500625
1483931781938221061 44191945.210985
1483076476996136961 56040739.26594
1480863436292694025 85524882.36578
1477700166236921861 7849230.04437
1476887412609531933 35571332.288635
1476681677162303491 38866375.80826
1476266771342520322 16351650.384355
1474500766886944773 60942008.63894
1474100333932597253 7576603.099065
1473011791672360971 55504311.604885
1472521285443928064 16992710.7779
1472154493034930181 10514899.295615
1470363983370756102 14125911.9716
1469760607557718020 41551867.094595
1469039017874407427 72063452.3466
1468251218434830343 52241861.033505
1467916758430453760 11737406.0518
1466800707542126595 53223495.547365
1466723633053769733 45857834.40381
1466549043937431555 53822742.29475
1466048447396593668 17021605.58527
1465699737315647491 50570054.81528
1465051800466300934 45466225.93942
1462723282323615752 71971343.98454
1461729514749366281 36259482.342655
1459569995596374019 24409504.88262
1459112205652213772 45246753.605625
1458009811833036802 32613509.908265
1456320589434556419 8155386.800275
1455959037237997569 11172625.97737
1455671594119012352 58489007.14228
1454522123700088834 79679946.05857
1453427252297883660 40593210.362705
1451148164199862275 60436004.35015
1450937620993822723 80252319.64893
1449057732682715144 9883355.451255
1448921837094666249 35530800.664645
1448719931223248911 50645447.580585
1448436107734093831 7771371.851815
1447321290667282437 14210574.743365
1447132142757195778 34953841.3796
1446965936431448067 24002019.06674
1446462516767363103 47814644.012135
1445453534573465609 43408629.665115
1443999159711715328 28849098.348785
1443863506760130560 36151891.097465
1439969349918502913 61878723.068305
1437894020060037121 48630552.50625
1434581767353163779 79243565.43532
1433454907353411586 123444041.02459
1433338907702222848 39411580.390325
1432429902209372166 54936918.17757
1432251744508014592 20732024.287975
1430938339658502144 19117563.907585
1430440055953235980 45018455.042275
1426103220355670016 23772635.7154
1425785066043715586 63905846.6618
1424661515764895750 67122884.063235
1422982847682555910 15584113.572885
1420392465018855425 43439595.431375
1418257821041414145 81252790.02698
1416076947680026633 79574918.85772
1414933377434767361 89105915.446405
1414194896219648000 34509817.931875
1413187283512176642 44539422.5276
1412804774886612994 17359171.88434
1412517448222400517 68160237.232945
1412109801862176769 57305602.06228
1411713682376216576 56938549.2533
1408863983084478474 25418702.873135
1408704413565325316 68475318.835495
1408439846457196548 9737599.392235
1407818354208002055 44306390.34393
1407436218997084160 32612326.503185
1405440466540273664 42272659.405405
1405090902847242241 26451470.34816
1404118301970780160 37930154.464345
1403381513589116932 7384151.84793
1401277948087439362 41630662.149505
1400931901695795200 25849708.86498
1400524228290650118 32342658.07058
1399988465815666689 15780312.27344
1395143962772623361 35403042.22455
1394201435546472452 15859994.88216
1393632041271496706 33781974.49913
1392887361449648139 6443640.6606
1392829676863827969 51773627.090185
1390325956678758403 56015345.365265
1390000124957446147 26583715.86585
1386978504923885569 62072801.501425
1384985403392995332 22927142.094285
1384173952860233743 37978328.91281
1382723754653007875 47293452.691485
1381557056243691520 66173300.103625
1381279825256714240 25805774.951385
1379903300812832769 21553701.881855
1379446925523570692 36764253.91782
1377019810282881027 25035427.55285
1376596593277816834 37937600.05464
1375064846467796993 28848309.412065
1374373370674831365 38043662.734935
1372939732544536582 31821565.36702
1368915262209220609 24816152.453235
1367448356314832896 16305300.352055
1367191022963425283 48307729.462135
1366882482126278661 25000073.326085
1363984962270158850 34851969.92563
1363129203047223296 15877943.19254
1361666128645398528 31340313.96782
1360722571042426883 18534391.74587
1359909069423865856 86335317.6114
1359263318431723525 27614017.913625
1358137564587319299 29993944.146595
1357379984399212545 42853464.75696
1356733030962987008 40511654.029275
1355924395064233986 83139433.57577
1355599316300292097 24405165.73066
1354806671432798222 37538496.69141
1354421378917814275 74382038.74959
1353365706340003842 23844971.350915
1352026659445157894 57907363.54546
1348398962391326720 27200023.369805
1346972806005858309 23990086.39885
1345867464400371727 30280377.4845
1345294475300630535 7653672.3549
1344769621199564800 25743054.482145
1344768939600056326 29655194.442445
1344341403564974081 17397139.46399
1343885490391539712 39763199.62472
1343643930970234888 16201851.024645
1343643790737891336 47785995.74749
1343643597036548102 32249119.760715
1343277423371186178 30190488.006965
1342772141708562432 14545478.381005
1342175621464682498 63311037.683465
1340725769518116871 26726661.337805
1340415982192488448 31836900.324515
1339997524841672704 9293921.104325
1339633288193974272 7844101.95569
1339320735865712640 23467218.58767
1338591389534314498 42945326.576295
1338422100638490624 32959655.894165
1338204378440888320 31495093.490575
1336764001125085184 52804767.383225
1336437110555947013 70681777.607155
1335349948309757954 26057840.233425
1335307136319037443 27239420.89726
1334265872601505793 83442976.97879
1333470859399294977 6136892.202155
1332384144555433986 49305537.178755
1331652917317787648 100013212.14313
1331379441696731140 33223062.141555
1329410000167563276 18421623.103455
1328411603503640576 38080348.292415
1327324494248239106 30497630.93377
1326853175274561537 36503411.71477
1326664085308575744 31195198.919885
1326170869840949248 23664403.459125
1325467261239431170 29646023.053075
1324642588352221185 8226637.6478
1324134839117860864 28932380.48129
1323309743218282496 50702744.109875
1322953426540650510 54474108.1742
1322133675333636096 43025354.34483
1321494480877477889 49348238.378725
1321443489704529921 42959724.671435
1320046381055283202 65174555.52465
1319735993591861248 54595357.886355
1319254937335902209 83163397.52864
1318885562602954758 50082393.30523
1317061950069755905 51049629.72395
1315755817078005761 43793482.85884
1314855127447207937 13373858.04326
1314611677548154880 33281295.5332
1314151208735649792 27163436.429415
1313573447121993728 26222875.93354
1311984277668544517 15502458.622365
1311236846131658753 11959787.58975
1310337276191399936 29746218.016515
1309898424561664001 49079013.723025
1308097083870773254 48825666.418815
1307795336245792774 35623697.963425
1307283723453435905 36861441.060015
1306669252905242625 8220474.079675
1305575601135386625 67210998.43315
1305182101797511175 37468133.397695
1304823014886977536 60168702.727705
1304532670228164615 8557152.824935
1304031411452751873 53304608.10389
1303748480997953538 62926233.798285
1303040286134804482 34244587.26832
1300693794636148737 22313497.25176
1296854578726490112 8850587.97623
1293546832098926592 69899349.615095
1292861675276840961 81938425.345205
1291442827965140994 35571874.68263
1291343231603617793 56371106.51744
1290222132522229760 33362950.48372
1289290174510166016 6256268.1896
1288157471274565634 20263543.80193
1285342214353309696 36952464.634085
1284453189178228738 13199601.64523
1284169747039498242 59263151.29878
1282733116487077889 62200264.09025
1282085885014683659 31019561.882595
1281545016016592896 34871446.800905
1281280238496948224 61775520.28362
1279522588952313856 83883400.90273
1279477154145800193 45245471.583455
1277679310824931336 61740412.59958
1276854132939173889 60347150.35206
1276642553203494913 28645749.909205
1276219288689553409 35431296.020835
1274784439554453505 39090039.36838
1273179231388917761 56192461.658905
1272585066267447297 49338425.97827
1271437543821783040 43851420.399215
1271070983768727553 57977726.839175
1269950519029743618 36969180.23084
1268966282759745536 7145745.032855
1268849407358832641 52064153.037325
1268143615697715200 53117087.707255
1266039063469002752 52467595.552515
1265324678262009856 80607932.87547
1263859365116817414 49635312.727715
1262800244305268736 36046173.576985
1261705619456831489 8916119.032535
1261204674033696768 17609363.44167
1259193504640708609 14086317.209965
1258432451657031680 57098555.481825
1257717816058359808 41532735.379135
1256191641607647236 4433084.738225
1255089378994425858 5050477.03017
1254745976625074178 22012320.6589
1254012596933537793 41965664.404235
1252301153012011013 25666133.151945
1251481340744212481 97722682.302245
1251213121743716353 55284099.642915
1250501806163202051 52079093.52646
1249331300462481408 49495917.471
1248902530068815872 11926800.173145
1248689538828034048 40327683.84788
1246418009758941185 63291511.499645
1245310749045653504 52013168.001795
1244611003863580672 41971926.58945
1241364225043415042 31273303.655165
1241084839975059458 23313228.001635
1238497632345096192 36504693.73694
1236956939403374592 52997908.95399
1234915783949606917 86840385.037835
1233495710621995014 42067683.78384
1232351249409945604 34933674.184695
1231313742333448192 23881656.908395
1230830634639273984 13270901.8013
1229478506666635266 38856366.173625
1228336109379293185 49130393.226915
1226920536267264000 59685972.072155
1223978421988024321 36663812.411655
1222929722612551681 20760080.85008
1221822313445892096 38261853.04656
1221578681472163841 140243610.231725
1219319281038626816 39325389.053665
1219039542386266112 31765255.00863
1216045824410554369 54908664.381285
1214232898917801984 47507057.308425
1213157713234018304 30999641.230415
1212431971252617216 37641009.156465
1211618857972117505 47257112.29382
1211382734389727232 38780431.014325
1210630830630088705 67202320.12923
1210533047076098048 21227575.165225
1210530255284396032 45043799.634405
1210212041765609473 5869196.11135
1207439538689323008 96169216.59202
1206267575279247360 25086264.662745
1204899071552561152 17898114.28119
1204450333830856704 64229655.876815
1203636657771175937 19316622.50375
1202274080327700483 42013789.544155
1202190186890907649 46335979.364675
1199010801757097984 34993238.907055
1198316476660359168 19688261.007415
1197925683722432515 43394823.272515
1195376375194177541 47582696.616455
1195109725068808192 28406159.68905
1194333025271726085 37114443.20441
1193849256857260032 26072484.87129
1192413533604065281 17909849.7149
1191730442904453123 33322172.317005
1191089989850976257 39952248.58625
1189903007976218624 44646619.30443
1189673017334468608 47381714.987035
1186328341286182913 19618588.03333
1184893945563811840 17766509.774585
1184527827858796545 22839175.650005
1183687155010420737 19124960.189335
1183355958308814848 6946439.893965
1183007088949301249 25060525.602255
1182347707165417477 18100673.78405
1181564392758005760 14278669.84401
1181153856186720261 17436635.608535
1180486233639854081 55309493.54359
1179332900715667457 19301188.929165
1178731241710985216 22096145.1854
1178572370438754306 13546980.344755
1178053574229741568 15552506.79554
1177516354598887426 21070478.140855
1176462349429030912 31956029.769235
1174645543823433729 27313975.4173
1174051059532218369 21337533.220575
1174015649129160707 19749058.4434
1173491866064609280 6759807.05114
1173304559512543232 35399097.54095
1172551221145669633 34274961.33204
1172435241211813889 23827368.20035
1171852853952098305 51240651.02728
1171689555893923841 27394397.654195
1170038758252711936 25772688.91769
1168892008531931138 22529419.370315
1168114505898967042 52905307.50648
1167138657171582982 37808756.826555
1166787537689399297 6188715.48295
1166728604501401605 4765572.25716
1165343652438302721 15781347.752885
1164588606436106240 87669458.913465
1163531222351536129 14181926.47872
1160277130980352000 37597173.85996
1159887717678891015 19861087.45764
1157313355960504320 28476325.748585
1157305051234222081 12872390.14061
1156934071311904768 24849978.115105
1156531513552510982 14095735.14206
1156294182220292096 20829408.66435
1156171279566823424 38193610.02028
1155900295181930496 31235434.692605
1154390436758401024 29195047.100505
1153717877704450048 26373168.3787
1152964241495941120 26640864.469505
1152640934850506753 31465754.9063
1152237174416449536 27249479.84044
1151880868958494720 34200653.354725
1151402338722164736 12318803.105895
1151060684957986816 11712603.853665
1150853890973347840 37404476.0661
1150497692130455553 21937963.37304
1150131618394333184 42120838.39535
1150036615722622978 18118474.168795
1148181794501595136 28432786.30335
1147449814243774470 10800099.919895
1146695158588723200 11517835.100915
1145811624844042241 23065896.339915
1144350475128627200 42088837.149645
1143503912294633473 32166478.639295
1142773743409872898 38722000.3885
1141288228189802496 35028297.28255
1140542793481379840 38850744.999495
1138738219535806464 31705838.211905
1138400777804943362 39877299.59785
1138047883209510912 28455468.23405
1138010332595703808 51494540.725485
1136694712742678528 44352888.301865
1136389263396941824 34099669.454565
1136231829827149824 18381535.25637
1135550282279063554 19591271.0994
1134874199296749568 15960091.22851
1134792186434936837 10532206.59491
1134170533195583488 30900037.969515
1134060877622259712 23253071.576735
1133428974535634945 7454663.06728
1133138255027810305 20111624.174785
1133072492162109442 34159234.176925
1131627678694551553 32943827.85122
1130525154793185281 34943683.81933
1130473990395293696 34142814.43144
1130238533896146944 35639230.1551
1129792117411385345 20745732.063485
1129049568493154306 27086515.099215
1126804173281009664 21083249.05401
1124667070187212800 16041450.32776
1124025078272921600 47931061.48688
1123304798789435394 12452133.411575
1123251128454602753 14047067.608145
1121837612791103488 7632420.372005
1121735434000904192 34772385.934
1119926565033447424 18585869.86685
1119701142290747393 32693932.14516
1117827929566846976 30637716.510115
1116758623017820160 10358246.04815
1116263614904721408 32374314.15647
1116213849454149633 26358918.209195
1115624348369420289 26345259.74223
1114977157028220934 40185478.0041
1114510044714946560 31139578.881125
1114207399580246017 59385140.63911
1113456387940601856 29346276.40802
1112125820137545728 26430070.43963
1111747501676216321 16401501.32335
1110877177468334082 17919810.04099
1109807889437388801 17853342.12233
1109388380796796928 14624322.74446
1108751703040499712 10935501.184465
1108300202862145536 36066538.00607
1107951536871796737 12023938.006795
1107631650219921408 8277080.289335
1106616187956457473 10125608.33284
1105166216988188677 46294264.335605
1104715220172320769 6818977.30514
1104017768939245574 25948178.029345
1103735311950118914 6213862.8409
1103354782931136513 29224385.68478
1102334772607676416 16661455.97259
1101500434123030528 31506483.76447
1101176306971172864 10837475.797005
1100440385032200197 30715476.08558
1098487933957492736 17781203.720995
1097865967336595458 33154523.264005
1096534871294558214 24743027.881
1094158288223125504 17263069.530135
1093585189991632896 11977144.19759
1093510489659838464 22356790.15427
1092364740108738561 11887599.87987
1091845183082254336 14646955.366615
1089557743046922241 40280101.101955
1088795394992205824 27525361.149715
1087801897514348546 46593665.820845
1087482049521426432 17497038.57616
1086562077236514816 37768422.436745
1086309442751287299 33972798.56828
1086243566756728832 31059353.87841
1085873113588555776 26757922.955335
1085654408925347846 42088837.149645
1085636518415425543 20047177.90647
1085278358395633664 32131568.189435
1084232789313114113 13819853.832785
1083430774819508224 12018809.918115
1083368384702676993 28874936.026365
1083071702416928770 38478712.02747
1082711443433238531 19130827.90619
1082572182868422656 32193253.17923
1082327524670087168 44818854.052115
1081881638320119809 33950856.265755
1081204958777757697 16285182.465695
1081142634960297984 47921890.09751
1080948388999380994 22187809.770555
1080098615241117698 26622176.53095
1079868531125219329 48126175.399445
1079729723931086848 41527557.98191
1079351635640569857 14646314.35553
1078357262991798272 22320400.44806
1077974538187608064 20149049.36044
1077278049236856834 59345792.4202
1076829645331484673 38412786.502805
1076175482897485824 8432402.206085
1076163533979746304 7743857.683705
1075840205066813441 20233465.58948
1074736546845286401 17858913.987915
1074075326651731969 18108661.76834
1072530481231642624 43781550.19095
1072117303330922498 38526492.007575
1071171770797973505 22774482.838965
1070972956510162949 19200155.72046
1070331928677679104 27931959.411785
1068963516353298432 21436150.310575
1068569659925045248 32946096.04429
1067134714312572928 29576448.69608
1066743382695993345 31032628.64702
1066459377304027136 42550562.365025
1065909288038739968 29894340.885695
1065673768742342656 10466379.687335
1064966556034260995 30671542.171985
1063811928601038848 17491811.87039
1063508891269558272 27845620.14949
1063161457335001089 8443151.468895
1063111296672059398 18556777.8253
1062696761536495616 19397439.209005
1062422893433380864 34893684.9547
1061974855887843328 31794889.444175
1061749948017008640 30279342.005055
1060871855349948416 42786947.529755
1060492471724056582 35537260.08404
1058848792211001345 29926243.51431
1058409334755987456 8307454.353055
1058050484353880064 36479003.984995
1057697968399310849 9952042.25444
1057567788330635265 35099646.747165
1056989397973905412 14532707.46785
1056910186131152896 34893734.263245
1056262552534110209 35097773.022455
1055024819396399104 74531986.034935
1054462547590549504 75272107.295385
1053774478562484224 18463486.05816
1052964717155766272 25943444.409025
1052619338866417666 8981798.014475
1052240079152922630 34118160.15894
1051469866237071361 53042533.187215
1050810957621055488 40449328.028395
1050710577297969152 27719735.434105
1050386843492077568 19331760.227065
1048657926448205825 27742811.833165
1047490701137784832 19736484.764425
1047490574687907841 45827608.265725
1047490489094758400 12077388.469575
1047489792408244225 21479936.298535
1047231309549109248 20737300.30229
1045355566841901056 23880226.96059
1044268527572713472 11131650.576475
1043984425472720897 24796330.418145
1042368436217753600 16035188.142545
1042147381431685122 32934459.22767
1041983398770814976 28488554.267745
1041374189381476353 34786488.17787
1040322918239166464 11480163.372535
1040149168373854209 12531027.083575
1039923685984010241 24070262.09302
1039489376277983234 17230131.422075
1038755302659842048 41825233.668075
1038046730523172866 18750905.566965
1037748346457346049 14567815.15189
1037700380782731265 30330376.34913
1037034122697494533 38421415.49818
1037033840219447297 17854229.67614
1036014808133509126 21535309.79457
1035603393597857792 32411739.342125
1034855325315293186 23615982.467935
1034419930517647361 61768518.47023
1034008282439065600 24939226.581555
1033666682651385857 38822934.980115
1033509411216605184 20121584.500875
1032885943395643393 9736120.135885
1032658724798771202 18512054.974985
1032160443371073536 11607872.504085
1031974315934277635 44838478.853025
1031128361685405697 28109963.259235
1030901864865443843 26592098.3185
1030513169368842246 19094142.34871
1029788480451293185 40982747.868205
1028703987929952256 25507704.79686
1028009676674355201 14466535.40046
1027878299073216512 65188115.374525
1026883168350027777 15078257.20973
1026048865634590720 36595717.31101
1025344888198623232 43904229.85091
1024370595335757825 42528373.519775
1024262126221910017 42063098.089155
1020357162021851136 18505940.715405
1020175932898783232 17154689.348225
1020035673527652352 10822387.382235
1019996022783860737 22980592.557065
1019881990286397441 20721225.71662
1019688259780333568 29773830.801715
1019627864897957888 8672732.054415
1019519626080858113 16854351.00063
1019488041105272832 48961511.46029
1019278015375773696 47726184.482405
1019164008455311360 41420065.35381
1019129360304037888 48600030.516895
1018927028572172288 119339745.664425
1017496178425024512 35692088.91534
1016593642373500928 14656521.224345
1016445470451912706 58843190.421015
1013530434108559361 46929259.778115
1012017718466232321 9302106.322795
1011867120089563136 18085240.209465
1011372210009853953 38415942.249685
1010924789433856000 53403915.51352
1010780346391171073 16401501.32335
1010098630638915584 35846276.735555
1009466028814995456 36003521.68556
1008967617472692224 16067337.313885
1007954799147520001 38977270.725965
1007732124299026433 86547640.20617
1007265830466441217 7693464.350715
1007155679231012865 12419639.08042
1006794514269442048 11305660.43178
1005880688246231040 7706185.955325
1005809783897812994 24625920.086625
1005528282325020673 19757391.587505
1005429542465560576 7035540.43478
1005379707985186816 30806154.499835
1005082536056369153 21784909.64936
1004680832949342209 7911062.9598
1004419394821386242 26238753.28503
1004316981217185792 7831331.042535
1003964592396087296 30979375.41842
1003611175551229952 14271273.56226
1002876379996835840 23140598.78559
1002580961576484864 9997751.275655
1002172845487779840 13281010.053025
1001546938523815936 24021939.71892
1001127297787875328 47471012.76203
1001044846893821953 37350384.592235
1000776222928986112 70139827.38906
1000477830730395655 20182825.713765
999719103916109824 13063214.20976
999657611829137409 40207173.7639
999379446808399872 4754280.600355
999319041511772160 11583415.465765
999304707603656704 4259222.808555
998836079976419328 33060491.86869
997948847044415488 25576440.90859
997567187345788928 25061166.61334
997447899465297923 9117149.9705
997167365874839555 4057107.0826
997081607109595142 20978172.544615
996709953749618688 4501229.147415
996442676680646656 25873722.126395
995244447951675392 29805338.96197
992888077852069888 81004669.42854
992448777624616962 4155132.47006
992056196667293697 10993734.57611
991431073589596160 48204674.603085
990911713800310785 11860874.64848
990558633393115136 27794585.805415
989264348957827072 32619722.784935
987743469430099968 29784136.28762
987315299358859265 21544283.94976
985849902617055232 29213587.113425
985168009894486017 30602214.357715
985127446898008064 4364989.63758
984759635717640192 5723834.52069
984397537972031488 28241765.00002
983292741865132032 18187358.20616
982301923045818368 6165343.23262
981296143375257600 53181977.752475
980880757932556288 24194421.00933
980494343663505409 30467207.561505
979417911470280704 14438232.29563
977605980417503232 8315343.720255
977496558055886848 20114188.219125
976818128486354947 20363442.9141
976527523633868800 17687468.17695
976029198409175040 13138163.19816
975689177068113920 35427745.805595
975511030855069697 23594040.16541
975084660693848064 19750044.6143
974918257198039043 7820236.61991
974347622927478786 7470688.344405
973924303824740354 21133247.91864
973517278879854592 16483304.199505
973257314911191044 9611320.20849
972894898079911936 7934731.0614
972486449152045056 22638292.637675
972145840381886464 13025838.33265
971808548660350976 5731280.110985
971807771975929862 3269600.310405
971168460590997505 29342726.19278
970596561221836800 30655171.735045
970357799434752000 19448670.78726
970066347832070145 19788998.36485
969327748303998977 11670888.824595
969282372976996352 25088927.324175
967832392143687681 6199070.2774
967724094564298753 22207483.88001
967477797324279809 18797107.67363
967096733065912322 4406458.123925
966729439160799232 5367383.048885
965959919156580352 23581515.79498
965363520673116165 25077191.890465
964093317997826048 17479435.425595
963901646270017537 42811108.716805
963509895399202816 26314047.433245
962640574288408579 18710028.78316
961212899384614912 10365198.552995
960787411402985474 8033348.1514
960787316221644801 12212740.4256
960643488365924357 13704225.29476
960596355860361220 9982416.31816
960524672377991169 47220771.896155
960330097122332673 12318260.7119
960121414031495170 22636665.45569
959402006321467392 15643924.83797
959094580082827264 6842349.55547
958792017017946113 3849222.25688
958765686888783877 29886451.518495
958429627990470656 6528796.517815
958333497864785920 7748196.835665
957987624102309889 14052590.165185
957322653689315328 20118034.285635
956507790725480448 21639893.218515
955154581117394949 22986558.89101
954776762654785536 11352059.772625
954422739133181952 21125950.25398
954382962987945984 8634074.155135
953321374298333184 10545125.4337
952920511050403840 6597335.395365
951363054637207552 7315366.427655
951104714590089216 20103537.573405
949341127806738432 12533640.43646
948614950250954753 10511151.846195
948133938098262017 39330024.056895
947029517410824198 11073269.259195
946440635254374401 7044613.20706
946128342079758337 15625335.516505
945965470842310656 7776302.706315
945653856284889089 33190419.884765
945040702693609472 25214516.18829
944184883856969729 23828305.062705
943542046471720960 4543979.65593
943179127376379904 12563472.106185
942812380169457664 25306180.773445
942680841804644354 4005974.121435
942438092887220224 20845828.409835
942350773157064704 32617405.28332
942136576817205248 36856855.36533
941696097441013761 15377954.54624
941209515629993984 8806111.66864
941055844648673281 18649625.815535
940878171867631616 18115219.804825
940642424757534721 8163424.09311
939954072349790208 39836126.962775
939437656030830592 47348974.113155
939214942342909953 26956685.70023
939058341103460352 15332935.844655
938878078562045955 60524020.102975
938758507142221824 20767920.908735
938740174745427969 7136327.10076
937722509193089024 7821025.55663
936657278597550082 3007130.92537
936290922073133058 7371676.786045
936217139735875584 25142821.56386
935526626204545024 34135220.91551
935124961760604161 6776128.179535
934859784980979713 4982086.078255
934547115795210240 22697561.508765
933711759076073472 8848221.16607
933396039276646412 6570412.929795
933283482947735557 19009183.725675
933273604439015424 11279576.211475
932903311971422208 13591604.57798
932530283785703427 26098421.16596
931439134266228737 6603400.3464
930857963933143040 6350200.967825
930794699555786752 13670153.090165
929807173806448646 69354095.724485
929770775631892480 8045280.81929
929651230670032896 30560055.55174
929048909443403776 8893782.26165
928961465746448384 17973112.578135
928593037634060288 7336371.867825
928328773254004736 9972357.37498
927991094012506114 19074271.005075
927596454511656960 3811402.602865
927514326847586304 6812468.5772
926520882402676737 2281555.685695
926418685190742017 6711484.67704
926196583628247040 19281218.96844
925059745257439232 5632663.020985
924986205653078016 15869264.88862
924214167782821888 4204835.48342
923964788941651968 6580669.107155
923874435458777088 8311251.11102
923250129343270912 29257619.64411
923196718979735553 47228661.263355
922903103791386624 31268964.503205
922758918421454848 27112500.70243
922572898761691137 46403088.29442
922475754130149376 10222894.092125
922357565773762560 5537349.6035
921691239984091136 25803556.06686
921049096449875969 16455247.6374
920703080857067520 17263759.849765
920042727793922048 16897150.81769
919986316854431746 5953710.95748
919915045156458496 15098375.09609
919518404255547392 18470783.72282
919259010909556736 15141076.29606
918891599815258112 8312828.98446
918553549289779200 4324951.09904
918167083879452673 8880912.731405
918050834398707712 17536731.954885
917385183552331776 16789460.95541
916969899846782978 17438460.0247
916603383074775040 19566912.67817
915984952616824832 3781866.78441
915909703758163968 15388210.7236
915220349259849728 7396626.909815
914882688716226561 3794933.548835
914108884025069569 27834969.50377
913810627738574848 10084583.6234
913728554243936258 11900370.793025
912791228269449217 38290057.5343
912388914975035393 8332108.625555
912348731026149376 17426182.196995
912242095204831237 14346666.327565
912028229011169281 84198088.03692
911920294973116421 11069916.278135
911273904521469953 5507024.848325
910922496043515906 9401117.881155
