1509273256796336138 275812.5818175
1509268935149035524 554423.5287175
1509267683413475333 196988.56099
1509259869794320389 272809.95651
1509254710087323662 793714.382305
1509253263350239233 475803.768115
1509247932402388998 1581117.1236575
1509246331960893445 834239.610945
1509243719496699906 991867.2265775
1509240441216114697 2871735.35532
1509238437081231362 1094017.7651
1509237762649698313 3172733.22288
1509235764516769797 4282622.0074625
1509231756909715467 1258917.0447425
1509230199921127439 1057455.184825
1509227651462012937 518698.415365
1509227124669956098 132993.8324975
1509222290457862145 191963.759455
1509215621871030290 1512179.29772
1509214644115845122 144146.4407825
1509214396526039052 111423.9527375
1509213642327310336 191636.943095
1509210897687928841 121228.4435375
1509208270573129735 1095815.25508
1509206008077369355 195436.18328
1509202925763112965 134546.2102075
1509200330373971971 188184.9452925
1509196554661466116 332862.46266
1509193887528611841 191555.239005
1509190553816154113 383518.99846
1509189497858424838 217700.547805
1509187722073812996 435339.8175425
1509183754518028292 176766.798715
1509167034550128640 1625502.87055
1509161671184498691 123434.4539675
1509122235587608577 249565.142905
1509081745681010691 241925.81049
1509063143552651265 221847.0303725
1509051554011230208 270787.7802825
1509040222171848709 1383944.728465
1509010281720172549 463057.930075
1508980467567108097 312824.5345875
1508949646185537543 918231.415465
1508911883331514385 1923518.538825
1508881677287837707 99576.8596875
1508870359730302991 255039.316935
1508859402903855108 165695.89452
1508839339043741707 1878254.472965
1508817950794559503 498108.984685
1508786357891739653 233939.2356925
1508752242899394560 1254648.00604
1508736092362661891 169086.614255
1508700733440503810 365666.654795
1508640353431265285 803008.2225425
1508610219202564096 511365.4732875
1508579766382825474 352410.1661925
1508525674746855425 7955322.983075
1508517496990707717 1409824.4989725
1508482419426578433 1650300.061865
1508477793948086284 261330.531865
1508445974523428881 233755.40149
1508421155551653896 222602.793205
1508403191184039946 83338.1718
1508402703579467784 213737.89944
1508402349550804992 292990.86674
1508402079798382596 283901.2867275
1508401814336593926 137834.79983
1508401154442543108 134587.0622525
1508386480204488704 2004242.179745
1508338406966894598 1075144.12031
1508277705787256835 2204090.383885
1508247499575906310 1229013.3478025
1508217304852549636 739687.5527925
1508191916223041536 3386879.64277
1508183325889990667 1351998.429275
1508172043786891270 996483.5076625
1508136546804936708 405374.842535
1508114650319179786 97329.9972125
1508104140261662725 1539856.5582075
1508066477248815109 3498916.3761825
1508051586853052422 166676.3436
1508049504322342921 147598.438585
1508006189883346947 1188549.39723
1508001287144878082 193740.8234125
1507900212446216198 3209745.17565
1507870290340200461 231467.68697
1507851685447843844 2900168.37864
1507842009570193412 564350.5756525
1507838316904960000 1115179.12441
1507835538753175555 3499692.5650375
1507825161407508485 136609.23848
1507817469955686403 486711.26413
1507816715819827200 248727.6759825
1507815296651907072 1826208.967635
1507805933480648707 184651.2434
1507805675019247622 186121.91702
1507795530109366274 441426.7722475
1507787224162648064 564146.3154275
1507778199073263616 327817.2351025
1507764645343502337 37461.325265
1507764640511627271 162734.1212575
1507764582818983943 68468.02742
1507764546211090437 46264.9409625
1507764499708882950 70878.298075
1507764460898983941 248502.989735
1507735279527944195 222970.46161
1507719018706259975 179483.4597075
1507697453923028994 144575.387255
1507688865238331399 381415.1181425
1507670373080477698 314519.894455
1507658653939163139 151908.3293325
1507628753081540610 852030.6765425
1507583122405158912 2728446.8074825
1507538131821674505 817919.2189675
1507500088536535048 352226.33199
1507432517309239309 183262.27387
1507424055015653404 42547.4048675
1507424052524240899 98657.688675
1507424006638649344 51861.6711275
1507423976993218560 38033.253895
1507423941639421968 132135.9395525
1507423910303776811 323936.2908275
1507421121473306627 304837.95979
1507403918837489668 374000.471975
1507386836225777667 175725.0715675
1507357491360903168 457502.051955
1507354480165240838 757825.8607725
1507330259263410199 3853879.7951875
1507298090268729346 2801878.35837
1507288681953996805 228281.22746
1507266291396231179 363052.123915
1507236080134893570 552135.8141975
1507206086062923777 172885.85444
1507191064234496012 314867.1368375
1507175788688334851 209101.1923325
1507145515745652744 313580.29742
1507131778393387012 429436.69704
1507122887156805634 395100.5532175
1507113071491399688 2179885.5472225
1507090360413130752 281143.77369
1507067227941609475 1112932.261935
1507041013008941067 67528.430385
1507039602934226951 319238.3056525
1507039154932224013 646524.46417
1507038522628358145 475905.8982275
1507038058486583310 210735.2741325
1507037458499874819 570907.328875
1507024596788260864 210571.8659525
1507001941506805762 2558379.7441475
1506979462109351951 547151.8647075
1506949663227887620 327245.3064725
1506946296996900872 176787.2247375
1506934106755641344 898152.6353475
1506918755661664257 7209711.8837575
1506903949990928384 309617.649055
1506888579741622272 2057554.09847
1506843248643362817 763831.1113875
1506828397334437894 356965.16921
1506813082982666245 1279261.3631525
1506797954333503489 5229449.8544275
1506790654881538048 514286.394505
1506782882500694017 2905867.2389175
1506763973324017672 842879.8184625
1506756434511515660 2623354.92172
1506755178980065282 367423.29273
1506727958135902217 166472.083375
1506726347523207177 194435.3081775
1506725596759564295 213533.639215
1506724793223163910 272850.808555
1506724386476285954 216066.466005
1506723412244418572 721508.3927675
1506692441331707911 68284.1932175
1506683475562307588 244601.6194375
1506683149031510021 218864.8310875
1506682782575218695 160834.501165
1506682283889147910 184732.94749
1506681895102332928 357577.949885
1506669612682911748 118797.74686
1506662059030720516 3295657.026285
1506647388181704717 321423.89006
1506631865700077571 1625441.5924825
1506616753333354502 4088819.9059825
1506586673190162432 1885955.0834475
1506563906520551425 1785949.2772875
1506541521939673088 739932.6650625
1506488409241567234 2530845.4658175
1506465776093569024 913472.1522225
1506450697394565122 170863.6782125
1506420461906935810 2382797.6547375
1506392778699386895 4975411.412595
1506390285575675910 734703.6033025
1506359558826082319 187674.29473
1506344967098183681 409460.047035
1506322364308627467 130379.3016175
1506319912117149702 419999.874645
1506319583808004103 269174.124505
1506318955220283396 153624.1152225
1506317582655180802 213533.639215
1506316824190894080 594642.36702
1506284709311045635 13333617.26346
1506269472340025348 3611831.4285625
1506246816408420355 2870101.27352
1506238248972136457 572786.522945
1506212142189527044 533200.89134
1506204229706436609 1311044.2541625
1506179122132832260 544925.428255
1506148669388562432 2043889.0894175
1506118471913857027 5044287.960465
1506088271528534016 1086112.8943925
1506073454415646728 1241350.6653925
1506058076054450179 310271.281775
1506053881318580229 148844.4259575
1506029524735123457 10949941.289755
1505982582843797504 2728467.233505
1505971249813499905 1827924.753525
1505968069901959176 584286.3736125
1505937526380535820 2508172.5808425
1505922440379179011 1829477.131235
1505915168462680068 1362293.144615
1505910437937885190 363031.6978925
1505891994597474308 8395646.7501075
1505869331107704838 2222759.76845
1505861787161448449 2131414.59583
1505854550967738371 1743646.98469
1505846687071453184 4369412.177065
1505839131368243203 1575459.115425
1505831589141520387 2813255.6529025
1505824030217195523 2122774.3883125
1505816799857754112 1046465.98472
1505808930445791233 4474912.5832775
1505801380446892033 412932.47086
1505794088993529860 571989.9080675
1505786282739486722 692299.1805925
1505778982389788676 870761.339175
1505771191033815040 384560.7256075
1505763892852666374 519862.6986475
1505756348738420736 468654.66024
1505748801860128768 1004674.342685
1505740992577777666 420204.13487
1505733708946489345 496760.8672
1505725893343330304 471330.4691875
1505718590888194051 777271.4341925
1505710797225345025 862693.0602875
1505703075700428808 4328866.5224025
1505699164021301250 1538222.4764075
1505696839034679296 4073173.5727475
1505693158595862528 17871237.7358125
1505689896937209864 5724433.65767
1505687081997189121 1998645.44958
1505684559488331778 11729786.4027825
1505681020288483331 4288565.98001
1505678371388153860 6183385.9572225
1505676032120082434 2903599.95042
1505670671732555781 2323500.91142
1505666503722803201 12737708.483045
1505666080806686732 7098716.8774925
1505665629591937024 2368519.86501
1505665042389344257 4183596.6503825
1505663645107249159 10666530.2275675
1505663428463144961 4123993.5167275
1505662671282229257 8985856.670245
1505661848259108870 455541.153795
1505660275835424772 760358.6875625
1505659301259579392 1882114.9912175
1505658376461684742 521149.538065
1505654152474550280 11589806.87059
1505653471122444299 1303772.5901525
1505652149065236480 981695.0673725
1505650660049571846 4228942.4203325
1505648453493440513 2908931.1422925
1505647874784301056 1711802.8156125
1505647338341244931 3134291.448535
1505645835509538827 1089728.300375
1505645025547497474 8701424.3069325
1505643500339138565 1115015.71623
1505641125213872137 15496079.41349
1505640794950184961 340481.3690525
1505639428160638976 455255.18948
1505638242326134785 247910.6350825
1505636050655399937 242701.999345
1505635864088653829 1873515.635745
1505633160092131335 1260551.1265425
1505631602323431426 340889.8895025
1505630597863116800 287925.21316
1505629612562427909 232203.02378
1505628241096318976 1261061.777105
1505617767906824192 968438.57877
1505614969383043081 1766503.7038675
1505606460872577027 359457.143955
1505602327834767360 386399.0676325
1505582837617020930 470574.706355
1505559788683333634 1253647.1309375
1505545555547668493 572071.6121575
1505536047261921285 616865.8795
1505530111004758021 259982.41438
1505515051872051204 2766377.931265
1505499417285210115 1485359.9301775
1505489792087343106 686069.24373
1505469193487069188 5690812.424635
1505454366479818754 379883.166455
1505424148021010435 1145021.5432825
1505393965104865283 1027040.8373225
1505378603596320773 1309124.2080475
1505365033592700930 291928.71357
1505341356365037568 391485.147235
1505332350456057862 1908158.169905
1505317435909550081 190554.3639025
1505307151903899662 2604052.3304575
1505265992796155905 2144834.4926125
1505254023963852805 2251294.9218825
1505248340342190080 583265.0724875
1505229791091466246 156565.4624625
1505204333700341761 398164.4565925
1505197885423599619 112955.904425
1505182918167126019 1362293.144615
1505167234787954697 276323.23238
1505152827609563141 373183.431075
1505137010251636736 163837.1264725
1505118354721456128 127458.3804
1505107074040139780 626895.0565475
1505091994858754048 856892.0698975
1505076973466537985 4036427.15827
1505046417391468545 446512.85185
1505016869362753539 257388.3095225
1505001118933434368 220069.966415
1504986484465704961 367913.51727
1504957504836583429 315479.9175125
1504940717520539652 573930.380205
1504926040510054406 309862.761325
1504895540470992899 201809.1023
1504880553983721484 676775.4034925
1504873492969312257 342809.9356175
1504865516967636992 168310.4254
1504850146097520647 625955.4595125
1504818092031029250 1896188.52072
1504800917010399233 2466728.18119
1504793168415498241 148354.2014175
1504779345159729159 1259386.84326
1504744422659051538 744528.520125
1504729583895076871 410624.3303175
1504714221099143170 2841913.36247
1504699387007668224 590945.2569475
1504684258417426439 445307.7165225
1504668933403684865 237227.825315
1504654077103419400 309045.720425
1504638984735141903 273320.6070725
1504623888474558469 241925.81049
1504616072221143053 153624.1152225
1504608527247192072 352369.3141475
1504599929121128461 1614574.9485125
1504585871558803456 2876331.2103825
1504577939156918277 2499042.148785
1504576521750695936 538777.1954825
1504572655285981184 190166.269475
1504563142323486731 1927910.1336625
1504559185803071497 395447.7956
1504556948770988035 1951134.521245
1504550583960756226 2866016.06902
1504549091237367816 807032.148975
1504548192473468938 4215747.2097975
1504544665370083338 1953156.6974725
1504544021410111488 16177716.2103375
1504543447033729026 2088519.94858
1504543077473599488 4075073.19284
1504539898031886345 235348.631245
1504536346651725835 286372.83545
1504533302178369542 225482.8623775
1504531310207025162 454111.33222
1504530891435085829 301876.1865275
1504528161962446854 4585621.6252275
1504527836014649345 320341.3108675
1504523733188415495 623422.6327225
1504521725303734273 619909.3568525
1504518268199092239 476661.66106
1504516680545976322 2572882.2201225
1504514528217899018 185733.8225925
1504514113191489540 2116891.6938325
1504512905219383300 765260.9329625
1504508275101945863 436013.876285
1504507487139123201 1291231.0123375
1504504389221986306 414525.700615
1504501291678109703 238167.42235
1504499363879522304 208079.8912075
1504498353844936720 166022.71088
1504492287501508621 676121.7707725
1504480188263854082 96696.790515
1504473087969951748 380189.5567925
1504465347625193474 351470.5691575
1504457797722910721 349836.4873575
1504450248340615175 245970.162945
1504442766767570956 313641.5754875
1504427632942850049 469471.70114
1504420038715052037 566556.5860825
1504412518105636866 266191.92522
1504397413896830987 201768.250255
1504389594166575108 408459.1719325
1504382094776193027 2787682.2727325
1504367205944811520 266110.22113
1504336768908341249 142798.3232975
1504291444886065160 1558730.2029975
1504276334758928397 142798.3232975
1504261252243206148 883548.02926
1504246132641304576 902033.5796225
1504224577106370561 1425654.66641
1504206370677014533 1401919.628265
1504192286497939460 1214939.8183
1504171996854292483 143799.1984
1504160438229078016 181301.37571
1504150236696129542 813139.5297025
1504140629286207488 232693.24832
1504139286861520900 212634.894225
1504138254144180226 170516.43583
1504137567180103680 151867.4772875
1504137348233187334 204587.04136
1504135929585451016 197969.01007
1504134798792708102 286352.4094275
1504133238343847937 214738.7745425
1504132540206129154 164613.3153275
1504131735314960391 113058.0345375
1504114713143267328 2403223.6772375
1504100265577918479 1101779.65365
1504072098628751375 217537.139625
1504033378470879233 1780087.00883
1504026113630167041 219661.445965
1504016349340876800 897253.8903575
1503990602899275777 1831744.4197325
1503944399964758019 440528.0272575
1503929297190412289 206547.93952
1503913992502267911 617601.21631
1503883995486040064 315132.67513
1503864870458085376 985290.0473325
1503853855557263363 290601.0221075
1503846253725204481 442305.091215
1503832421925535745 1807539.58307
1503826660226969608 5187903.3246625
1503816116401065985 1361088.0092875
1503812311487860736 301488.0921
1503808510794022914 294318.5582025
1503800699540361218 255080.16898
1503793422662082560 374082.176065
1503778176073441284 142982.1575
1503770754743255044 337397.039655
1503748121003798536 316521.64466
1503733026055987202 1328998.72794
1503707134730637316 197907.7320025
1503642418603823105 324589.9235475
1503589670814466048 212675.74627
1503559353554636802 576422.35495
1503529242323308545 188246.22336
1503495458588667907 2613754.691145
1503491919409819658 153052.1865925
1503484254717726726 520005.680805
1503453411316011015 281164.1997125
1503450120376967177 1619946.99243
1503423558034280449 2984466.5734975
1503415285566562307 444654.0838025
1503403724328296464 2464951.1172325
1503383353659203589 1389030.8080675
1503371227745894407 377023.523305
1503345604658933760 312722.404475
1503320047175061506 861324.51678
1503302415423983620 531199.141135
1503280036467687426 873335.01801
1503249602492911618 223011.313655
1503235007330066433 471187.48703
1503219370117386242 3603252.4991125
1503204543299035138 224727.099545
1503189181778075650 270828.6323275
1503163424947281926 3522120.3377425
1503158975193182208 187265.77428
1503145000216977415 391015.3487175
1503137831572713473 298179.076455
1503132609118879762 1085050.7412225
1503130263110438918 1769710.5894
1503127238560169990 1855642.8660575
1503126261014618116 3547938.8301825
1503125819912241154 1438339.2263825
1503125249931591684 1065400.9075775
1503123320773959692 175030.5868025
1503122368247611406 2973722.4856625
1503122064160571395 364870.0399175
1503121575809323019 173151.3927325
1503119617757175809 685803.7054375
1503118843358679046 103069.709535
1503118313928417280 724633.57421
1503115428209790976 170250.8975375
1503112841078976519 420204.13487
1503110960281706499 293481.09128
1503108746909822981 926115.86015
1503108375994900492 105479.98019
1503105796833431555 390770.2364475
1503104979955073029 3335058.8236875
1503104292412174339 322547.3212975
1503102460478558217 251893.70947
1503102041807327234 1002304.924075
1503099689960415234 159711.0699275
1503099385311379461 154910.95464
1503099119547699201 275097.67103
1503098762335600640 150784.898095
1503097372259323910 1090831.30559
1503096136592154626 169147.8923225
1503094409616891913 530668.06455
1503085200649371648 192127.167635
1503081042042834949 1561426.4379675
1503078978344701964 375369.0154825
1503077101578207232 209775.251075
1503053274269818885 495024.6552875
1503038197730840576 1279383.9192875
1503027360479776768 200706.097085
1503015779301826565 314213.5041175
1503008220683636736 172477.33399
1503008021873668101 298097.372365
1502996831168610306 1023262.02316
1502995441989914632 610411.25639
1502962921600692230 130889.95218
1502959913663873025 141940.4303525
1502952707765813254 178543.8626725
1502932516474585089 710560.0447075
1502917655258451968 187919.407
1502872478221225986 222071.71662
1502841891859087363 1071508.288305
1502827030366326784 201318.87776
1502796622090190853 951199.01578
1502774726820872200 649813.0537925
1502766420987371522 175806.7756575
1502759077465702401 686518.616225
1502751282624401410 78578.9085575
1502736184144846848 570927.7548975
1502728902900424717 244213.52501
1502721115566874628 457645.0341125
1502706033504006145 1094181.17328
1502675832917139462 1447387.95435
1502660711507501063 636740.3993925
1502636036123418625 2648744.4676875
1502620795499171842 162897.5294375
1502620541668241408 135914.753715
1502620077082005507 169188.7443675
1502617693828096008 127315.3982425
1502616305022783489 78170.3881075
1502610453813510157 836363.917285
1502600291203620865 119573.935715
1502588795581083650 105030.607695
1502570399506259968 153910.0795375
1502555271834517506 371937.4437025
1502509946423975936 480624.309425
1502495040244957186 183221.421825
1502479509416783872 961350.7489625
1502464642983108613 227116.9441775
1502449327368818688 2357714.4991075
1502420664329945093 170638.991965
1502404000708239361 180096.2403825
1502396462013026305 744691.928305
1502389148707082248 320933.66552
1502385120732401673 1070098.8927525
1502366584798593034 216556.690545
1502358696516460544 550808.122735
1502351430706946049 662742.726035
1502343713019867143 712357.5346875
1502329254540976137 143349.825905
1502313407751462913 1093139.4461325
1502268220681691136 144514.1091875
1502244150904856579 377758.860115
1502192856265547776 237003.1390675
1502132722868838402 433991.7000575
1502102275719938114 179810.2760675
1502063534678716423 228934.86018
1502056943359340563 148538.03562
1502040286960267266 2609097.558015
1502036692282355724 204852.5796525
1502035781308846082 362255.5090375
1502031829288820736 255284.429205
1502030999609348104 143737.9203325
1502027765750583296 125354.5000825
1502025423022174218 1064665.5707675
1502024186667143175 220662.3210675
1502019044567928839 218946.5351775
1502011752912986122 218844.405065
1502010829138542592 379576.7761175
1502003119202476046 242375.182985
1501994932587933697 232100.8936675
1501993972293591044 410991.9987225
1501991795445612548 815508.9483125
1501987125037830147 280878.2353975
1501979268594778123 225258.17613
1501975651095658497 1373752.1432375
1501966694314659841 875969.9749125
1501936189288312841 218006.9381425
1501921328223461381 569477.5073
1501906250669309953 274770.85467
1501875518186016768 122474.43091
1501852864871735298 131564.0109225
1501845325904072711 2840156.724535
1501830493561626625 362766.1596
1501777365571182592 1070425.7091125
1501747415547797508 182220.5467225
1501714386867662848 129010.75811
1501637039468560390 789424.91758
1501605829954482181 2679506.0575725
1501585797375569925 1479865.330125
1501556968519049217 2324808.17686
1501537419690192900 209795.6770975
1501534751076847623 102824.597265
1501532033641758720 1749917.7735975
1501531225441378310 282287.63095
1501529132324245507 94266.0938375
1501511168002867201 591169.943195
1501503973412552706 111219.6925125
1501468091645054976 185652.1185025
1501437626682806274 2133579.754215
1501392340010819584 144534.53521
1501348205283454977 859812.991115
1501303832655155205 2904907.21586
1501253177840132101 379311.237825
1501241334887116806 315255.231265
1501207707679965187 829071.8272525
1501191952699740162 143165.9917025
1501151501154197506 195293.2011225
1501124346642935811 111464.8047825
1501113614626869249 152194.2936475
1501105714487611395 216801.802815
1501097901933555716 541453.00443
1501090374676357122 406028.475255
1501060142065987586 318645.951
1501030429591318535 224012.1887575
1501015296068444165 316174.4022775
1500999747246645255 1759946.950645
1500995863723786240 4097582.669635
1500976372465942532 1852292.9983675
1500970678438273037 147149.06609
1500943584052367363 120901.6271775
1500928019799711748 221152.5456075
1500909587914006537 157382.5033625
1500879200428961793 873804.8165275
1500840557328928774 1012906.0297525
1500837890670088193 302958.76572
1500808526079352832 1563959.2647575
1500773531809898500 1126209.17656
1500758154866409475 1817956.854545
1500743301804310535 495555.7318725
1500712853350793223 2577314.667005
1500682668475883522 343014.1958425
1500652456052731904 2838338.8085325
1500624072782319618 214922.608745
1500583540207071237 354493.6204875
1500568400543854597 302979.1917425
1500565203783766016 879850.9191875
1500563121030709252 172068.81354
1500553317608525825 249769.40313
1500540841047343111 2190425.3748325
1500537767276724225 430192.4598725
1500528069395763202 1285103.2055875
1500523709114818566 2058943.068
1500520125694464002 3324171.753695
1500519082914942987 4683033.32653
1500516438808969217 2004507.7180375
1500516155810852867 310373.4118875
1500515793951502338 490755.616585
1500515537146847234 188654.74381
1500513858821275652 198377.53052
1500512176867532803 149661.4668575
1500511755633627137 218456.3106375
1500511127184281604 271686.5252725
1500510334397960199 265926.3869275
1500506263029006336 117919.4278925
1500502796927488000 257755.9779275
1500501857340432386 530770.1946625
1500500586336329734 149906.5791275
1500497804883636234 237003.1390675
1500490539552190467 146086.91292
1500489887807643656 730005.6181275
1500489122980450306 846576.928535
1500487582492332036 187306.626325
1500485438762536973 406477.84775
1500478440901906437 220907.4333375
1500470679476518914 494840.821085
1500469211222757377 199255.8494875
1500465676250660864 195354.47919
1500457451451293700 214534.5143175
1500456316665487362 268888.16019
1500441400227336195 188634.3177875
1500395764530311168 1614227.70613
1500380913372434437 296095.62216
1500320266152562690 453192.1612075
1500290404197060609 210919.108335
1500267415728361474 276404.93647
1500250991970684934 261800.3303825
1500214019952680961 998750.79616
1500198050479984642 97656.8135725
1500186993237577739 985126.6391525
1500164460534771713 490796.46863
1500155721094213638 793612.2521925
1500139571232878594 1160647.450495
1500117149624504320 93265.218735
1500091201826869249 219763.5760775
1500086805101699075 94695.04031
1500051723691384833 3952782.5961325
1500048481888710656 184835.0776025
1500018547719872514 900195.2375975
1499988075111325700 2036964.66779
1499958304579198978 302366.4110675
1499943027971969024 291785.7314125
1499912585822359553 669360.757325
1499897479159898118 1068137.9945925
1499881120564801540 1146430.938835
1499867552490655745 285228.97819
1499864993206001666 1638718.5071075
1499852183990259713 3017229.9135875
1499846122529071106 311803.2334625
1499837173826215937 198929.0331275
1499829531544199174 698120.597005
1499822427500646400 140674.0169575
1499816934036185090 1286492.1751175
1499806892880580609 186632.5675825
1499801599488798726 304204.7530925
1499791928002584579 2123673.1333025
1499781246699847683 246215.275215
1499772807147921417 809973.496215
1499742737519755269 218231.62439
1499692956059672578 289028.218375
1499670985795981318 122372.3007975
1499610605841436673 1039541.5630925
1499580639863001106 337376.6136325
1499565341621600260 788648.728725
1499550228063694848 1846206.0436625
1499543046131699721 178809.400965
1499535167991521282 858587.429765
1499520276807274498 241333.4558375
1499516471273209859 490040.7057975
1499504976997015569 1009862.5524
1499489820464357382 1159789.55755
1499475827423158276 2417317.6327625
1499450022081048582 720956.89016
1499445640551669763 497925.1504825
1499427399758454784 2004283.03179
1499407171955658758 282042.51868
1499347227201974272 255059.7429575
1499331562919374855 525663.6890375
1499308932745076740 600218.6711625
1499293780364648451 370793.5864425
1499248442123694094 765934.991705
1499218383438589956 154849.6765725
1499188382391492609 230793.6282275
1499172851076767750 190554.3639025
1499142821533601792 208018.61314
1499127646260707336 506504.0799325
1499112476050444291 1187752.7823525
1499097215494541317 516308.5707325
1499067444119359488 255039.316935
1499051916122157056 666133.44577
1499038532563783680 82868.3732825
1499006005459537931 101639.88796
1499005214216663042 190819.902195
1499003370379567121 187817.2768875
1499002493669462017 158444.6565325
1499000789632700418 134975.15668
1498999403092316162 862509.226085
1498961572743499791 752269.9826525
1498946217652461570 3101099.1619725
1498931368306348032 335865.0879675
1498870966302216192 999690.393195
1498825662794244097 494595.708815
1498780202796830720 285617.0726175
1498757732928835590 671382.9335525
1498746142229614592 2431370.7362425
1498741666366332934 2002812.35817
1498734762881650693 307105.2482875
1498728240000770053 186244.473155
1498717892531085314 646197.64781
1498707205524275202 732824.4092325
1498701991110979590 338214.080555
1498655043255472129 7215022.6496075
1498629124373430274 1236223.733745
1498598927334998016 3623147.4450275
1498569002007863296 767446.51737
1498508327701024769 1705409.47057
1498478132105560065 4717614.5826225
1498448178835869699 1609080.34846
1498434431270506498 454703.6868725
1498425597667778570 294972.1909225
1498417898133594114 4960439.1381025
1498410179393507329 2034554.397135
1498402702052765696 295462.4154625
1498395079282593795 1389010.382045
1498387643763150848 346118.9512625
1498379979431809029 162407.3048975
1498372437569728514 2424078.64621
1498372333773459464 152664.092165
1498362375950548995 2551965.9730825
1498345323072208902 208182.02132
1498330873288171528 263475.2642275
1498283987911028736 1466220.747095
