1520388614206763009 143588.257528
1520387901724450816 14657.110815
1519161199807680513 206228.12059
1519014315029893123 40114.19802
1519014171433652224 78068.400762
1518667574011179008 47622.753034
1518667571159085062 90231.2313155
1518408407451332611 152562.5236235
1517552799650922498 481473.233158
1516986697770274817 29957.0773675
1516984738745040897 61045.580833
1516863386868494338 30162.7912035
1516863254152331264 116665.4592415
1516625002057113609 216796.6689145
1516488515780980736 745944.0835655
1515298976572092419 50657.032115
1513996491127353345 64079.859914
1513570617928429572 91259.8004955
1513247216835596288 140631.1211355
1512479286908776452 154773.9473605
1512153069517258754 342410.680022
1511722742768357386 124739.7273045
1511552283410108416 517293.1548515
1511048607796973577 62202.7211605
1511048606270246913 84214.1016125
1510376461730996231 63025.5765045
1510114868308983808 250996.5941495
1509620115943342080 133533.9937935
1509261783332229130 49011.321427
1508805635512717320 89639.804037
1508548372562591750 83365.532039
1508548370893316099 367456.339555
1508436245436850186 3623443.507304
1506479733768343564 786726.8515525
1506440722089660419 47854.1810995
1506350022312484881 62871.2911275
1505994524388118541 82156.9632525
1505969892788473857 81565.535974
1505969890464870411 319627.872685
1505394089927356418 184448.1682035
1504590937905074176 136722.5582515
1504455207509536768 114145.4647505
1504161279610601474 93985.5088225
1503940974493507586 480136.093224
1503469290619613188 69325.562732
1503469289050882050 96736.931379
1503451129685975046 78788.399188
1503422478244323336 217439.524652
1502301501112336386 158013.9402775
1502034022247145483 155005.375426
1500942800577249280 57291.303326
1500942798664654850 218185.2373075
1499610373745487872 58988.442473
1499605921252753408 73491.267911
1499118237187026961 399059.1276105
1498734785837121540 51119.888246
1498734784285134859 240659.4738905
1498363074062991370 105376.912491
1496200097323012096 66856.9967
1496200096110850050 540795.9606145
1496131358036566024 145079.682839
1493102708152102913 110648.3295385
1492860732580446211 84368.3869895
1491517512227463169 390342.00381
1491074114475671553 187636.7326615
1490792568979918853 233022.347729
1489768407197270018 58165.587129
1489754629453893634 50399.88982
1489751105806475266 257296.580377
1489210171662512128 54822.737294
1489060401274920961 52148.457426
1488658758083518464 213350.9621615
1488612007783849987 1766824.708945
1488346930627457029 44691.330871
1488346824058548226 97765.500559
1488346079225692163 48085.609165
1488343967204847618 61097.009292
1488341041107320835 43405.619396
1488339180434653186 37877.0600535
1488336322746015745 5103117.4154225
1488335381376512002 140399.69307
1488333997126078465 105711.1974745
1488333880738336770 23039.949632
1488333168818241538 25019.9453035
1488332574816706563 27668.510942
1488332295966760961 25611.372582
1488332153469517829 19748.528256
1488331975094161413 27899.9390075
1488331231351619586 28002.7959255
1488328755785478148 53819.8823435
1488216573026484231 63848.4318485
1487898581151494145 1234925.8717375
1487144687622397952 84111.2446945
1487144685625917443 286019.3747285
1486930907957235712 121756.8766825
1486009927999135754 1321788.5389885
1485682683736907780 86631.2391855
1485682682596139016 269536.553619
1483859180981215248 241430.9007755
1483278930614362113 86322.6684315
1483274209090539525 34277.0679235
1483273697377107970 35819.9216935
1483273108463267844 62408.4349965
1483272952342888452 36668.491267
1483272361663160327 22551.3792715
1483272105097674753 26871.3698275
1483271794584965127 29108.507794
1483270861373288448 24865.6599265
1483269765217062914 23091.378091
1483269547260092418 29802.7919905
1483269404846612480 34225.6394645
1483269280019927041 28259.9382205
1483268675285172224 36822.776644
1483268389770612740 20468.526682
1483268250087612417 29468.507007
1483267725170520075 67654.1378145
1483267338308886534 20339.9555345
1483266635297296385 35408.4940215
1483266314097545219 31705.6449735
1483266155305385986 34431.3533005
1483265891475365893 20699.9547475
1483265633672474626 25662.801041
1483265073628041219 26382.799467
1483264631288307712 23039.949632
1483263851240034304 23142.80655
1483263540601540613 24351.3753365
1483263032084029440 24222.804189
1483262311611744261 33017.070678
1483261996690780162 22345.6654355
1483261516069675008 41322.7668065
1483261020298752001 28105.6528435
1483260251185070085 31654.2165145
1483259415050477569 429427.63265
1483259277745831941 26279.942549
1483258954906058759 23811.376517
1483258712483676160 22139.9515995
1483257952555388929 39034.200381
1483256555097272320 28182.795532
1483255203797385221 31654.2165145
1483253349533245444 38288.4877255
1483250716001161217 84111.2446945
1483135889849135111 69659.8477155
1483135888423108619 305330.761083
1481623500427350017 1897092.995592
1481413620504440835 117102.601143
1481382589541851139 42017.051003
1481381930327318536 234153.773827
1481022313785171989 69016.991978
1481022312795287552 329913.564485
1481008978129821698 111394.042194
1480945103611043842 133122.5661215
1480737075796365315 144411.112872
1480735757077786627 66805.568241
1480735297294016515 54591.3092285
1480734393442443267 33839.926022
1480733947403419655 35639.922087
1480733596138840068 27257.08327
1480733321265037314 24325.661107
1480732850768986118 33479.926809
1480732144335003657 47314.18228
1480731641458925571 30857.0754
1480731130550759424 29211.364712
1480731025227534340 29211.364712
1480729352593682440 25071.3737625
1480728676866174980 251665.1641165
1480727640982142977 33737.069104
1480726913798791169 33351.3556615
1480726394447482884 41065.6245115
1480725361046474755 70096.989617
1480725134520602629 32168.5011045
1480724614108090371 28902.793958
1480724032681041922 91851.227774
1480723667470462981 43662.761691
1480722503488229381 42814.1921175
1480722038260219905 27179.9405815
1480721701965025285 66368.4263395
1480721357499416576 33171.356055
1480716829635010561 97739.7863295
1480584137253785604 97456.929805
1479861976826359811 100542.637345
1479566156688146433 1339968.499245
1479477828244676610 80845.537548
1478432639577169920 160842.5055225
1478185162483585026 80665.5379415
1478169656372432900 69762.7046335
1478084375514390531 84728.3862025
1478084293658394625 323587.864028
1478038729151369218 118285.4557
1477444857064996864 1999487.057461
1475658737297903617 162231.0739155
1475552761500807168 77116.9742705
1473315366441041920 184833.881646
1472565181658116106 86091.240366
1472226018106687498 76062.690861
1471682509184409604 54668.451917
1470559324443496452 202679.556919
1469351994922049537 182622.457909
1469255952448765954 171488.1965355
1468410084338417667 206665.2624915
1468328840992804872 107048.3374085
1468264161616486401 2030575.5609265
1468221171460100098 275142.25565
1468085863150235648 504307.468954
1468015464387383302 71331.272633
1467996482599104517 94011.223052
1467996480841687047 484661.797616
1467942450643804176 4181699.429749
1466449831862353920 7769708.728802
1466449037712834564 232405.206221
1466420381267468301 40294.1976265
1466419938277699589 77476.9734835
1465533293798080512 89665.5182665
1465530795003633667 139782.551562
1465529718078332928 44228.47474
1465529009756848131 65031.2864055
1465528876403150862 34071.3540875
1465528159399518210 69634.133486
1465527785057832970 99796.9246895
1465527415778721802 136773.9867105
1465527047309168642 64671.2871925
1465526558572126208 66342.71211
1465526326505480202 90694.0874465
1465525542741069832 56751.3045065
1465523309513170950 52534.1708685
1465522581784743936 49114.178345
1465522328272613378 68811.278142
1465520920852893710 58602.7290305
1465520423425224706 55568.4499495
1465520217761751046 44357.0458875
1465519776252502018 40217.054938
1465489718188154885 168016.775553
1465402707913674759 224588.080453
1465355478934990850 128905.4324835
1465015049957912578 69119.848896
1465015048238157825 247730.887003
1464398852941877255 160405.363621
1463314197131976711 104142.629475
1463166515289669650 427550.4938965
1462898073999392768 381342.023485
1461417599389126656 100902.636558
1461417597669453827 257193.723459
1461011913479962630 1603822.2081445
1460715610254553088 99514.068165
1460715607264055303 406747.682231
1460347625123860489 129471.1455325
1460022735585873924 1757181.8728825
1459968600039731206 139756.8373325
1459164143626424321 5060508.937141
1458823556012421135 3023684.818446
1458797111575781378 581553.014372
1458649636181352457 487953.218992
1457823789899784192 220782.374487
1457795727036334087 127079.722189
1457795723760586761 246188.033233
1456244843571646466 6452034.4665335
1455248710674309121 104759.770983
1455248708317110273 303530.765018
1454823668362752009 525547.422521
1454233344938491915 47185.6111325
1454231133693042691 77554.116172
1453852345033535518 107434.050851
1453437878726537219 566073.048213
1452687388648656899 109645.474588
1452687387348373514 298902.203708
1451127605172658180 187611.018432
1448683659175862275 148525.389592
1448439702428786692 24177675.7162275
1448335024621826048 145928.2524125
1448267287228788746 140733.9780535
1447994472827080706 92134.0842985
1447994471409459205 406439.111477
1447616058744057867 118259.7414705
1446260715673825281 138651.125464
1446220754631208961 255599.44123
1446130562205245444 619584.3598025
1445760746336374793 125254.0118945
1445126302202204165 357376.361591
1445126300683939844 454113.29297
1444338008870752263 425956.2116675
1442591958808018951 120856.87865
1442591957251993600 164159.641128
1441478767730323460 215845.242423
1441401334591275009 302399.33892
1440873183733694464 145773.9670355
1440867427865092102 245288.0352005
1440760230036471811 131091.141991
1440112137498677249 159916.7932605
1439752654016679939 544138.8104495
1439752082794455041 712258.4429205
1438948506442600455 120908.307109
1438948504773308426 502790.3294135
1437505715430731785 105788.340163
1437475822739337218 101648.3492135
1437475821757861891 239296.619727
1437459093753679881 1010414.933973
1436146227368890370 91748.370856
1435990699548233732 252076.5917885
1435751234917523464 88739.8060045
1435751233730584579 108256.906195
1435607478360739843 67396.9955195
1435415683131715585 77348.402336
1435342549242335237 52071.3147375
1435342547610705926 129805.430516
1433107665253711875 10031918.0690645
1429957584929312779 436499.0457625
1429806925475160070 171051.054634
1429806922585214978 308287.8974755
1427832853669285890 144308.255954
1426190822391877633 283113.666795
1426190819896270854 850780.997237
1425838673589850112 994292.1120765
1425499899244826628 92082.6558395
1425232357267841034 370747.760931
1425157765975187456 306436.4729515
1425093379839365137 752552.640547
1424822160057581574 160791.0770635
1424822158971310084 865155.2515275
1424725788117671938 576641.5965375
1423016287530278913 444239.028842
1422548702955245569 471367.5409645
1421879587261267974 172748.193781
1420169122495799296 237239.481367
1419691613052448773 780529.722243
1418953156818518016 485330.367583
1418950183321317392 307182.185607
1418950002341302274 5709227.518967
1418949932946444297 301627.912035
1418574378325917697 532927.4063875
1418214740577243140 429170.490355
1418214681521524757 292782.217087
1417888381523173381 378359.172863
1417484340984954882 154156.8058525
1417483370087473164 95039.792232
1416898363203723266 179536.750369
1416388682781761538 244388.037168
1416387845808328706 253593.731329
1416387282911875077 234770.915335
1416386655129321472 222196.6571095
1416385158643585024 232019.4927785
1416384523651231746 209699.5415725
1416384114500980746 134151.1353015
1416057705983262720 92596.9404295
1416057704796274695 577773.0226355
1415682511179378700 33531.355268
1415682432502681603 123376.873141
1415681689343299588 16226038.813713
1415507279592534016 7063210.2732895
1415379560988921861 3893674.3451195
1415340044592812033 7778605.852209
1415162088201326592 15753822.703175
1415158459427852290 3512820.891995
1415157488186531847 8797840.7669005
1414945957863698444 452313.296905
1414945041165004802 8810749.3101095
1414319035592941574 151688.2398205
1413877603556110341 248656.599265
1413877602637471746 1093060.467586
1413217216795922435 499524.622267
1412936504985493504 140528.2642175
1412815502884454405 4747335.3360605
1412814978395119618 33129261.8613085
1411786406758780932 392810.569842
1411329379465105410 73002.6975505
1408805329538744329 3720874.7228795
1408451105311232004 640464.3141565
1408254439085903878 448070.4490375
1408075207760297987 100851.208099
1407935721613131780 325825.0019945
1407104700298805253 102831.2037705
1407104698906288129 391679.143744
1406654476044304384 559824.4904445
1405988811587399689 377176.318306
1405514516583047172 218339.5226845
1405180861755150338 641287.1695005
1404810759243194378 108076.9065885
1404790787133612035 143562.5432985
1403730764533993476 363084.92054
1403730033227751426 62871.2911275
1403427131896602624 117745.4568805
1403427130168406016 433130.481698
1403408522067517443 48445.608378
1403385967575195648 8313204.683514
1403025213089005571 98434.070526
1402998273938321412 63025.5765045
1402845036132327425 123556.8727475
1402701632480190466 412996.2399995
1402633659325292545 131451.141204
1402633533621997580 117591.1715035
1402395504105959436 228419.5006485
1402370959135358978 52688.4562455
1402310709049016321 219573.8057005
1402222844650610690 883900.924833
1401972180146139140 218853.8072745
1401972179143696384 843812.4410425
1400271614743220226 182005.316401
1400198005186256898 904395.1657445
1400109004219629575 109028.33308
1399730451347034114 180385.3199425
1398386074997694466 56211.305687
1398370028236460032 98588.355903
1398248442405720064 141196.8341845
1398047244130131977 71099.8445675
1397998726069862403 238319.479006
1397898566857904128 716578.4334765
1397739678103703555 77759.830008
1397533952429236224 364396.3462445
1397162576321073154 246265.1759215
1396964610478157824 618015.791803
1396900034726318083 219290.949176
1396900033845415943 798632.539811
1396875331265511424 84934.1000385
1396838314536222726 248862.313101
1396629712731099137 128056.86291
1396111639246692356 16354249.962
1395823222403260416 232816.633893
1395770595367923715 247268.030872
1395431065729355778 98691.212821
1395391992499167233 79122.6841715
1395371817049722885 77399.830795
1395000819146240000 3011599.130581
1394981890336215041 130165.429729
1394636907330609154 230039.497107
1394634055564636164 123376.873141
1394365025687539712 279487.9604355
1394365023649153028 1166423.1643495
1393572868575924237 330427.849075
1392835141815439362 216873.811603
1392544450417676291 75908.405484
1392494979172470792 328267.853797
1392141810013806598 134588.277203
1392141809116135430 979737.8581795
1391523657902694408 823498.1997375
1391436302919294977 3165010.223778
1391029274254139394 188022.446104
1391026471616004097 442079.033564
1390793768551526404 214096.674817
1390525480231751681 48059.8949355
1390525215315222531 157011.085327
1390416492307435521 176528.1855175
1390352204628848640 716784.1473125
1390028480851570690 353982.083297
1390027347504467970 54025.5961795
1389651815080235010 796781.115287
1389596559612858370 728766.9782595
1389286274377338880 188048.1603335
1389286273442095111 680964.225619
1389239616839036934 243179.4683815
1387499951329001476 641055.741435
1387424580319469573 86219.8115135
1387418875415904256 402659.1197405
1387045346694496259 126616.866058
1387045344685350921 492993.207974
1387034081054052361 418396.2281945
1386825005472829440 928566.5414745
1385991332716498949 114274.035898
1385814359197327363 330916.4194355
1385722178163912707 290262.222596
1385608269192966144 58474.157883
1385605223989878789 368510.6229645
1385600881035517953 59811.297817
1385596385488248838 222736.655929
1385455505804509184 660701.412773
1385450757357543428 47648.4672635
1385448023245926400 70791.2738135
1385447552653348864 46491.326936
1385447386202480640 55131.308048
1385446326763147266 131682.5692695
1385444854612758530 43817.047068
1385441765109506051 282933.6671885
1384546520171614213 65005.572176
1384529667483394048 153513.950115
1384529665830932484 221193.802159
1384503079727353857 55928.4491625
1384502830371729428 254648.0147385
1384393615774871554 12900520.369396
1384209562912231434 161973.9316205
1383182566195220482 66831.2824705
1383066748249796609 344853.5318245
1382744775099490305 127774.0063855
1382339521497366530 212862.391801
1382339406112034816 105711.1974745
1381988606202368003 108102.620818
1381677765737512961 231608.0651065
1381677764722319362 608167.2419045
1380751654878814210 433850.480124
1380637126321053697 1651933.531539
1380636957110280199 378873.457453
1380628387945873411 1461982.5182225
1379589726303305730 257630.8653605
1379507109113438209 261616.570933
1379504896521691141 525238.851767
1379132609528266758 271002.2647005
1379132608613920773 314665.0263915
1376218603733716993 1282008.625952
1375816024302350344 637430.0350755
1375686818734075908 85988.383448
1375666437432340480 3964748.4754575
1375124284926877701 167451.062504
1374847953668562951 448404.734021
1374488027007836160 104425.4859995
1374155221404774404 349816.378118
1374060070565257222 96556.9317725
1374060069655040002 238962.3347435
1374052442657193988 463936.128639
1373777877871828995 761809.763167
1373773981728276484 121911.1620595
1373179405028061188 326005.001601
1372738459899662337 78145.5434505
1372562603331915785 122425.4466495
1372332479651086339 1060403.396121
1372182577654558723 235902.341433
1371859314164428806 367379.1968665
1371843605267091470 71511.2722395
1371802949215784968 92365.512364
1371599455007346690 99076.9262635
1371530208495435779 87531.237218
1371530207534927874 211730.965703
1370629143407194117 186119.593121
1370390545122480134 127954.005992
1370056234326315008 164725.354177
1369850638440353793 421121.9365215
1369729519582519299 967215.028413
1369671562421440515 722158.421278
1369671217897082887 247988.029298
1369303050293248005 73722.6959765
1369294740693282822 93728.3665275
1369004313826197507 157499.6556875
1369004312718938120 427113.351995
1368079925907841025 8072750.9234595
1367720625234534403 175705.3301735
1367343481014788096 781738.2910295
1367252778687459328 696855.61945
1367115346411356170 108256.906195
1366842544508841987 213119.534096
1366842543586050054 290133.6514485
1366772002350985219 121165.449404
1366536200132071428 989689.264996
1366436968951767047 746586.939303
1366190193536073734 688421.352174
1366143993558364162 620484.357835
1365386942544707584 259662.289491
1365319317928046593 225848.0776985
1364816859392925698 450693.3004465
1364635140526325761 159685.365195
1364606349024387072 141659.6903155
1364606189716258822 375222.036864
1364453848102756353 421661.935341
1363872238898831362 1056417.6905485
1362137102222123012 631850.047274
1361853823136899074 171076.7688635
1361000713770258435 419630.5112105
1361000502889119749 547790.2310385
1360236501397741575 1270797.22189
1359873879389335555 13250619.6040385
1359695280724140034 278973.6758455
1359592197373403138 324025.0059295
1359577816971563008 128905.4324835
1359509404589068292 198179.5667565
1359309233922052096 655327.1388075
1358891994970550272 268405.127521
1358891994005782531 1351257.0459955
1358528576715247616 537890.252681
1357844898632790017 114505.4639635
1357753785204969472 113734.0370785
1357342417301635079 252899.4471325
1357333307743031296 439044.754483
1357164147335720961 155365.374639
1357079628624486400 1678084.9029405
1356865098233520137 158579.6533265
1356624329119649792 184473.882433
1356616560077492226 146133.9662485
1356426907869343744 578595.8779795
1356357597964615681 140836.8349715
1356357596945514510 542184.5290075
1356009344131862537 201779.5588865
1355700641004453905 588212.9998125
1355531473907052549 127105.4364185
1355348016304070657 226079.505764
1355214835022131200 131553.998122
1355171002779656193 92416.940823
1354814048588582915 36257.063595
1354813773727469569 73825.5528945
1354813539270025221 40679.911069
1354812718033768454 169868.200077
1354804943916462081 86759.810333
1354795974829383680 153822.520869
1354795813013053447 97174.0732805
1354456734463631360 93316.9388555
1354455398175006722 156805.371491
1354455058146947074 89485.51866
1354176380439851011 124508.299239
1354176379252834306 274885.113355
1354168763537477632 405616.256133
1354094139810308100 1387128.396148
1354084652525514753 206073.835213
1354081483829489666 82208.3917115
1352992475116408838 155339.6604095
1352663612301611015 249016.598478
1352637420508864515 67628.423585
1352631760618713088 193268.148922
1352505634000785408 344622.103759
1351934851281166338 2468386.0323935
1351610980472651776 186788.163088
1351610979537342466 714521.2951165
1351555106005610497 863638.111987
1351553808531402753 121962.5905185
1351356477492125698 137339.6997595
1350462279595261952 202010.986952
1350284423292325890 380673.453518
1350104906020089857 140219.6934635
1349784646158962688 904986.593023
1349732710684606471 166062.494111
1349501544060780547 177788.182763
1349372805582901248 168273.917848
1349371784492175362 132762.5669085
1349068929642201089 244388.037168
1349068928379727872 678341.37421
1349010346539954182 139756.8373325
1348991839685246978 270333.6947335
1348824969912922113 74674.122468
1348822073213378560 165136.781849
1347920317210103809 219753.805307
1347568248460603392 196739.5699045
1347562514884734977 223353.797437
1347196850747682816 6027286.8236525
1346863259333361664 130371.143565
1346862088447291393 501736.046004
1346831589314097153 131579.7123515
1346692486463434753 142685.924028
1346626146398593024 67792.53693
1346622907011780611 197074.31988
1346466163920920581 296511.94995
1346237743807033347 2627185.92357
