1520767568222597120 109754.654492
1520751390318116866 45243.466156
1520719689420140544 116748.124024
1520689484660019200 206317.545756
1520509828971601925 136831.411164
1520327597946593280 234943.875852
1520296643517722624 169250.118324
1520131700357009409 118236.530076
1520086643671191557 516701.180408
1520064111551332352 396548.072676
1520059724137385986 324757.967072
1520053541750165505 222445.34284
1520047754248003584 157913.76538
1520042809314709505 240591.6632
1520030670151634944 668946.769316
1520021513696649217 614956.368964
1520006474247950336 102394.180728
1519998681004396544 991115.31764
1519995202538295299 27708.819516
1519992760350261248 759556.036372
1519987724496875522 92077.283984
1519982530690174978 1649806.357584
1519982201936433152 35803.301744
1519981813489442817 120438.555468
1519969774243135489 92668.56858
1519968822530297858 230600.99244
1519800891804721154 391756.628536
1519735767995670530 100090.209716
1519716389027819524 948726.328844
1519714933029707776 474434.526356
1519712562258100224 243446.14056
1519708264392445962 208601.127644
1519668149033082881 216634.4425
1519645973802364928 57089.5472
1519645058823249928 641095.225932
1519642158940270593 116258.785048
1519620522031693824 1509753.464828
1519602327161688065 189272.238092
1519587722951749632 720062.303184
1519577279017496576 160115.790772
1519443338675597313 327632.833556
1519441757523652608 346818.99924
1519439062494547977 223199.740428
1519433133933973507 71219.210132
1519432128806727682 141459.742312
1519429914100965382 254598.991388
1519428309834158081 620441.04332
1519425036058308608 372631.630224
1519424899948761088 181402.036228
1519423766245396481 283388.434476
1519423389777149952 234964.264976
1519421916418875393 725445.03192
1519421021086011392 215166.425572
1519418509461176326 855507.253916
1519417902167994369 199426.021844
1519416260047605764 491500.223144
1519414464344477697 175224.131656
1519412455377678337 146026.906088
1519412070629974026 118216.140952
1519411059072942081 181402.036228
1519410231431897088 187131.380072
1519409351555006464 115789.835196
1519408750272159747 96827.949876
1519405185965117440 194451.075588
1519403801173798912 117767.580224
1519402171762102272 27831.15426
1519401358872485890 236085.666796
1519399252530712577 163622.7201
1519398261420924928 25404.848504
1519398040070672388 166864.590816
1519396459669512192 533950.379312
1519394285266907136 30542.907752
1519393735557140480 254374.711024
1519391144727257089 112670.299224
1519390170533052416 41940.428068
1519387232850821120 163643.109224
1519384747822170112 135608.063724
1519381347655200768 127921.363976
1519380654978629632 151837.806428
1519378705960812544 240673.219696
1519378478889586688 75582.482668
1519375978677555200 56926.434208
1519375716663672837 110182.826096
1519373733303132162 101232.00066
1519368869730787328 148759.048704
1519366111262920706 123048.36334
1519355198426263554 213188.680544
1519351667053019141 378055.137208
1519350340109443073 22142.588664
1519350205891682304 117563.688984
1519349653711380481 174714.403556
1519345332819222528 96583.280388
1519340711551934465 43428.83412
1519340487785816064 220549.154308
1519337333912477696 70260.921304
1519332050796429312 339152.688616
1519328402196549635 65856.87052
1519322652904730626 111263.449668
1519289663181271041 311973.986324
1519285231819255808 208723.462388
1519280839992950785 292502.372904
1519270142223466498 303532.888988
1519255035418394624 146883.249296
1519243560993935360 45814.361628
1519239943918215169 148025.04024
1519229530594021376 48954.286724
1519224837331464197 115891.780816
1519214261406420992 748178.90518
1519180287908868096 450395.74916
1519115921381597185 494069.252768
1519091366659301377 289444.004304
1519090525634285568 512276.7405
1519089345906544648 497657.738592
1519086612218585088 888863.86078
1519078759458033666 382907.74872
1519071683050618881 694820.567672
1519069685890887681 135893.51146
1519067303849177088 249481.321264
1519066061492137984 665562.174732
1519065335072182273 156771.974436
1519062449290420226 465891.4834
1519060512092438530 569835.237552
1519060111326695424 190903.368012
1519059551630368772 152143.643288
1519058672177008645 610776.598544
1519056781569314817 735374.535308
1519056099470721026 1529755.195472
1519055271267647489 246728.789524
1519054554742022147 688316.437116
1519054159261179910 163826.61134
1519053684449107969 174163.897208
1519053568195637258 137830.47824
1519053000588898305 851001.257512
1519052184234692609 126432.957924
1519051622327934978 47975.608772
1519051391393845250 176263.97698
1519050843890274304 202382.444824
1519050219324903430 196286.096748
1519049574358425601 198161.896156
1519049146916868097 240469.328456
1519048975474647042 110101.2696
1519047793956077575 140990.79246
1519047286667595782 115952.948188
1519046851969826818 91873.392744
1519046131203952641 28157.380244
1519045991562944513 94972.539592
1519044513980891137 230295.15558
1519042112985120768 290952.79948
1519041680330174466 167435.486288
1519040239762821128 116707.345776
1519039636995194882 297089.925804
1519038940606607362 362049.674868
1519038341034958848 424277.281316
1519037443508510721 140827.679468
1519035831784202241 316296.480612
1519035379143303170 175305.688152
1519033153956032514 136178.959196
1519032237316091904 194084.071356
1519031892980477954 140481.06436
1519030949647953920 30237.070892
1519030815019216898 172002.650064
1519030488962408449 205277.700432
1519029666501345280 125005.719244
1519028988408213504 103168.96744
1519027821166964739 28891.388708
1519027531080425472 51033.977372
1519024660037267456 170983.193864
1519022751373316102 163051.824628
1519021864877793285 456532.875484
1519021658673233921 118848.203796
1519019887582187521 132957.477604
1519018445010001921 333892.294624
1519016855704375301 122783.304728
1519016117444001794 114566.487756
1519012838714580993 72870.729176
1519006833389850629 190169.359548
1518999328152502275 178731.060984
1518998723665272833 179872.851928
1518996361420722177 206501.047872
1518988482810634245 217857.78994
1518986211766984704 274070.604808
1518984436603363328 62472.275936
1518969704211226624 60209.083172
1518969525215154176 233883.641404
1518948157912142146 64959.749064
1518945262160465922 155222.401012
1518943854174650371 315868.309008
1518941959347392514 97052.23024
1518934022969335811 126106.73194
1518926242573164549 328366.84202
1518915293208326144 124312.489028
1518909986524569604 1412497.343348
1518899940335841280 152367.923652
1518892647775019008 73706.68326
1518883079196188674 1787249.442468
1518877552315674624 194716.1342
1518871012783255553 86327.551016
1518862447200907264 193615.121504
1518847350227103749 1009934.479092
1518802052775919619 1917739.836068
1518693914680741889 321862.711464
1518666404907880449 349469.58536
1518643683071086597 663095.090728
1518637841735159808 84288.638616
1518628226502901763 142479.198512
1518608016978989058 108816.754788
1518604228826124288 211435.21588
1518602368362991616 182115.655568
1518596290879406080 102027.176496
1518593638019784705 229622.314488
1518569386449195010 82453.617456
1518565688243326977 169352.063944
1518560957139759105 65632.590156
1518546882699661313 95767.715428
1518544577770180608 100253.322708
1518543719632453633 887599.735092
1518534530763833345 43551.168864
1518534035571675139 259614.715892
1518531474886176768 174999.851292
1518525594111205377 352364.840968
1518516432417566723 94422.033244
1518514272980160512 174551.290564
1518512176297828355 158892.443332
1518505767665610752 509157.204528
1518492506887012354 436531.14484
1518289079321997318 260389.502604
1518249642118594562 191168.426624
1518235401995137025 198957.071992
1518145972408365056 209233.190488
1517895098624876546 407048.471536
1517837187584307204 156547.694072
1517822464235126784 332424.277696
1517817551736221696 179770.906308
1517545124972146688 114811.157244
1517518840460152832 48464.947748
1517512846174822402 167435.486288
1517502971227127809 537069.915284
1517492165244456960 457858.168544
1517486129745997824 143355.930844
1517467250118340610 177201.876684
1517459838829277184 1539847.811852
1517456601665396736 152796.095256
1517433569408335872 1175127.16174
1517428724626567168 815055.2319
1517152964439203848 378136.693704
1517138344324435968 117298.630372
1517136523333750785 533114.425228
1517133313776922624 100987.331172
1517126015079776257 73951.352748
1517110650098528256 771279.782672
1517109668375674885 124495.991144
1517100857430626305 76255.32376
1517098853962502144 74012.52012
1517097122532892676 54255.458964
1517096091610722313 79497.194476
1517095490915127297 565920.525744
1517089233483272195 302329.930672
1517072756080357377 196856.99222
1517051555828142083 137239.193644
1516884597748944897 196734.657476
1516792051068596232 155018.509772
1516782364776673281 213351.793536
1516772314481893378 581212.368744
1516767370865426439 161930.422808
1516751487816409090 185969.200004
1516745233270284289 101660.172264
1516743741356269568 225850.326548
1516737526886764545 243772.366544
1516731158024835072 66753.991976
1516729610901364736 84961.479708
1516713790867398658 94523.978864
1516702071944323072 1202183.529288
1516465417946083331 58537.175004
1516465220591525890 341905.220356
1516423874962808832 102659.23934
1516423667189747713 421198.523592
1516401231408762885 81984.667604
1516398653782507525 332424.277696
1516391456549883904 2248920.3772
1516379583226032133 96868.728124
1516370925209403393 56375.92786
1516368882390515720 23916.442452
1516368662030168068 116748.124024
1516359368496848903 175142.57516
1516355728726016002 90527.71056
1516354873540976645 188069.279776
1516354044629032960 349958.924336
1516346555674112003 330772.758652
1516342532824784898 178364.056752
1516084141246218243 115076.215856
1516069042360143872 151266.910956
1516054189343969280 173042.495388
1516038839776604163 393448.925828
1516023745760006146 162766.376892
1516008642704654338 2247024.188668
1515993544133029888 139257.71692
1515985991517024264 137341.139264
1515978447222419458 269258.771544
1515963343676268548 1750406.2954
1515656738728517633 86816.889992
1515330796650962946 213637.241272
1515327371649466376 117889.914968
1515314565965389826 134303.159788
1515270022339379206 103087.410944
1515238565009051649 171023.972112
1514997572783456258 310709.860636
1514992653838045192 142560.755008
1514977567794765839 75664.039164
1514977232372092937 734253.133488
1514961237301501953 667886.534868
1514957965832376325 470356.701556
1514954307573108743 32989.602632
1514954178141032454 197142.439956
1514943619953795072 1539093.414264
1514938984195137539 329304.741724
1514936561074606087 710010.465052
1514928521650466820 280635.902736
1514921490055053312 125026.108368
1514920844270931971 304409.62132
1514912318848704519 25771.852736
1514911184293699594 104922.432104
1514898609740959745 970685.415392
1514891280324521986 81393.383008
1514886559841009664 659159.989796
1514633452930359303 396670.40742
1514617874135990283 499920.931356
1514605646238285833 526630.683796
1514596372934062087 167863.657892
1514582678342881280 678855.88358
1514569972521050116 476045.267152
1514558484557279240 173164.830132
1514541395083681793 81841.943736
1514541205022990339 749422.641744
1514539204088377348 156568.083196
1514531404863971332 209396.30348
1514528893641789441 383315.5312
1514527438797250563 39228.674576
1514527126686367751 408822.325324
1514523855083167744 1049876.773008
1514516305671442434 463138.95166
1514514040856358914 282450.534772
1514387590148931587 251173.618556
1514387009065963522 473843.24176
1514372393627754496 286711.861688
1514370149108830210 201057.151764
1514368783330250759 268647.097824
1514365999444811786 230295.15558
1514364813572546563 180137.91054
1514363457218519045 106268.114288
1514362318221725712 92648.179456
1514360802861629449 176957.207196
1514360382265122822 160095.401648
1514359613847654402 404499.831036
1514359025424646147 373141.358324
1514358617704701953 59617.798576
1514358218381840390 104983.599476
1514357990790512643 703669.447488
1514357204215816195 885499.65532
1514355733915213833 230927.218424
1514353843743739906 441424.5346
1514353143445966848 248808.480172
1514347401917734922 218245.183296
1514346415975186434 128879.652804
1514345723608842255 111630.4539
1514344089076051974 109652.708872
1514343637957632015 245097.659604
1514343152928366593 98295.966804
1514340859545800713 74542.637344
1514340717002375172 99927.096724
1514340242945368067 54010.789476
1514339960534577154 107063.290124
1514338862205747208 76010.654272
1514338486538719239 216919.890236
1514337777747431427 336746.771984
1514336694325153800 83248.793292
1514335250456981517 112160.571124
1514334114643648515 128594.205068
1514331296671092746 178098.99814
1514330700006277123 133263.314464
1514329662863904769 179301.956456
1514329277629620225 119684.15788
1514328222531522565 222995.849188
1514327146663186437 157913.76538
1514326236037849092 75398.980552
1514324531984408585 132937.08848
1514323259168374790 84309.02774
1514318920190148612 170228.796276
1514317583293554696 112364.462364
1514316740603224065 136077.013576
1514312107243843590 319966.522932
1514311531734908930 264752.77514
1514310863594926084 74889.252452
1514310544085368845 113852.868416
1514309970958987265 94218.142004
1514309501645729807 91037.43866
1514305895861305351 71993.996844
1514302813911887888 160727.464492
1514296073640099845 58720.67712
1514294062064545796 65856.87052
1514292040716406785 194389.908216
1514287515821297670 185765.308764
1514276520277258240 81311.826512
1514271945453355014 232395.235352
1514266890251784195 457287.273072
1514259835071746057 170024.905036
1514225211104804868 312422.547052
1514219335409180673 541127.35096
1514211806864035847 98866.862276
1514196710603468800 70709.482032
1514189904992899077 118929.760292
1514181607556628480 135241.059492
1514174051069018113 67182.16358
1514166503276437504 466543.935368
1514160882665889795 97643.514836
1514158951604142083 97745.460456
1514151409440022528 293195.60312
1514137056703827969 216043.157904
1514121207548841985 308405.889624
1514021545399623682 850022.57956
1514017693673963525 255271.83248
1514016907757826055 156812.752684
1514014143183044624 303227.052128
1514013182330818567 80720.541916
1514011232646406145 160176.958144
1514007699352174595 236778.897012
1514007302289952778 525978.231828
1514004916116889607 455594.97578
1514002779123195914 867394.113208
1513999230028890114 282409.756524
1513998421702627333 343434.404656
1513997337437343749 454922.134688
1513995080792784901 317112.045572
1513993176981426182 314257.568212
1513992105462489088 656652.127544
1513991436978606082 332811.671052
1513990502164705280 425113.2354
1513989538452217856 372529.684604
1513988644775899141 553585.105724
1513988233461383177 763368.80256
1513987311285026820 71321.155752
1513987054279049219 226054.217788
1513986078969143309 190801.422392
1513985868436017161 367391.625356
1513984649193832458 314746.907188
1513983687754403850 775153.716232
1513982699991703558 245077.27048
1513982300303892486 101517.448396
1513979567517708294 146373.521196
1513979364504911880 186723.597592
1513978604396462088 179220.39996
1513977588385001485 246300.61792
1513976919540305922 137850.867364
1513976023326629900 204808.75058
1513974828080017414 166069.41498
1513974611423252480 138217.871596
1513973692891635712 164519.841556
1513973355346632714 96195.887032
1513972513113579542 154957.3424
1513971344622370817 137361.528388
1513969591080431619 193513.175884
1513969231611707406 116625.78928
1513967808723537924 211761.441864
1513962617907388416 130204.945864
1513962055144980487 149064.885564
1513960488757080074 177038.763692
1513959760718086149 254578.602264
1513958976353878021 124699.882384
1513958525738881033 51115.533868
1513957311479689216 83330.349788
1513955235387133961 65041.30556
1513954101335371776 128186.422588
1513953010275303427 132101.134396
1513950081409552394 299822.06842
1513947776161308682 95686.158932
1513947142892752899 62798.50192
1513946619770769409 85511.986056
1513945065923788803 152979.597372
1513943295050883074 99193.08826
1513942100827676679 227685.347708
1513934371681619974 176896.039824
1513932044233019394 202525.168692
1513930074910769154 203096.064164
1513924656989982726 140175.2275
1513915628046151680 190210.137796
1513914224019398661 67365.665696
1513913418675281923 170310.352772
1513912566883487753 141194.6837
1513910641207226373 121498.789916
1513906125632069633 130184.55674
1513902881870598154 92709.346828
1513899334496301057 309058.341592
1513892782762512385 98295.966804
1513883603507322891 81760.38724
1513871035577380865 133813.820812
1513869608989741057 89508.25436
1513861529359327243 392979.975976
1513861187154362370 46956.152572
1513841720273752064 169617.122556
1513830045118349312 139910.168888
1513826765172613125 173062.884512
1513811664625405960 209906.03158
1513804117000527875 165457.74126
1513794668873588738 81230.270016
1513794566524227588 40574.35676
1513789018554568706 634387.204136
1513781715109662722 306040.75124
1513774417205243905 1356406.863224
1513758816084455428 491296.331904
1513562527841480706 93708.413904
1513556480976326660 375261.82722
1513555574948044801 109652.708872
1513554972318867458 65265.585924
1513552953604456452 344555.806476
1513547629074038788 155813.685608
1513546163156357120 94483.200616
1513537724279660547 91180.162528
1513530578221547523 89528.643484
1513512311469842435 285773.961984
1513506844156870670 568265.275004
1513501955393478665 98928.029648
1513488229491695618 76805.830108
1513482257599811586 115851.002568
1513475018201649158 296722.921572
1513462730765778947 46793.03958
1513461775320203265 222567.677584
1513456827584978944 251887.237896
1513454884435156994 507954.246212
1513446255380336645 161787.69894
1513444798274883588 620522.599816
1513434175487029254 1325374.616496
1513426626964602881 520085.774992
1513217752487673861 175795.027128
1513216376508502023 224259.974876
1513177231945871366 173654.169108
1513175218881060866 125454.279972
1513172450569297921 166517.975708
1513168675557232641 113057.69258
1513167139779358726 131754.519288
1513165720611438599 259818.607132
1512876156424491020 283938.940824
1512825665430728707 110733.332444
1512821218159775748 361601.11414
1512798989669867529 87448.952836
1512791843909648387 153795.162332
1512789963691155458 76132.989016
1512787995967037440 65877.259644
1512777354761936899 86184.827148
1512747152161710083 53439.894004
1512724502634905605 297069.53668
1512716949033209856 143722.935076
1512686759678779396 108347.804936
1512467277861556229 250888.17082
1512458404425572353 160401.238508
1512454061529907201 40431.632892
1512453978235228168 361723.448884
1512437993948291079 202382.444824
1512428930732601352 155752.518236
1512422255640424458 125352.334352
1512410736538144775 154936.953276
1512407413453996034 86062.492404
1512399356384747526 62818.891044
1512396790800302088 114179.0944
1512395803184320526 35619.799628
1512390796724609033 169331.67482
1512379360656957442 126779.573032
1512377488072134656 110366.328212
1512374463257628672 471518.881624
1512373130542649347 77743.729812
1512367647240986626 386068.06294
1512360601040867330 130857.397832
1512355304134127620 77539.838572
1512188970301636608 379013.426036
1512105468960911364 432596.043908
1512084721034928139 815646.516496
1512059492174761987 207398.169328
1512018429737418754 190434.41816
1511999729328132100 541616.689936
1511984632706879489 288465.326352
1511961980805922820 276700.801804
1511838151156940805 411880.693924
1511834718718803972 201546.49074
1511831542984847370 399219.04792
1511830534971961347 274947.33714
1511826927614582792 703669.447488
1511823753625407497 306326.198976
1511821064904617988 212719.730692
1511820324224000001 529403.60466
1511819100615491584 582231.824944
1511818637576916999 122538.63524
1511815708979736576 238980.922404
1511814697447833602 259818.607132
1511811850639392768 278800.881576
1511811166292566018 1446241.343568
1511810878299164688 69751.193204
1511810345442201604 293868.444212
1511804401559777283 246851.124268
1511803098909626370 135465.339856
1511801965113659392 619564.310988
1511800807473270785 252111.51826
1511800247323926539 199996.917316
1511799413332750337 479980.368084
1511798184691081222 146679.358056
1511796886935642119 178098.99814
1511794719948521479 315990.643752
1511793612622909443 178486.391496
1511791756551114761 236065.277672
1511790872937082881 107797.298588
1511790332110852103 113037.303456
1511790062874279938 355708.657304
1511788275786203143 590897.202644
1511787245182898180 344698.530344
1511786947118829570 152082.475916
1511786364861300747 114484.93126
1511784829595095040 135383.78336
1511783509748244483 56946.823332
1511782995224670217 129878.71988
1511780843865452552 64857.803444
1511780111045087239 102965.0762
1511779149769326593 97154.17586
1511774442413867009 105574.884072
1511773516621922312 56049.701876
1511772357211439105 90262.651948
1511771395927248903 118073.417084
1511770344155189249 93545.300912
1511766710432456711 58761.455368
1511761280423628802 61534.376232
1511754760084467712 152490.258396
1511751743717232643 118807.425548
1511743957436403714 142275.307272
1511740541372878854 434125.228208
1511735907690369030 89528.643484
1511726862422192138 97419.234472
1511724114922418180 271623.909928
1511723183073894400 79211.74674
1511717263963009037 122538.63524
1511716973360689156 304776.625552
1511690193992093700 124373.6564
1511683104112533506 108612.863548
1511675093415432195 219753.978472
1511659991169654787 137443.084884
1511652435365818368 81434.161256
1511644888500035591 153897.107952
1511629791417491458 189904.300936
1511627733570367494 69995.862692
1511614689775562759 432330.985296
1511607136408649728 197223.996452
1511599587106201602 1420387.934336
1511584488517619712 447704.384792
1511472247508242435 247116.18288
1511470737563037701 1061294.682448
1511469291589275650 191046.09188
1511468527550713858 204482.524596
1511462165798133760 142295.696396
1511461039061221383 426295.804592
1511459046028718086 67630.724308
1511457730543947777 359337.921376
1511455040824877063 145333.675872
1511451343608852490 146393.91032
1511448542015115268 238573.139924
1511446709381083137 359868.0386
1511445334169460736 113159.6382
1511444209022210054 430108.57078
1511442803926130695 186009.978252
1511441528840929284 84268.249492
1511440903147294725 263121.64522
1511440123740758027 102333.013356
1511438525174067209 246178.283176
1511437401805279241 132508.916876
1511437070258122753 139910.168888
1511435528142573577 82942.956432
1511434625591263232 188905.23386
1511432858098929667 98194.021184
1511431444341694468 145884.18222
1511429769593823233 159279.836688
1511427784962416642 98377.5233
1511427369793474560 127839.80748
1511426724428500993 107817.687712
1511426220319289367 208499.182024
1511425214650982403 168108.32738
1511424551602864142 129878.71988
1511423527370510336 98724.138408
1511421771156754440 194654.966828
1511419207996645384 45895.918124
1511418766176964611 82983.73468
1511417900225208326 154182.555688
1511415505911005194 611000.878908
1511414964828971009 128655.37244
1511411629602353156 170310.352772
1511410472951689221 78742.796888
1511409650008219660 92485.066464
1511407978028716034 90976.271288
1511406788058529798 112221.738496
1511406400282537992 80924.433156
1511404080828141570 51319.425108
1511401318526689283 105472.938452
1511400291652059140 143865.658944
1511396854499528704 137606.197876
1511391903778066437 213861.521636
1511389548064002049 56702.153844
1511388892007743497 171492.921964
1511386551028269063 238002.244452
1511381147388940292 79007.8555
1511377059540611077 150961.074096
1511367060286226440 77825.286308
1511364821664649223 235739.051688
1511362512775692302 33050.770004
1511362162215768064 165906.301988
1511359489068384261 56824.488588
1511350951566876679 139849.001516
1511347045977706505 179424.2912
1511341807879311361 90588.877932
1511334915010441217 41084.08486
1511329196601221122 134017.712052
1511324414805221381 99580.481616
1511315113600499712 107491.461728
1511303888628072450 112323.684116
1511301740578197505 115280.107096
1511297873673134088 71158.04276
1511290049257775105 432881.491644
1511283651337674755 513459.309692
1511267403228930050 514601.100636
1511252302111203328 499655.872744
1511244750438891523 319742.242568
1511241043953520644 47302.76768
1511237201463455747 463628.290636
1511222100693979151 341354.714008
1511024866962640897 176692.148584
1511010825229721602 28177.769368
1511010000994545669 263264.369088
1511003158687858691 84003.19088
1510988331500421129 72299.833704
1510982530773753863 134303.159788
1510980519252561927 172247.319552
1510970857249726470 49667.906064
1510970650424393735 220691.878176
1510958613384339457 73808.62888
1510947391112945671 211414.826756
1510939479594483713 74787.306832
1510932604048093190 816706.750944
1510924858905051140 60739.200396
1510918720847290372 463363.232024
1510912561071284226 94890.983096
1510910068308516866 33458.552484
1510909828532682752 157424.426404
1510906044272332801 119724.936128
1510892351484538883 183339.003008
1510882361231224835 149982.396144
1510874812205330437 353812.468772
1510644000885256198 149860.0614
1510591095788519426 281634.969812
1510365550316339202 215268.371192
1510291105157423104 168128.716504
1510255002828394503 193533.565008
1510230838021017602 102027.176496
1510230330137092096 181361.25798
1510224730091147265 89650.978228
1510180242781990912 272052.081532
1509930750581301253 101415.502776
1509927351232176144 96440.55652
1509923488143917058 81209.880892
1509913051008577548 256209.732184
1509907300315770904 119154.040656
1509900564003528717 126045.564568
1509899536994611218 90344.208444
1509896662285758481 93341.409672
1509895657812865039 76275.712884
1509894590677069824 93402.577044
1509892897260384291 183685.618116
1509873890616659976 237390.570732
1509872779327426608 198916.293744
1509851075226087427 71810.494728
1509848957652025349 266159.624696
1509847038447403013 369695.596368
1509841004995788801 60902.313388
1509839728018923522 336971.052348
1509835823562338306 198039.561412
1509830552232370176 257351.523128
1509823959994449933 203646.570512
1509821595845640213 173185.219256
1509820837007966223 21775.584432
1509816063042764831 96012.384916
1509559653046398986 579275.401964
1509558444587634694 348266.627044
1509556447230705671 139624.721152
1509548883021598725 319130.568848
1509545048735731722 129470.9374
1509540518849564672 939306.553556
1509515827216883715 59434.29646
1509505765928755206 148453.211844
1509501432214532098 123843.539176
1509477454041260032 128961.2093
1509470772410077190 173225.997504
1509468884738449414 97358.0671
1509464995050004481 254864.05
1509458008270675972 188721.731744
1509179181439062016 1742943.876016
1509165799650455555 407150.417156
1509165117845520390 125535.836468
1509160233511403527 939877.449028
1509150733014339589 283306.87798
1509140985128833035 22550.371144
1509131259699675136 144885.115144
1509125806693523456 237879.909708
1509122616141008901 269735.701968
1509111568423952384 188662.325952
1509109472001679365 170382.649992
1509107449164349440 135570.915444
1509106675545952261 762182.137308
1509104632601137155 209191.808184
1508841836571414528 547365.813444
1508833610887016457 157024.425252
1508808575883350025 414868.294068
1508804872728104978 26053.560132
1508804299773648909 113193.37806
1508790710572621833 929632.004124
1508785072517877769 107769.73794
1508784902992453635 127817.118828
1508775465481342980 170201.861988
1508773866163814403 266220.379668
1508748111857991689 849241.605012
1508740202457710596 522075.58044
1508734310731366403 830660.615712
1508474506347696134 105961.8579
1508469457009758210 949960.610796
1508467377528320008 289300.981512
1508460448349396994 838916.601228
1508449677573869569 463460.092032
1508443792843673605 1300388.025216
1508437380566589451 237816.575484
1508429408583000067 92442.932712
1508425004622524422 43770.784524
1508420455497179143 391325.678436
1508401208289026055 74424.39498
1508398559254700034 89369.536644
1508396433871110152 195974.196336
1508377984864034818 169739.8482
1508376671845560320 273592.51272
1508096109062893588 107890.263276
1508029152418570244 666947.034312
1508017876137037826 381723.826668
1507401937297235968 121369.013352
1507386832463532036 65706.395676
1507377286034731013 94210.63764
1507371981053693955 204852.896088
1507370071752126467 208729.794396
1507356639715737605 547888.0899
1507311331539628033 229861.903308
1507296231105597442 1164314.920872
1507288682881077249 612931.596228
1507281141228879892 615844.291848
1507032581438685191 109497.267756
1507032374567129103 798118.774992
1507018967692369940 111988.1247
1507001792378269709 115021.345656
1506999765879300098 602385.629328
1506989514845270025 26977.587708
1506988320752082950 147824.324604
1506974108566708225 812180.064192
1506968571729092609 113052.765168
1506964048276975617 72395.551824
1506957651648909318 902333.01552
1506946676396806145 437145.393672
1506937073458196480 79406.108868
1506928278371770368 906772.365396
1506919343778635780 1355970.292668
1506917418232336395 223212.922272
1506705024944316416 413683.128264
1506677832608620548 870775.465044
1506669432982155267 91157.329128
1506656803635007488 154171.9923
1506650669171761152 125466.874776
1506615604563824640 842090.435076
1506609069880139786 179703.275976
1506600478406320129 564821.899608
1506590505005719556 380357.87286
1506589868138323974 153810.416292
1506574050239434752 103189.775172
1506339715770949645 94170.462528
1506309877110616066 209312.33352
1506301333552484357 29488.532208
1506299784726040583 111465.848244
1506294521667141641 275340.130092
1506284571431620608 320316.167976
1506270584371568654 100658.743116
1506266331066290178 111546.198468
1506263866711461892 1219314.6492
1506244589509824519 531737.694876
1506232731117703170 29468.444652
1506231495203119106 77156.302596
1506226725109252098 132577.8696
1506220948273434634 353862.386496
1505976074756370432 284379.530292
1505974291497730050 1461671.01234
1505961386949726214 287894.852592
1505955554472116227 169559.060196
1505953367721648130 4527554.334396
1505942884511789057 51303.618024
1505941438575558660 332268.263796
1505929002569158661 276163.719888
1505923486337929218 202241.513808
1505907023485050885 199328.818188
1505904018673053704 165662.074332
1505897377600782336 458860.041708
1505888908567101440 406090.032096
1505884343264333831 820677.10038
1505863242178043909 241291.722672
1505842598744936450 74725.70832
1505641648461697026 221465.3049
1505564570236112898 286669.511676
1505560227801935875 442227.54534
1505284573395099649 139849.564872
1505279653019369474 561929.291544
1505182553346658308 640712.686176
1505166406433873921 331946.8629
1505159124618821636 661181.90574
1505153863862652933 97203.683484
1505122155322826752 120203.935104
1504939221894811660 204792.63342
1504910512940797953 124040.6583
1504872761868619832 180928.616892
1504859535143546882 273110.411376
1504858165803954188 112369.788264
1504835354335100929 243179.952936
1504822017329086473 390682.876644
1504811214152650757 143344.799616
1504804791586807808 128138.519724
1504801462773235718 819070.0959
1504795502679797762 414044.704272
1504791345818386437 521834.529768
1504788156671012866 131372.61624
1504787244384727053 249407.095296
1504781917299822592 1105920.39558
1504780874243584004 96922.4577
1504780761005764621 83745.020964
1504780667787304963 77176.390152
1504780605007015956 187858.823712
1504780078546403328 414908.46918
1504779715990728715 4204325.4708
1504779321671626768 471937.040664
1504779145292754961 586134.796524
1504778416389828632 1627172.386224
1504778111312965632 826723.454736
1504777865723842565 935437.307808
1504777551612424213 3146615.20962
1504777055610802177 188200.312164
1504774628601827331 223052.221824
1504771812189736962 861173.613276
1504767067240730624 207986.554824
1504764653464870917 174118.935408
1504760691676401686 405567.75564
1504758692947841025 344762.723628
1504756656688844817 110019.544212
1504753978877247495 331083.097992
1504752505728782337 149732.642424
1504749899816095774 139387.551084
1504747120947040258 224217.300072
1504746408901029889 316158.043884
1504739460168179712 1032359.765508
1504494755199307781 332730.277584
1504482549090848770 140110.7031
1504477568275156998 2050216.315584
1504471391655006211 245670.80988
1504460912870277124 139387.551084
1504457305147990021 92322.407376
1504447691820052488 213410.194944
1504444477695578114 438210.03414
1504438206359642115 115704.32256
1504433511247323139 1146557.521368
1504409240588406784 412538.137572
1504388975858966537 394198.198944
1504366933201854467 611686.167756
1504252531551215616 143545.675176
1504244710898077697 136595.3808
1504241423893291009 204832.808532
1504241230540165122 82399.154712
1504237314901516293 99152.176416
1504233375946661891 209854.697532
1504232240305381376 113916.530076
1504231621708365831 158048.890608
1504229880984227840 162046.314252
1504227982260457474 167891.793048
1504227648159068170 55903.668348
1504226957373886469 127154.22948
1504224978211856384 213410.194944
1504223770223030279 1964482.626576
1504223224711852036 330761.697096
1504221255041433606 209995.310424
1504219282326138881 184725.164976
1504216720361377805 204290.44452
1504213282437144576 168173.018832
1504212703514181633 239102.179068
1504212125673136131 144871.453872
1504211627419262987 126210.114348
1504211106822344706 176469.17946
1504209819531677706 106323.433908
1504209388592148485 121529.7138
1504209036216094725 56486.207472
1504208546891812864 87461.218824
1504207867829755910 97786.222608
1504206988087078921 131613.666912
1504204445671903236 89570.412204
1504202125655617537 171226.327344
1504201109035966464 79064.620416
1504198908771287047 210276.536208
1504197849902428178 109718.230872
1504197179795197952 71511.69936
1504196196453203974 114137.493192
1504195520113352711 88063.845504
1504194992218247173 135189.25188
1504194115642310664 104153.97786
1504192785083207688 122132.34048
1504189928728666112 96842.107476
1504188708928565251 54537.71454
1504185900883980288 67895.93928
1504185353779007492 170543.35044
1504184042475991041 146197.232568
1504180515351547905 113253.640728
1504179099488731143 106062.29568
1504177719185223688 53151.673176
1504176393621585920 49776.963768
1504175955937484806 57691.460832
1504175099615846412 64943.068548
1504171948313620489 58053.03684
1504169085122265094 83724.933408
1504166807292235781 103330.388064
1504163791134679051 591658.874424
1504144416747008005 399802.627068
1504136111555293187 288638.092164
1504123457193365507 50078.277108
1504121985604927495 390763.226868
1504109660076400643 30673.698012
1504104177131212802 300770.975988
1504098116626173958 164195.682744
1504093393961594881 90514.527336
1504083039143538693 86356.403244
1504080038110515204 160057.646208
1504075021219676160 24446.555652
1504075017482645505 262464.006696
1504064943343210498 221846.968464
1504057392329199619 59559.60354
1504049850140147717 230163.216648
1504048531660804101 150013.868208
1504035998963048448 161363.337348
1504029843553505281 34751.47188
1504027191771811840 90735.490452
1504019646810243072 249045.519288
1504004548582649859 203466.854724
1503989447301423104 258908.509284
1503893522243588096 120645.861336
1503887445489815552 126993.529032
1503886521048440837 204431.057412
1503886329574305793 54879.202992
1503881730364788741 253364.343828
1503875294385557509 28142.665956
1503874957981401093 95355.628332
1503873434731921408 109216.041972
1503870645809164293 293579.63094
1503869497240961026 63295.888956
1503869264532541456 259430.78574
1503867662375559171 291470.43756
1503866365970681863 532360.409112
1503863419778310150 198003.039492
1503862679777288192 392068.918008
1503862083024211971 110381.12022
1503861441186742272 123638.90718
1503855807334600716 272025.683352
1503851513063612420 187678.035708
1503850691600830467 320697.83154
1503849421171273730 150536.144664
1503848117422198785 116829.225696
1503847717826707462 84287.384976
1503846369508872196 105379.318776
1503845448490041355 125205.736548
1503844582232141825 153187.702056
1503841470503174147 231026.981556
1503839859533926406 159093.44352
1503838540110696450 192599.486928
1503837508869799944 121509.626244
1503836232320786442 191354.058456
1503835477379624975 159716.157756
1503834147671977994 120565.511112
1503831251253407745 275541.005652
1503830686108639235 155196.457656
1503829787139354626 153087.264276
1503829215896088586 87220.168152
1503827891666268173 182013.344916
1503825609046306823 335060.43408
1503824921478193163 125707.925448
1503823679003807748 68558.828628
1503823377680809989 81394.776912
1503822991100203009 244545.906744
1503822437007474700 210156.010872
1503819585413341192 92904.9465
1503818711794397184 74263.694532
1503816901742542857 77276.827932
1503816288057151493 131171.74068
1503814003054759936 102125.134704
1503811465135939587 62974.48806
1503810967951585283 70788.547344
1503809549106561025 63557.027184
1503808818660130819 27439.601496
1503808618847739907 73178.966508
1503807232164745218 113916.530076
1503803387112050690 82178.191596
1503801235962535937 125326.261884
1503800412327063553 214977.024312
1503799424245547020 35695.587012
1503799317789913089 123317.506284
1503795213956964353 265738.278324
1503786806487265289 98107.623504
1503784664116383756 80229.698664
1503779906404114433 308042.67126
1503775526506352643 46341.991692
1503768971669123078 184343.501412
1503767574961704963 31698.163368
1503763944934158339 93326.785176
1503762031572393989 94451.688312
1503750461614141459 158410.466616
1503747765033127947 163814.01918
1503743315040219138 309368.449956
1503739821071736834 996282.514932
1503732755007479811 123699.169848
1503730877695676426 197259.79992
1503724953597845505 82218.366708
1503717651054567429 114177.668304
1503711774423621642 225322.115652
1503706579891363840 114981.170544
1503701166391279619 457956.101688
1503695206675529728 29910.370884
1503695004325191684 120163.759992
1503691813651206147 75549.298116
1503679903211925504 71853.187812
1503679445386866688 54377.014092
1503672357583392768 647241.141876
1503664803520258048 239242.79196
1503657258764447748 221003.291112
1503642158493958148 883149.39954
1503596857855029249 198123.564828
1503441489262792708 112671.101604
1503426305496428550 149250.54108
1503423920208289804 112892.06472
1503418137408155649 201417.924012
1503415602312097796 585813.395628
1503407369790832651 68177.165064
1503404991020736515 251034.187332
1503401930353266698 116949.751032
1503400290506133512 515145.37362
1503395104266113026 97545.171936
1503387204458065924 118878.156408
1503363712043868160 179562.663084
1503354186762801157 74524.83276
1503354042122129411 362098.284456
1503351488273387526 333915.443388
1503347811114442759 290707.110432
1503346348816486409 2963135.473116
1503345549474467844 113936.617632
1503339815076564993 62030.372928
1503323816977698816 50982.217128
1503322547009458177 268369.74816
1503319554054832128 67273.225044
1503309970141593604 532460.846892
1503297349363318785 273893.82606
1503066285533540359 90253.389108
1502978555256446981 170422.825104
1502977909887315969 91297.94202
1502976741442211840 157647.139488
1502751284742393857 204431.057412
1502745561295990789 849623.268576
1502729514945847307 4097138.271984
1502729155867201542 2016931.235292
1502728361986215936 407616.686352
1502727665660407812 1125345.062232
1502585190014599170 160780.798224
1502342046027337733 108593.327736
1502325244748570626 387147.466788
1502320192243650563 300308.9622
1502318937471696903 368325.426816
1502318682294276097 822404.630196
1502315280726376449 120344.547996
1502313145670373379 156020.047452
1502309806601875457 343517.295156
1502298550008311818 216684.466572
1502282731828531203 120364.635552
1502281597298647043 294463.483404
1502280311597633550 180426.427992
1502257396885950465 200232.758208
1502254673398538241 136374.417684
1502236972869427200 170201.861988
1502205294172114947 321641.946672
1501985941883432963 385118.623632
1501942935432032259 669337.453476
1501917136184303619 470289.861072
1501905303532621824 477199.980336
1501879884557213707 152926.563828
1501860416380493825 170864.751336
1501846320176369664 421135.61154
1501830717193424896 241231.460004
1501709165877772288 314812.177632
1501706949330677764 116748.875472
1501704279056433160 93828.974076
1501702038895353857 286769.949456
1501700618670546947 1547223.913344
1501697739809337344 259671.836412
1501694790559322117 157144.950588
1501691917884694534 1359927.5412
1501690196261285892 812621.990424
1501688041815089155 105660.54456
1501685832134111236 353179.409592
1501682861933568001 344481.497844
1501681265648537601 114940.995432
1501679131758583814 2727207.127896
1501678552449794056 1416273.13578
1501677322478493703 821098.939056
1501676565272346637 999396.086112
1501674906488029192 1021251.34704
1501674493248425992 239805.243528
1501673580718870531 278594.314164
1501673171921125376 111365.410464
1501671999097253891 61789.322256
1501671028052922383 239986.031532
1501669314633547780 102767.936496
1501668574309634055 160881.236004
1501666192251142151 116829.225696
1501665808707207169 72275.026488
1501665068785754113 197942.776824
1501664242155630601 245610.547212
1501663061261881368 116768.963028
1501661926014791689 171949.47936
1501661463391440897 382788.467136
1501660740792500226 109477.1802
1501659770679439368 135068.726544
1501659237159735299 127897.469052
1501658863124234241 348036.995256
1501657437341949953 97846.485276
1501654898286473222 128480.008176
1501653745989570563 153207.789612
1501652653876592640 98348.674176
1501650531936354305 95215.01544
1501649422282805256 71150.123352
1501648856987148292 116025.723456
1501648348293513219 101602.858248
1501645244747505667 937988.42742
1501644979441184770 176750.405244
1501644741464805378 202964.665824
1501643734827552772 137298.44526
1501640226913071108 126129.764124
1501639093662408704 48652.060632
1501638829425537024 65324.732112
1501637847027175429 110320.857552
1501637141004234756 117130.539036
1501635017180594182 50640.728676
1501630588297662466 300268.787088
1501629403180195847 105660.54456
1501628845941792769 133059.970944
1501613915226136587 160680.360444
1501608390816063493 216122.015004
1501606287175569411 78482.081292
1501603217968283650 128761.23396
1501600038539173890 153509.102952
1501583317208084481 339158.295504
1501575284016902145 163753.756512
1501569877156544513 154774.61898
1501560687931256835 170242.0371
1501551484848295945 49937.664216
1501551480582594562 288075.640596
1501550872941109248 88887.4353
1501543469818564610 50419.76556
1501540555070844934 252078.740244
1501538078032384001 33244.90518
1501538072944545795 237997.363488
1501528224072749060 411393.14688
1501517906043191298 63416.414292
1501516452012216323 35233.573224
1501513135328567296 188883.289068
1501498032398893056 186171.469008
1501482925035978752 234361.515852
1501467831329820673 517154.12922
1501460779433963521 262946.10804
1501452731730513920 345325.175196
1501358848631877634 102386.272932
1501351559552114691 1211902.341036
1501349625495703557 33405.605628
1501349455915896834 564681.286716
1501348396631736320 275340.130092
1501346463812571138 167108.378364
1501345376187695111 97083.158148
1501333001086644229 511127.86242
1501329308039667712 129966.48732
1501325220556296193 159555.457308
1501323182556463105 110280.68244
1501319911817326600 173536.396284
1501317741743116293 256076.163888
1501315628577263617 140271.403548
1501314830615162881 128198.782392
1501312920722026497 158310.028836
1501312601610878977 128138.519724
1501312368910950405 75247.984776
1501311284041682949 179482.31286
1501310436456730632 138744.749292
1501309886365409281 209412.7713
1501309139162648577 57169.184376
1501308500907110423 192820.450044
1501308157972332545 68378.040624
1501307230095876099 175344.276324
1501305813956136961 186834.358356
1501304980724240393 80149.34844
1501303211973562376 172009.742028
1501302450694856707 43871.222304
1501301407634362374 104294.590752
1501300241605316609 257964.394152
1501298981992906757 105158.35566
1501298078699200521 180024.676872
1501297249090822156 161925.788916
1501296858936840197 332368.701576
1501295302946570244 411232.446432
1501294683871498240 89952.075768
1501294582964764682 280261.581312
1501293758297554948 113675.479404
1501292717300719621 101160.932016
1501292384197427201 64240.004088
1501291879857410054 164717.9592
1501290440561242114 66108.146796
1501290010133377028 52087.032708
1501288845949771780 256879.666128
1501287018122432520 74022.64386
1501285814503985159 167349.429036
1501285238596644865 124884.335652
1501283245274636295 115844.935452
1501281007412170756 262564.444476
1501280150440202240 53031.14784
1501279555889385479 78120.505284
1501278945685258247 40617.038232
1501278625982824450 23100.6894
1501278009457848323 125647.66278
1501276580554891265 95255.190552
1501274938115870732 93748.623852
1501271389885673482 72315.2016
1501270957993902081 98167.886172
1501268624950140939 35655.4119
1501268441352790025 183178.423164
1501263919335174151 105861.42012
1501261924419309570 113956.705188
1501251832588423168 43268.595624
1501251128926871558 228335.249052
1501248931514232846 71029.598016
1501248734482604039 172190.530032
1501245280422871044 309006.873948
1501243316666613765 52267.820712
1501239507689082883 278975.977728
1501230773076119562 79245.40842
1501228216769728512 355971.579876
1501217376527953928 100859.618676
1501215236027830279 149391.153972
1501209122070532096 166485.664128
1501206200804855808 95476.153668
1501203091395420179 396990.369228
1501200168758218755 79928.385324
1501198404877262850 386263.614324
1501180940546031619 129424.123308
1501169674330980359 130247.713104
1501166843309871107 51163.005132
1501161659456528384 226989.3828
1501156273122861059 149371.066416
1501152934951858177 30231.77178
1501152330758119428 67554.450828
1501147974759591936 163874.281848
1501143189658357760 166746.802356
1501135638090944512 243742.404504
1501134138627219461 250953.837108
1501120545001140226 451648.609104
1501105442868531202 826321.703616
1501090343256735745 278212.6506
1500959746546929666 100658.743116
1500889577279705090 578139.949236
1500879389319479302 1998711.822
1500875100844961804 78301.293288
1500870640882049027 72415.63938
1500868755349454851 225302.028096
1500865006019223553 90675.227784
1500858137372471300 267285.020136
1500857554640982016 212164.766472
1500853543598792723 86155.527684
1500845843733221390 190992.482448
1500832640307318786 120806.561784
1500830123779674115 195050.16876
1500827421775470603 259491.048408
1500818799376883720 109457.092644
1500810605577576448 96681.407028
1500807244572766211 52267.820712
1500806859606867968 354866.764296
1500796240979709953 109135.691748
1500795174364094467 40516.600452
1500791656316088322 230585.055324
1500773248832843776 398255.885256
1500758149334249472 174058.67274
1500743055141261313 295005.847416
1500600071460687877 230344.004652
1500544719545319426 327005.324124
1500538775637831686 77477.703492
1500537067725541378 69101.19264
1500425708987768833 248262.104604
1500419747573342211 301715.09112
1500204773227835397 285665.133876
1500154960696254464 347072.792568
1500132068138885126 247960.791264
1500095656207302657 88485.68418
1500093137569603587 253545.131832
1500083155054862336 147583.273932
1499866723633225729 226447.018788
1499799785724944384 98991.475968
1499798096254955522 347052.705012
1499788866034753546 1111605.173928
1499786165163016196 262082.343132
1499760628281614344 431179.38954
1499756255795109895 238640.16528
1499747309801947136 117773.340828
1499733041018716160 264091.098732
1499720479657058312 393454.959372
1499711927072743425 793659.33756
1499701187670528009 115362.834108
1499700831519662080 237213.948804
1499694807328903169 162849.816492
1499408040226959365 509561.033052
1499394760846364678 326462.960112
1499385376275943428 95435.978556
1499384021893140485 610541.177064
1499381561724186627 1328028.502272
1499375693167214596 72737.040276
1499363553400299524 243842.842284
1499358521816666114 165682.161888
1499355969033285639 253645.569612
1499350121561014273 260455.251096
1499347019038666753 239062.003956
1499338254293819394 647361.667212
1499325391022051332 317443.647468
1499082011729969156 38809.158192
1499081819509112832 317845.398588
1499076965869010951 426077.150316
1499075346766995458 84166.85964
1499016053099225089 90032.425992
1499014409733251074 129203.160192
1499000210600697856 100578.392892
1498997989293137924 302860.081812
1498982295339995138 166545.926796
1498976397339025412 97846.485276
1498969218573815813 115302.57144
1498965937126580224 524506.174716
1498783103300644864 154834.881648
1498720714261729283 492064.771776
1498700843641544709 152926.563828
1498698349720989700 96641.231916
1498698220117102598 281808.323124
1498695884774821896 127274.754816
1498680478072725507 129946.399764
1498669587658952712 228495.9495
1498663577863000067 249467.357964
1498658094892658690 207886.117044
1498652286226161667 253424.606496
1498635194051530757 127555.9806
1498612460567334916 130207.537992
1498355465738145798 96078.780348
1498335082599395335 164296.120524
1498333070503645189 525631.077852
1498329710551523328 121409.188464
1498320123932905482 170523.262884
1498306549470670851 271322.618892
1498293947076124674 22739.113392
1498293798396481544 105037.830324
1498280870016438273 112148.825148
1498265112444129286 27037.850376
1498263301381410817 139367.463528
1498248602036154371 328672.591272
1498233127575117825 185408.14188
1498025539248009217 701999.819532
1497949115539415044 190771.519332
1497706805157412864 345526.050756
1497703662507995137 181029.054672
1497553725749186561 99654.365316
1497551043487539207 130990.952676
1497270167931211777 117612.64038
1497264467641569283 383371.00626
1497237294624948227 147141.3477
1497225928312868868 323811.40272
1497217318555770886 130870.42734
1497207915597516804 31316.499804
1497194374979067935 170563.437996
1497179821431869441 153991.204296
1497164367552524317 135510.652776
1497149609633894402 889637.680128
1497149371900579840 2801229.771756
1497134280803246127 123679.082292
1496909845060263936 299163.971508
1496902315319693312 279618.77952
1496881407146307589 236852.372796
1496834493776162820 208609.26906
1496816072233828357 173074.382496
1496814599487819777 157827.927492
1496771884431544327 688480.894344
1496646256571080708 370635.495756
1496641021123436553 308123.021484
1496634940284358660 151942.273584
1496632489196072961 115081.608324
1496629641699803136 84026.246748
1496629218054189068 99132.08886
1496628438890811393 158450.641728
1496625611388952580 101703.296028
1496622655109275649 302880.169368
1496622229395849223 373849.504716
1496618607266127878 220862.67822
1496614984738123781 153328.314948
1496613839034589188 1031556.263268
1496612561726365696 90775.665564
1496610973280575488 126350.72724
1496610101779701761 516712.202988
1496606112686256128 214133.34696
1496603661652406279 232754.511372
1496602687848292365 308866.261056
1496601418677080067 173335.520724
1496600509905526785 114157.580748
1496598959258804229 70266.270888
1496595139493609477 79225.320864
1496593920700133382 187778.473488
1496591190115991554 105740.894784
1496589460183650305 100357.429776
1496586957341835266 329556.443736
1496585777953882123 143545.675176
1496584032355819534 202623.177372
1496583183130841092 89630.674872
1496583051740131328 160941.498672
1496582182273495040 69784.169544
1496581091414708225 123257.243616
1496580438554558466 62994.575616
1496580348897112067 59338.640424
1496579008192028673 213068.706492
1496577713330700298 106222.996128
1496576444562092043 24647.431212
1496576059814383616 75709.998564
1496575340143161344 137880.984384
1496573890633555971 97243.858596
1496572275264565266 343035.193812
1496571771486707729 45940.240572
1496571467768729603 47687.857944
1496570839722045441 58374.437736
1496569843008552968 77256.740376
1496567551517765633 135912.403896
1496566113869697031 143947.426296
1496564891750174723 73018.26606
1496560369514565632 48953.373972
1496557621758808077 95215.01544
1496553419267579904 62110.723152
1496544660302569481 301353.515112
1496542994585067520 160740.623112
1496539513073672198 147502.923708
1496536033068032001 55220.691444
1496533731858960384 339198.470616
1496527890145497092 137479.233264
1496518802170949635 123257.243616
1496515198429003777 123920.132964
1496501576223150084 106243.083684
1496500105817509899 174500.598972
1496488811940958209 104495.466312
1496485004926337025 350688.552648
1496482882587607046 95235.102996
1496469902487535618 210758.637552
1496458144792334338 39251.084424
1496454805283172355 104354.85342
1496447245452922884 68257.515288
1496443826428387339 56466.119916
1496439697438093312 734682.273144
1496428378353770497 43509.646296
1496424598044168192 299505.45996
1496409496704462849 519343.672824
1496394403392466948 285383.908092
1496386845843681280 239041.9164
1496379300710207488 326422.785
1496271311177494534 126169.939236
1496267585628905472 283555.940496
1496266793991782400 900826.44882
1496260706131451904 21794.99826
1496260488501633024 93788.798964
1496257080084336644 86858.592144
1496255676359847940 163633.231176
1496254560331083779 66670.598364
1496254147938689026 106765.36014
1496250084627042315 747578.484096
1496249250728009735 81756.35292
1496248475293519880 133823.298072
1496245492702982148 228174.548604
1496244970004623374 1254407.609532
1496244383791955975 237575.524812
1496239809697882119 306917.768124
1496237832423321603 121188.225348
1496236811978481667 120605.686224
1496236149886566402 126149.85168
1496234592650551307 73460.192292
1496234437134241798 201277.31112
1496233312142123021 93286.610064
1496231307893956613 195451.91988
1496230455959592962 133260.846504
1496225845005926400 169960.811316
1496224966282465287 514884.235392
1496221409747554304 135149.076768
1496220875464581125 379232.969724
1496218865348620290 349684.174848
1496217436147916807 205134.121872
1496215530155520000 174058.67274
