1508821997412704258 2088964.790413
1508621295054995460 1404820.518831
1508595277447323649 1972073.357094
1508550119204945922 4791187.664154
1508295152275656707 1001607.684569
1508241020365942786 1094380.391777
1508240770528030721 2598180.242594
1507099916551667713 962407.949129
1506104006929616898 1280905.799579
1506058296104415238 1019465.341825
1506013385367851009 245325.010962
1506013204064788481 3590205.769611
1505997254426980356 1079517.158756
1505773371392360454 840017.664033
1505741414558175234 823847.773164
1505732591151828992 559249.558944
1505732229938352138 415299.419356
1505695980380819456 1027141.956682
1505650989314977792 1652159.960642
1505101646606479364 1689835.261926
1504920345463074816 1036560.782003
1503917573800308737 2829240.905382
1503210470555074560 520594.264274
1503210377915793414 2557020.520382
1503159618582708227 740112.782738
1503114367965057025 1700397.412864
1502454960432295943 1193795.276379
1501374756884336640 2240210.436319
1500717557522702338 1638930.049931
1500683538575757313 473445.693592
1500683344480067584 1166464.349725
1500637474132938758 1185193.112213
1500592691767250944 2409095.963173
1499801825003802626 1422841.508318
1499550233792942081 2480308.815889
1499148741768454145 1381464.009798
1498147060234612737 1374658.500173
1498105043777515522 1314878.903627
1498082625717604354 1412333.801457
1498055978339553282 2611682.37369
1497112441020321793 3966359.897604
1496330830851223552 1345367.586747
1494740408743596033 978414.507767
1493284175696343045 1394367.256047
1492276595280658442 946782.49903
1488668167970852870 1317274.443015
1488569415683567621 2087712.576642
1488212804544856064 2852815.190723
1487645687328100355 3799107.69306
1487548325087768580 3158627.571232
1487108681854435332 8298366.21634
1486747268724125706 2400384.910853
1486417375012417538 976073.412456
1486372479887020037 2120270.134688
1484412016550944768 2293130.079163
1483546436390162434 4460113.231917
1483274384299085825 3146704.318369
1482787452142034948 1841353.128217
1482280445496623104 3691526.196908
1482279915340718083 1989005.465041
1480740984791060482 3944582.266804
1480677809454399489 7237251.15561
1479778840402534400 3390232.67479
1479638014523424768 8404858.830952
1479522093972660224 1584104.864392
1479511921166487562 2747847.010267
1479242467199242243 1814076.64564
1479181301433339910 3312649.865065
1478009219471196162 852757.578051
1478009208884785152 2374251.753893
1477418429950824449 1993687.655663
1477325224232501248 3450284.491721
1477110545509535744 5318750.770284
1477089582420090882 1793660.116765
1476804603521896448 4068986.982749
1476675638236835852 3353428.478738
1476674944402554882 3251563.610671
1476643329060204544 1529279.678853
1476641397134422030 2022651.904627
1476612208490471426 1926612.552799
1476600030362423297 1931893.628268
1476475416361635843 4949021.043377
1476475178125193216 5214708.139137
1476472079985741825 1789359.034682
1476471088607494145 6469045.22914
1476364523451793408 4743875.761241
1476255626858692608 1672630.933594
1476244816463679490 1595919.229101
1476238754985623553 8117285.216238
1476034496440930305 4937261.122745
1475664921538879492 2213696.17082
1475584266255753224 3385986.036784
1475301268734107648 2951522.302324
1474939507849908229 2416609.245799
1474617375307689984 3661473.066404
1474617119555743745 1753643.72017
1474520082449453058 1751738.177475
1474258689653497860 1561238.352052
1474231894032084994 1183995.342519
1474214455068135425 1768343.62096
1473859039721189380 2276252.415293
1473491692808376320 2200302.927878
1473126750259322880 2325959.857594
1473043466460418053 3493186.424397
1473025892473393154 1563906.111825
1472765787072962564 2423904.752117
1472728054505951239 2213315.062281
1471581442048081921 3517250.706431
1471224894377525255 1628367.898993
1471149295940165635 7632351.822399
1470935583719444482 1037704.10762
1470758679519498248 2464193.369097
1469874846637170692 3416039.167288
1469401715266887681 2890762.712392
1466123908159991809 3496670.845325
1465791392840445952 3691362.864677
1465466708429180936 4560998.106598
1459731059353042945 4529257.209707
1457915007245570052 2931486.881988
1455230552957591553 2534589.560658
1452745813847777280 2279519.059913
1452669168659034113 1412660.465919
1452668720602509313 3595214.624695
1451409851557421056 970683.448833
1450479348331384842 11906320.755053
1448864443765452803 2068766.037846
1448044457295712257 6430716.598932
1445785256326402059 1713191.770959
1443795730838134790 7697303.60626
1443278427146969091 855207.561516
1443278249258151936 4450258.85398
1442940012622843904 1978116.649641
1441417936149757970 3651618.688467
1440548677186035714 1609203.583889
1440417281532522502 12631515.860693
1440151786380165128 21237872.220622
1438593568528994321 1679109.778757
1437921958687956994 3368019.491374
1437612359955070976 1906903.796925
1437459028481744910 2505897.532079
1437250859235037188 11726709.74503
1436033184857149454 2993226.465306
1435457743159054337 1642850.023475
1435343427214843904 1059263.962112
1433862229661679627 4080583.57115
1433835886949462019 1764750.311878
1433693640908414979 5538704.841364
1432875609131126786 1016634.249821
1432856718447239176 2618161.218853
1431680625535160331 1357726.392226
1431413104588451846 10028272.318938
1431376334199005188 1337255.419274
1430938955571101697 21972159.487121
1430322545610223617 1828994.322738
1430054751077425153 1326257.71572
1429949299572449282 5258644.509276
1429867557964685314 1571963.835221
1428530943342432257 7003141.62451
1427736867739299841 1147953.363545
1427667012105371652 1218240.666952
1427497703596990467 2023904.118398
1425206223129833472 1688419.715924
1423663629937758210 557398.460326
1423663569334202374 1281123.575887
1422666723593900033 1404657.1866
1420424310628360192 1209039.617939
1420132127580983296 1217532.893951
1417561307939622916 2566929.342396
1416480226549256194 2495553.157449
1416479605859315713 3803136.554758
1415137431385382917 5501192.872311
1415025244427886593 1340848.728356
1412543150871044096 1693047.462469
1411762667392434177 23832459.154134
1410222675344052230 2815357.665747
1409897755552542724 1410754.923224
1409603277503795200 2670971.973543
1408354485299290116 9551941.089265
1408354264565551105 25327439.064477
1407347759145959433 1233866.117051
1407109561270509569 1289834.628207
1406987130056830976 1030081.93684
1405514174822637571 4658453.004428
1404875069013184512 1543054.030334
1402742451626930178 1711558.448649
1402313016876560385 1333172.113499
1401933384562184195 3267297.948924
1400561326338936837 1148715.580623
1399847870841434113 12311983.57278
1399817481305214976 2036916.252801
1399706693047525376 10083424.168939
1399706555700760587 5441739.940227
1399706419788611585 3794153.282053
1399503198830751748 1055398.432645
1398312167913320457 1618459.076979
1398052892544622597 3003026.399166
1396875888935849989 3716298.251943
1396859311595298820 2690898.505725
1396649389922275328 1772263.594504
1396588119693041665 2059619.43291
1396572969959256064 4776596.651518
1395838417783562243 2362328.50103
1395776324799586307 1123453.528895
1395640269073096706 6705822.520013
1394765492364005377 1778633.551513
1394367285515616258 2548418.356216
1394344504077946884 5667138.419007
1394286621042745345 2384106.13183
1394085611217186817 6127245.313734
1393960186151194627 2527892.939187
1393607713339285505 2611246.821074
1393584039882203137 1949914.617755
1393337125177761792 4025322.832995
1393276791377125377 3385169.375629
1393262287788466176 2357156.313715
1393055026168299528 8400666.637023
1392873067169206277 6800827.434378
1392466469636612097 12233094.105207
1392194738975956992 1478864.463551
1392134626202714112 11875559.851548
1391864637755297794 9867390.071403
1391555626220724225 3513929.617734
1391505650048405505 2269991.346438
1391497852799488000 6991436.147955
1390716036693991426 1294407.930675
1389695549088047105 1736548.279992
1389021973284491264 6297873.051052
1388978234868441089 2054719.46598
1388221862027567105 1431607.004715
1387074602464018442 1652758.845489
1385776757299503104 7928255.380894
1385662960467542019 8260908.691364
1385262906523021318 3747658.040295
1384616394629648390 17712999.343411
1384584256073048067 1232505.015126
1384584077869600768 1524161.935615
1384341578467069960 2122502.341845
1384326654537846784 619138.043644
1384326070967566339 543025.223998
1384322879131557890 704288.580072
1384317891848261634 959685.745279
1384317583801786369 536437.490681
1384313106206130198 721002.911711
1384312863691448320 487328.933227
1384310534552494082 494733.327699
1384308231791538179 472030.14759
1384305502301999108 466912.404352
1384303762542526464 466912.404352
1384299737445068802 482483.410374
1384298697446494208 396189.548329
1384298493263572994 592079.337375
1384296936975392769 580918.30159
1384296054879784960 848946.492661
1384258794457239557 5643019.692896
1383958941692882955 4684096.164695
1383933171855552514 2155604.340661
1382581183519756295 8268911.970683
1382580526226178049 3720054.893256
1382580114458742786 55148311.135995
1381763056217202688 2549017.241063
1381451081067032583 5038145.997426
1381430374274752513 1234192.781513
1381427006722564099 461141.33219
1381424226255532034 481775.637373
1381423133148606474 798585.721436
1381423023744376832 559957.331945
1381420818832355331 488635.591075
1381419569068208128 597795.96546
1381416931224215554 703145.254455
1381414612357111808 428692.662298
1381413195655475201 427494.892604
1381411187208777728 475351.236287
1381408762494214144 402613.949415
1381407692023980034 407677.248576
1381405828930957315 583368.285055
1381404239704977410 1343843.152591
1381402231698690048 517980.948578
1381400252226277376 449272.523404
1381400020532912128 893372.859493
1381352751246929921 11071529.722412
1379292455346917377 764830.393696
1379268594190589956 1490025.499336
1379253040197304321 1145666.712311
1379252813465706499 523153.135893
1379249991709958144 849872.04197
1379249804253917184 448346.974095
1379246859189854210 416333.856819
1379242949309947906 458201.352032
1379241591924084736 385355.177006
1379238790640795649 388458.489395
1379237433871503360 313870.103905
1379234400877993984 420634.938902
1379231841362698242 387042.943393
1379229131691290626 478835.657215
1379226753013444608 476657.894135
1379226495453966343 964912.376671
1379225220913893376 370709.720293
1379180729435713538 8400285.528484
1378905428604559360 2681098.571865
1378890812986073091 842576.535652
1378890464779112448 587887.143446
1378887390165487616 465551.302427
1378884378781118465 343487.681793
1378883252497178627 613149.195174
1378881492353380353 760420.423459
1378880023860441089 2386937.223834
1378876788374265859 350184.303264
1378875714577915905 352362.066344
1378874466487267328 466422.407659
1378870508100280323 513080.981648
1378869204993024000 486294.495764
1378866536346046464 349694.306571
1378865526168936448 503281.047788
1378864085010325506 445298.105783
1378863034509053952 350238.747341
1378862798835310592 462339.101884
1378861132182482947 631279.072815
1378815225474863105 4605152.253045
1378513511454679040 7716141.256902
1376715897029582851 808276.767142
1376714495872016387 411488.333966
1376714210906808320 567361.726417
1376712156763201538 406152.81442
1376711334629285891 407296.140037
1376709072355958786 1141038.965766
1376708600622551042 391071.805091
1376701539872608257 773214.781554
1376695465060655104 581680.518668
1376692454951247872 487328.933227
1376688219429826560 630843.520199
1376687063999778818 462502.434115
1376686738018496513 468001.285892
1376686123984949252 627086.878886
1376672994962120707 521574.25766
1376353555838238720 490377.801539
1376351455167225859 763305.95954
1376346573995528194 456731.361953
1376346361361096709 391452.91363
1376345338060095493 523479.800355
1376342577021034504 448945.858942
1376340414202933253 455642.480413
1376339620795838464 715395.17178
1376338296817639429 686703.143201
1376335736773865479 436260.389001
1376334056263065600 1537337.402249
1376332351085502467 394937.334558
1376331109198258177 480523.423602
1376330547786444802 358242.02666
1376329330377154560 356554.260273
1376328186871472130 491085.57454
1376327966146236419 338315.494478
1376327194570420226 361127.562741
1376326153594568708 334177.744626
1376325859947073542 746373.851593
1376325586168127488 321383.386531
1376324867453190144 344358.787025
1376324432436678656 417749.402821
1376324031045980161 629264.641966
1376323771057893379 753288.249372
1376290508910129152 3837599.655499
1374850536906747906 1972291.133402
1374209834535415811 1638385.609161
1374127473932214279 873555.215465
1373817055728660480 601824.827158
1373816730946965507 489561.140384
1373813081407508482 642548.996754
1373807388654899205 873936.324004
1373802272233197574 550048.509931
1373802074899505153 570519.482883
1373801860079882241 401742.844183
1373800733200375812 1865036.301712
1373800453478084614 359875.34897
1373800148619251712 387750.716394
1373799864853622786 536383.046604
1373797369930653696 2140741.10764
1373796960549838848 348823.201339
1373796006714691589 491575.571233
1373794449759694849 362488.664666
1373791961035853828 376807.456917
1373791632701542400 658609.999469
1373791134091071488 327100.014616
1373789267386789888 685614.261661
1373788712849477633 432939.300304
1373788271042469889 345012.115949
1373788034508886016 257792.704595
1373787692085907460 349422.086186
1373787157312147460 671622.133872
1373742310610018306 2039475.12442
1371325379491753991 2025537.440708
1371303686656253954 1032913.028844
1371281499060760576 1112292.49311
1371279194257190916 691984.21867
1371278806678335492 435389.283769
1371273411104624640 502573.274787
1371273112436699137 398802.864025
1371270885731049474 619301.375875
1371269825356460037 576181.666891
1371266810788540419 651260.049074
1371265354140319744 537417.484067
1371263646500745217 429400.435299
1371262203072966658 467783.509584
1371261925607153666 364829.759977
1371261730630766594 760910.420152
1371260896341729283 450905.845714
1371260038233264130 367334.187519
1371258129053216774 537199.707759
1371257419293024256 619246.931798
1371257102556033026 362597.55282
1371255978071527424 450361.404944
1371254043473944578 407895.024884
1371253379163254786 1990802.119582
1371252995262849026 581952.739053
1371252152983642112 623983.566497
1371251197504487426 373486.36822
1371250659874406404 527399.773899
1371250339240767488 847095.394043
1371216355110707201 1273991.4018
1371008125998788610 9905446.481226
1369834466156318726 5737207.946106
1368759331479429129 772670.340784
1368759111966281730 584783.831057
1368758548616728576 686430.922816
1368755410077765632 432449.303611
1368752620303622147 467239.068814
1368749811273363463 446386.987323
1368748827075735553 485750.054994
1368748417246244871 587832.699369
1368747647964618753 577379.436585
1368747502044737538 365210.868516
1368746746059231235 6107101.005244
1368746115349159936 555002.920938
1368743989701087232 548197.411313
1368743152610279425 465714.634658
1368741220965441536 505513.254945
1368740848913973255 395155.110866
1368739505809678338 951301.357421
1368737419323789316 471159.042358
1368736990946992132 1205827.417396
1368733849241350144 385845.173699
1368733541593276416 381271.871231
1368733259761287169 467184.624737
1368731032216690690 447802.533325
1368730734177910784 3522912.890439
1368730162049609729 456459.141568
1368729750533857280 392215.130708
1368728955440701440 399183.972564
1368706571220348935 2339516.432767
1367295825731227650 6918916.637391
1366257175945875461 896530.615959
1366239674402963464 870615.235307
1366222136591872000 793522.422275
1366221224620122113 659263.328393
1366221064439619585 490105.581154
1366217920838180869 487328.933227
1366216577658408962 464407.97681
1366213487509168130 667756.604405
1366213137037320194 384865.180313
1366211603499126785 429618.211607
1366208806535892995 429563.76753
1366207027156975624 519287.606426
1366206335692410881 379039.664074
1366205703392665603 400545.074489
1366202220048355335 503988.820789
1366201764395974664 447856.977402
1366201437370261505 364611.983669
1366199536272564224 637540.14167
1366198475365359616 328624.448772
1366198226836099073 550048.509931
1366197902293442560 1067049.465123
1366196403446239232 393467.344479
1366196106808360962 379366.328536
1366194895661068290 723126.230714
1366194222366269440 438764.816543
1366193769884774405 460705.779574
1366193537960665088 479107.8776
1366192463803654144 454771.375181
1366192262804201476 389874.035397
1366191968317960192 585110.495519
1366148575109869568 2111341.30606
1363721693265489925 1132164.581215
1363700583161421824 1231906.130279
1363685042032050179 818022.256925
1363682901401866245 618539.158797
1363681576605782016 620880.254108
1363679656268939268 663237.746014
1363679289380544515 867130.814379
1363675210109526017 358459.802968
1363674987626856448 469035.723355
1363673526096470017 587941.587523
1363671397575266308 548306.299467
1363670882816716801 483245.627452
1363670757595783169 453246.941025
1363669838254678018 472792.364668
1363668184520269828 1897920.52422
1363664899365240834 591807.11699
1363662066955870208 1126393.509053
1363661762352979968 635416.822667
1363660990198337537 965565.705595
1363660407668318209 709188.547002
1363659048906711040 518797.609733
1363658180366987267 570247.262498
1363657792721022979 435879.280462
1363657493792968705 547925.190928
1363655491444903936 547816.302774
1363654724675727360 1340467.619817
1363610217288622080 3173980.800946
1361148087943663617 946129.170106
1361145196746973188 805609.007369
1361144334964334592 3733284.803967
1361143548112896001 718335.151938
1361140859895386112 1241161.623369
1361140319002103813 568069.499418
1361140001791037440 824555.546165
1361138942850912256 585981.600751
1361138010062946308 3193254.004204
1361136718217314305 708698.550309
1361133262303715329 677665.426419
1361132912591073281 584184.94621
1361130430724853760 492555.564619
1361127596491108355 1013204.27297
1361127273278005249 554240.70386
1361126822264467457 483790.068222
1361126524498321409 1566083.874905
1361126106598805505 421996.040827
1361125685423611912 692583.103517
1361125492791730177 432013.750995
1361123434881716225 589193.801294
1361122824430120960 543134.112152
1361121779347980289 519233.162349
1361120444674310144 475677.900749
1361120188372951042 772343.676322
1361119939604606977 565292.851491
1361119658900811781 447530.31294
1361119211850846210 657085.565313
1361118477256302597 849926.486047
1361117190418620416 1042495.186396
1361073785185529856 4869587.135034
1360998012575617025 1686949.725845
1360734192963776516 2534589.560658
1360092811232649218 9701008.972091
1359273093949104130 4612175.538978
1358638658476146692 10463988.267169
1357138480023830530 2426844.732275
1356340377997828101 13764388.214909
1356120606576574466 2285344.576152
1354533616080932867 6446940.933878
1354302797856927874 15936053.558285
1353472041073004544 3506198.5588
1352370215103827969 13007833.320917
1352164319362863104 39462373.667448
1351955873783013379 4781224.398063
1351946559378878468 8936396.354703
1351698557221261312 13291759.182472
1351638809490853888 1735187.178067
1351307411882205185 1596953.666564
1351054559775498242 6045960.306773
1350571426479149056 9482034.894397
1350194825895714817 5325828.500294
1350095878669783040 2894519.353705
1349358309510270977 7703619.119192
1349252680628240384 1926721.440953
1349118012805189632 2029130.74979
1348752638070853632 5863953.757362
1348320205936594944 10747696.352416
1347951074095755265 1555412.835813
1347949975381020672 4153375.302099
1347943267590139907 1647477.77002
1346536294260768768 1837923.151366
1345576182507569152 11615916.048335
1344886561628852225 18827796.264063
1344843614174605312 2308374.420723
1344015002198364160 1375856.269867
1343095709277376512 4894903.630839
1343067921149349890 5417947.878578
1342563727724277763 9823399.257187
1342201536701636608 4508568.460447
1342139868017659906 2185330.806703
1341856421617385473 16092090.282967
1341777515866517504 1613667.998203
1341534358469918722 2545641.708289
1341519446498676737 1180728.697899
1341053443012657152 2624313.399554
1341020940587524096 12929161.629652
1340779333720260609 7953844.097084
1339798154649038849 3257498.015064
1339776716747624451 6218221.366401
1339442346597859328 3532222.827606
1338972981360435200 1631090.102843
1338363012487520256 2882051.660072
1337165542403141632 7280969.749441
1336488986160689152 1860735.219629
1336422908973907968 1202397.440545
1336214932518391808 1113000.266111
1335790594279403520 9990597.017654
1335714515338584065 7858621.406411
1335121172091068416 1736058.283299
1334591473610682368 7768462.014899
1334280370288644096 1219438.436646
1334166545627373569 1598804.765182
1333939875855286275 1521820.840304
1333635018598477827 7443213.098901
1333509204246634496 2964425.548573
1333241015788920832 7308681.784634
1332787173658136578 2289318.993773
1332431350129778689 4370443.837098
1331991540563025922 2898765.991711
1330657354556334084 3125797.792801
1330607257386565632 2518201.893481
1330542924300369920 5504459.516931
1329878356871970816 4153593.078407
1329594202963906560 5644108.574436
1329129477297762304 1158352.182252
1329099515236761607 2502521.999305
1328596422921506819 4331352.989812
1327041882162020352 6684262.665521
1326664241974177794 3078975.886581
1326309845629198337 8125234.05148
1325906449017401344 6950004.205358
1325534297294471168 15456510.128069
1325532693409325056 3236537.045419
1325209401838379008 16873145.011609
1324935424498782208 15603944.688585
1324865024318304256 5287009.873393
1324800077597081600 3021101.83273
1324525724934393856 3604524.561862
1324416568885825536 3241763.676811
1324408118399258624 1682866.42007
1324403610373955584 1599240.317798
1324243686465576961 2035446.262722
1323824071851663363 3560261.527261
1323739307064975360 1722882.816665
1323509501920620545 3551496.030864
1323410774249779200 2059020.548063
1323385778781630464 19893974.623954
1323364323167592448 6132580.83328
1322817948306714624 2542102.843284
1322635172328603648 1146701.149774
1322634849794940929 1268274.773715
1322634577613975553 831742.164329
1322634384277610496 984240.024006
1322634121730945024 1499553.212811
1322633815446024198 1717166.18858
1322611918947823616 3191239.573355
1322611278796345344 2867623.979667
1322351141078798336 1405582.735909
1322337121068224513 1387398.414191
1322336923931734016 1164994.359646
1322336147758968832 14646382.262309
1322333428503621632 3362357.307366
1321949504510156800 1922202.582562
1321887961810526208 2097403.622348
1321536133570777088 1759850.344948
1321512647620128769 1592598.140404
1321512278491942912 1998478.734439
1321257937856131072 1554813.950966
1321257502428647429 8925289.762995
1321225630197837826 7389476.794902
1320561768213606401 12287265.961822
1320561579742679041 13541548.607748
1319034341385662466 4638090.91963
1318712679150727169 1455725.730826
1318701627998498817 1627279.017453
1318568670033924097 1677149.791985
1317633492583215105 2220773.90083
1317140604409634819 3893840.38704
1316999972865208326 11168004.626856
1316852796994453510 2847261.894869
1315877492054323200 2082921.497866
1315873032624197632 21421130.983804
1315365116792242178 2774415.719843
1314389130806263808 2128110.081776
1313726687654289409 2005719.79668
1313161178655281152 1581981.545389
1312142358285176833 4263679.002101
1312045410618286080 2515697.465939
1311925369533018112 12535313.176634
1311552891291791361 3636701.011369
1311551303403757569 4608364.453588
1311551231257571329 4757976.777184
1311545319016996866 2508075.295159
1311543060564639744 4998075.156754
1311469484876558336 4694549.427479
1311460088775811073 2355305.215097
1311157947288838144 9021274.670746
1311046819401539586 11857266.641676
1311045447331373056 3256735.797986
1310731026738495488 2570522.651478
1310346693691334661 2542102.843284
1310059013728428033 3631365.491823
1309296236072034304 4433598.966418
1309295943259316227 4295528.787146
1309295593294950400 3599733.483086
1309295044445175811 11958423.736742
1309235024173043714 1841734.236756
1307832381034975238 1842169.789372
1307433288869359616 2355196.326943
1307105909429211139 5860197.116049
1305391041709772801 15335154.280436
1304831187752452103 1954161.255761
1304269011753078784 8155450.514215
1303448904126599176 1322664.406638
1303105798990491648 4135680.977074
1303089701201436673 3209315.006919
1302290864601923584 9929129.654721
1302026164869804032 1722991.704819
1301991943077945344 35494434.891611
1301898725573287936 4347087.328065
1301553040210550786 2268194.691897
1301536089421656065 3545234.962009
1301256632471486464 4207656.046868
1301218986688823296 2174387.547226
1300970223240015872 1760231.453487
1300950354767409153 1695279.669626
1300894999265959936 2475898.845652
1300811478400790530 3491226.437625
1300544262753275904 12608486.016122
1300501611949694976 1527700.80062
1300493914672001026 1967608.94278
1300480527586045952 3289021.135647
1300449162517913601 5053227.006755
1300254509961224194 2155658.784738
1300183017759977472 1637950.056545
1300181574105792513 1689726.373772
1300180366502715392 2650773.220976
1300086671644319745 10770889.529218
1299918100909813760 2648432.125665
1299833547176382464 3197228.421825
1299832971248058369 1382444.003184
1299767112508911617 2527729.606956
1299742181385617410 1633213.421846
1299724318750826496 4635096.495395
1299517469468491776 2622516.745013
1299501914200047617 6154685.128542
1299486042848858117 2113736.845448
1299474057172189184 5558359.153161
1299465624695877632 1434928.093412
1299454812312879105 3167011.95909
1299440075411877893 2637053.313572
1299426265640755201 2396138.272847
1299425203173208064 1512783.123522
1299394036050976768 1966465.617163
1299362765933428737 6040298.122765
1299195688719249409 18751574.556263
1299187330377568256 4480965.313408
1299185917911904256 15996595.371909
1299157009380458496 2444212.392838
1299149369845800961 3304374.365361
1299067512751972353 3083658.077203
1299056059265380354 33144084.087521
1299029362751098880 3168100.84063
1298999821076848643 5514858.335638
1298885739460034560 8017543.667174
1298639996211957762 4275928.919426
1298334700516175872 2392054.967072
1298289670330056704 2837026.408393
1298094488972169217 3996848.580724
1298005147629494273 4073233.620755
1297971187939717121 2118527.924224
1297897996537827333 9461781.697753
1296981205817024512 45764003.359813
1296889205205868545 10530900.037802
1296508301090332672 3918013.557228
1296463767920873474 6435289.9014
1296177988816404480 2769080.200297
1296093736842047488 636832.368669
1296093448672382977 2513955.255475
1295842006258683905 1417451.544695
1295815652687527936 2138781.120868
1295432528635949056 3055238.269009
1295220044138340352 1734316.072835
1295054892290121728 3899992.567741
1294886691774201857 1698764.090554
1294800421148454912 1731049.428215
1294720495019950082 4389608.152202
1294290470042873856 4728522.531527
1294259257672695810 2253440.34703
1294106503142494208 5064932.48331
1294070757543141378 4513577.315531
1293981369844957184 2417807.015493
1293926228538220544 5654725.169451
1293711837570019328 7961085.159325
1293609383104876545 5541209.268906
1293350854259388418 1506413.166513
1293236640253583361 4237872.509603
1292889462125424640 3452897.807417
1292710593749606400 2786992.30163
1292638559824826368 4252354.634085
1292493429142822912 4463869.87323
1292261736704221184 1696368.551166
1291568714719154178 1662177.67081
1291465180069519365 5670405.063627
1291406798553886720 4616966.617754
1291026849594630155 1576863.802151
1291026669751263236 7961302.935633
1290824204560949248 4816177.495497
1290770720402755584 2784542.318165
1290729750705524737 1284118.000122
1290714352283131904 2231880.492538
1290549365082173441 3675138.529731
1290548870137565193 8957411.768425
1290058698086260736 3907124.741828
1290021319434633216 2571502.644864
1290006785420439554 3961677.706982
1289973045336055808 5688426.053114
1289715407666831360 2008387.556453
1289357188238987264 1573324.937146
1289274954794430465 6250016.707369
1289056966392733696 1906631.57654
1288918749299511301 2412798.160409
1288345077035569152 5843591.672564
1288136038385217540 911883.845673
1288135726438047745 2206618.44081
1287811098834427904 2278157.957988
1287810949315883008 2202208.470573
1287810689621299201 7216562.40635
1287055971592728576 5326264.05291
1286665360968568832 2586855.874578
1286527108685000704 5205017.093431
1285829145000161281 2638468.859574
1285635862093496322 1575121.591687
1285451573880029185 2808606.600199
1284373201741438976 2069201.590462
1284171435028561920 4912979.064403
1283893104831901697 5260060.055278
1283519260514414592 4591214.569333
1283187632449523712 1669527.621205
1283167862475993088 3399760.388265
1283054259882393602 6816180.664092
1283027113717624835 3568155.918426
1282706464063332352 1848866.410843
1282389582378684416 2494573.164063
1282042723453657088 3628371.067588
1281999089438089216 4714748.180046
