1519941001011412992 975770.005222
1519636457844985857 853889.6525
1517373391946522624 1781114.653736
1514930744337989635 995844.675504
1514584466026799107 1038638.319508
1510187783578599430 908957.271638
1510111251589828612 803361.420934
1510111247903047680 2380071.418758
1507681512732622857 466014.409576
1507681508974559232 1664236.441688
1506873637411991558 493404.986042
1506873634706624514 1213735.27896
1505126295159844867 1904912.126452
1504027191071305735 1790281.572328
1503997337995124739 4936319.554206
1503619645118779395 5813831.65077
1503608430652624896 2555300.593382
1501807564379414528 1227529.728572
1501148689938612224 1214242.103786
1500720402783342593 2521563.68866
1500005278120833028 2745690.441062
1499629019167625216 5195791.829256
1499421901340680198 397681.201514
1499421897993654272 1111643.130314
1497162806130479104 3125302.235736
1497109197758296065 1508442.897348
1496877680196681731 421722.326956
1496877676518608902 1286255.300802
1496531613848637444 440232.451036
1496531610187046915 1338700.652362
1494673054731014149 1140752.504016
1494638470773768193 2625396.670404
1494637435711799299 1083966.087642
1494417822713212929 4596813.028372
1494182319476776961 1393900.486672
1490226548041207809 12422188.341812
1487795287380807683 5721765.819334
1487660087070322690 1444494.825824
1487319600010125314 1546653.082056
1486949662380728330 2111123.723048
1486572247686938625 1313866.235888
1486343028550037508 1466949.369202
1486266257527967750 2935132.746676
1485224344976785411 1450488.580288
1484898788842287107 1624219.316296
1484760235868758022 1483211.835358
1484448734721110019 2548844.085816
1484144926241996801 6928493.694178
1483084276505939973 3508902.521432
1482658448362045441 1789730.675778
1477588146049060867 654795.63933
1477588142500630530 1938208.313934
1477263338866421767 1273562.64429
1476863594499239938 2477249.570178
1475497187845017605 2586194.871906
1475474047735631873 1331252.531006
1475451661611155457 1462013.336114
1475323052359516160 2890730.484746
1475232455174987776 1801123.216432
1475085922630660096 2747761.81209
1474726632132734976 1512563.603542
1474266087998902272 1635788.143846
1472110560476995584 1418448.43694
1471929853632925696 2138778.729858
1469026031734452226 2967261.033472
1468592403187740672 6122069.288426
1468558479984140289 1560315.316496
1468520478931255298 454665.940646
1468520475483467778 1325699.493782
1467124267313623041 1587463.49848
1466491577577054209 451558.884104
1466491570237149185 1189297.508002
1466448221987815427 3559849.434376
1466346148847783940 1766923.558608
1465749995324280836 1885388.35272
1464564810914275332 3261285.540138
1464167780568080384 533906.900398
1464167777829220354 1499298.014618
1463472156814110720 1634510.06385
1462669747200278531 1568380.441988
1461983857029226500 1363380.817802
1461929937259012096 1334447.730996
1461658964161011719 1453397.314072
1461650468082307072 4082870.618946
1461642964619317253 1398307.659072
1461582576296943616 1519284.541452
1460133555070062593 1231297.860974
1459048945250754566 1136984.371614
1458777891290828803 1545992.006196
1458411618862198798 2080912.556246
1457958668696129536 1304368.779366
1457632570103844865 1960266.211796
1455543148671811592 18036837.835964
1455121335084982275 1841426.80803
1454335763261362177 1867847.806568
1453595130296999937 1710555.823612
1452613413469892614 1983271.651724
1452592693377486849 2344197.035422
1452517724962258946 1415495.631432
1451916233868148740 1324112.911718
1451843339230253064 2083887.397616
1451481066296909840 1874216.170686
1450423986190491648 1314483.240024
1449379415306084356 2631059.886938
1447917572247068676 588599.909882
1447917568094871566 2681279.616436
1447087129339719680 1622456.447336
1446349886383747073 1988648.402052
1445367127649624064 3860330.448608
1438887991972438016 2624272.841442
1438832322116308996 5390610.885198
1438410806593470467 6900794.615644
1436991044378312705 2864926.490344
1435853441096732672 2086619.844504
1435497366451224576 6656659.300546
1435490694546608129 2144375.838806
1435135771938283520 3796536.628118
1434154288033374210 2979050.219642
1434132107786285063 493118.519836
1434132103742951424 1542951.05724
1433358985453842432 14711890.690508
1432746596546998277 2776320.289242
1429764139535065088 2458298.728858
1426431227398033408 2289305.70318
1425469741443915780 10652334.013558
1424257189720379394 1790391.751638
1424003825153679367 7984914.95432
1423894218825637889 1711635.58085
1423624520217219074 1655488.204474
1422524421902794753 1691759.233326
1420686829200629762 6646346.51713
1418983345166376961 5633203.689956
1418534885266890754 2474715.446048
1418206864085372933 3057497.888362
1418175524564738048 1621398.72596
1417792372390338564 667356.08067
1417792369630466051 2078356.396254
1417544825436397569 4100521.344408
1416389538528698369 1925471.585698
1413071997932687361 2627423.969708
1412666785938038785 8223871.841848
1412379522574393347 4679844.156388
1411200677150281729 2119321.063712
1410561597173485573 1587419.426756
1408762732644487170 2252880.423294
1408054460719370245 2187345.769706
1406672425652080644 7832008.107902
1406197788711419906 6983979.994694
1405827555735658498 6846718.610296
1403328487063126017 1607692.419796
1400687007378993156 1811964.860536
1399611931405611015 2095390.11758
1398957595621089282 2215970.354444
1398925199190335495 2627820.615224
1397253427437002757 7113396.61222
1396034195730755596 4740024.09551
1394982027171147776 3883798.641638
1393634137144131586 7718523.418602
1393206328936464394 1122462.738556
1393206326080118790 5870992.676798
1392443689239126021 1969433.130388
1391642323679793153 719030.17706
1391642320609579011 1590195.945368
1391459120683782146 5670268.00984
1391432165192134663 7187128.606472
1391279452282228738 712749.95639
1391279450382241792 1403111.476988
1389830019644461058 916956.289544
1389830017828343809 2365704.036734
1389546610133176320 2201691.115868
1389467752474189825 806644.764372
1389467750456692738 1810003.668818
1388810444136017920 1994818.443412
1388755839167631362 675994.138574
1388755835946405890 2178950.106284
1388023463328186370 853537.078708
1388023456101396482 2019895.254368
1387656215736373252 836481.32152
1387656213853212679 2013438.746802
1387280011292397568 1422635.25072
1386553367619465219 1148112.481924
1386553365677572099 6219203.368122
1386236707582795777 859508.79731
1386236705619857412 2134437.665044
1385511558575394816 2215419.457894
1385103600926396419 2862744.940006
1385079019779989508 941592.38326
1385079017296982016 5065449.705526
1384798568297373701 2749590.788636
1381560666943746050 1580654.417122
1381560664917827587 3003752.420944
1378041997475213313 6340907.433948
1377131070873759751 2895468.195076
1375866806703771648 7692278.70696
1375681584397836293 1955308.142846
1375394612643164160 3459498.118828
1374745646431793154 1971548.57314
1374701654369394695 8929460.143088
1370623171863269377 7385275.077576
1370333542874419205 2501511.05424
1369173809291358209 2425685.653098
1365535942283460609 1918750.647788
1365252083776069635 1358400.71299
1365170009140436992 4103319.898882
1364541202284994561 2961575.781076
1362318449075122176 2666361.337862
1359920378424877058 10479043.99479
1359107074399956992 2740445.905906
1357249465724243968 3086585.226202
1355855815672950785 2425289.007582
1353967324286476289 6858706.119224
1353621190783377408 2800493.629856
1351481284166447104 6659788.39295
1350736332344094720 7833242.116174
1350439432466251778 1695835.867796
1348597883751211008 2270795.5791
1347052937386676225 737981.01838
1347052934077370370 2416959.451746
1346383514757783552 2263722.067398
1346018379593785345 2576322.80573
1343172277526007808 2768012.769268
1343066579563642880 4324097.20026
1342042437884100608 862549.746266
1342042434285367296 2116147.899584
1341369709099282433 2136575.143658
1340937612647796736 2852211.79797
1337284182226001920 1743345.186268
1335508034806640640 3418974.16861
1330035876005601282 5329902.085388
1328360497935044609 6945813.88171
1327494493478690818 8623161.661288
1326905562492248069 2412331.920726
1321685746051284992 2588927.318794
1320968495400534016 3690301.737416
1319978822796791808 738179.341138
1319978820208939009 2565348.946454
1318796716112424961 2910254.258478
1317524589585395713 2236485.741966
1317350337339011072 3317719.38272
1316684954097590272 2089330.25553
1315674198535106560 2695250.352944
1314111078272442369 5700545.284228
1313121613785653253 2224145.659246
1312423654798417922 7245413.461462
1309423411664355329 11370240.361656
1309186064595083264 9660499.864938
1307178506867048448 5015274.047752
1306535801472217088 9596507.72169
1304059957193535489 6859301.087498
1294580128626819073 9488620.141338
1294250038592331777 6946452.921708
1291773476760457224 4358627.396014
1291721722194882560 3462450.924336
1289432703893307392 17010561.635038
1288829167539085312 4290492.51071
1285258911272931328 17313929.347192
1284920301575270401 13545863.052778
1283701673802608641 16923233.513932
1282989459433091073 19793911.364258
1281984222635278336 18070905.278616
1278239181227978752 10443522.185246
1276772472327745538 8623249.804736
1274627685730455557 10228672.530746
1274404948747235330 24185195.907756
1273210153475735554 12352268.551686
1272175078671699968 27271384.488442
1271783453688766464 6620388.271694
1269257511753748482 6648990.82057
1267356615490985984 11268765.217146
1266651636367147008 3865641.09135
1266222996676472832 6928405.55073
1265904454349488128 3176689.86592
1265617617600966661 1195247.190742
1265617615642230785 3638120.8162
1264952496453230592 4693109.745312
1264569274267389953 5264103.001456
1264080536143908864 1884947.63548
1261529336084979712 2193890.42072
1261367393147731968 3546363.486832
1260605999661998081 2863229.72897
1260464825009868801 2545692.95755
1260096405604937728 1241147.891288
1260096403830759426 3562714.096436
1259750904527335425 1754605.51175
1259371916420198401 2237168.853688
1259143614426275841 1585524.342624
1259056851829719041 3420935.360328
1258732725692854273 2610941.144932
1258043260146049027 5910194.475296
1256975323293380609 7517159.711646
1256199186493538304 4050191.4356
1256163923092320256 3799379.254316
1255754582023528450 17783160.99262
1255437874109067266 19545655.342966
1255108856713064448 10171401.325408
1254381806461136896 4942181.093498
1254148721039691776 3899840.749174
1254024106674057216 9101494.117722
1254023935877767168 11482358.827512
1253320541185818628 3181052.966596
1253030106181726208 2967459.35623
1252905951390097409 4514993.872766
1252168158720360448 4373237.17252
1252126777616416768 2121789.080256
1252107248693768194 3969474.073094
1251766034480033795 4722659.836254
1250364076485566465 10762094.64218
1249265628663304193 7996902.463248
1248609359124246529 9747122.83846
1248310215985885185 6769240.519504
1246879788146409472 9942889.436468
1245770734850342912 7448385.786344
1244698696652148737 8697334.37278
1241462024481067008 12820728.941944
1239786359478353922 2114429.102348
1239566669762064386 3299627.940018
1238882559867510784 8939861.069952
1235500065042468864 3399097.821086
1232611540055904256 3180788.536252
1229827967846510592 2733769.03972
1228567161850908672 3114108.01784
1226773338204205057 5998690.497088
1224565820925177856 4037785.245294
1224314413617831936 5116154.223988
1221382185929924609 8218164.55359
1221048809402314753 4597187.638026
1218463651138539520 3769168.087514
1216358418153271297 3482790.024962
1216324931925041153 2282739.016304
1215547133102841857 7380294.972764
1215136475391700995 1715910.538078
1213350868764024833 1520165.975932
1210587518883655681 4614089.14418
1210545282666024960 10058908.249898
1210458010318852096 691176.847492
1210458007374422017 3281955.178694
1210132240077856771 2746615.947266
1209739009423020032 2158809.328416
1209486570094510081 462444.599932
1209486566940434432 2103146.741004
1208290169553481728 3522586.791734
1208009576307511302 1348837.148882
1207974419101966336 420157.780754
1207974416207900673 1644271.950716
1207896810481750017 386310.696722
1207896806635515905 2167888.10356
1207580574728085504 409470.387684
1207580571381055488 1908261.577476
1207543741839478784 1397756.762522
1207232207061950464 1144432.49297
1207186626813648896 1948521.09735
1206826504941817856 2196512.688298
1206524231569293312 2968318.754848
1206492834485784576 1682570.278872
1206446860006617089 1828051.039796
1206100589559418881 1788606.846816
1205860076352757761 1716946.223592
1205801358894354432 1650596.24311
1204680334459031557 1820184.237062
1204635580778369024 2832710.0601
1203727256373407745 6667831.48258
1202898612235190273 430558.707618
1202898609848631296 2243008.357118
1200808074220580864 508014.762548
1200807987192958976 2545648.885826
1200752522199281664 2980218.120328
1200752520202719232 5379703.133508
1200696259780075522 421347.717302
1200696203064664064 1777280.413748
1200004957015040000 428002.547626
1200004862177611776 1959869.56628
1197858092903366656 3178695.129362
1197764798261260289 1883449.196864
1197734096434278400 1770669.655148
1197032365836718080 2896525.916452
1194996806809202688 3339689.137134
1194895496638128129 1788937.384746
1194572097588285440 1213030.131376
1194515084950654977 1520055.796622
1194222924003205122 1530368.580038
1194140316363739136 1850241.15283
1193874058523402240 1839024.899072
1193400426739249152 1270499.659472
1193100049695281152 1886071.464442
1192415362119286784 3345859.178494
1192355649809719296 1940566.151168
1191344552214294529 6510781.894106
1190195751105646597 5676019.369822
1189852374531104770 1708021.699482
1189844823093604352 2238777.471614
1189838171149754369 1679551.365778
1189829760219676672 1939023.640828
1187240658404290560 2796020.34987
1187011985176551425 1606634.69842
1187007698233020417 1595021.799146
1187002644356685826 2201867.402764
1186983224947294209 3722275.773178
1186564446778380288 2583792.962948
1186560656754917381 1536186.047606
1186242319663521792 3217169.744414
1186171572886724608 2239769.085404
1186167923926339584 1615338.86391
1185865976379666433 1349696.5475
1185791086905757696 2013570.961974
1185577326240661510 2041027.646026
1185173812662259713 3292488.32073
1184737090044452864 1556481.076508
1182976173896126465 1990675.701356
1181838399818190848 4262220.499764
1181456967648399360 4183486.364838
1180889345710055425 3633118.675526
1180733662167552006 1500664.238062
1180105002628435969 2521409.437626
1179101842170474496 3990782.751648
1178919911248269312 2816205.199462
1178767000602103808 1658000.292742
1178661955508129792 1253950.72711
1177173330345857024 3184997.385894
1175834093549834240 6872059.851596
1174719092101718018 2237896.037134
1174590883070713857 3751737.720672
1174562008634548230 4082958.762394
1173909388848844801 1519394.720762
1173521078108532736 3938800.15319
1172130253508108289 4365326.298062
1171665013515411457 2683637.45367
1171662380864065536 1565603.923376
1171660260161052672 1507892.000798
1171657171953770496 2626079.782126
1169993071154683906 5964645.090298
1169654374424924160 2273373.774954
1169605047828832256 5435674.222988
1168962227027742727 1631425.04317
1168411457513381888 3992876.158538
1166357621328293888 8459986.103178
1165963886874415106 8068827.516816
1165670694908309508 5434880.931956
1165286091114668032 2506204.692846
1164047602754580480 5715683.921422
1163440820072009730 2328176.963748
1162970641697406976 3356127.890186
1162445359022350336 4993524.651958
1162398539277852672 3441472.783712
1161905577498464256 7096935.823306
1160875656818974720 5504227.78967
1158700672897781760 2039396.992238
1158318985613496320 2472622.039158
1157516051455729664 2990288.509262
1157163192214142976 2514666.463854
1156987814891802624 1875516.286544
1156110663900528641 3685916.600878
1155891895295533056 11779027.637618
1152575432790642688 5002228.817448
1151224501071278080 9133952.942448
1151224303058206720 6863465.865416
1151045904465575941 1604982.00877
1150441860663525377 2415394.905544
1150382907518644224 7953778.281314
1150092566450196480 5593605.245942
1149547633003728897 3046281.634604
1148678020351365120 5836220.086562
1147478791003889664 2212753.118592
1147145509519314944 4055898.723858
1146778554811600899 3663021.34026
1146767886788096001 1651477.67759
1145793247945605120 2759462.854812
1145686228756361218 7640869.040914
1145049637553922049 6491588.658304
1144960521461878785 4554482.13747
1144221842741182464 3305203.013104
1143908601188114433 5051655.255914
1143866627298979841 3984568.638564
1143535382656704514 3774544.837842
1142844750719926272 5495413.44487
1142511967933874176 3869739.761682
1142511713989742592 2755276.041032
1142510762742599680 2387761.934596
1142440790767099904 3977781.593068
1142128824194256896 4892930.941928
1142093525070123008 3349230.66538
1142047006942085120 6295601.701676
1141062940948217856 6426604.901266
1141012881720446976 5337240.027434
1140674094544801792 4080733.140332
1140643218138079233 3136408.310184
1140478124645212160 6465718.556316
1140350039652356096 9596573.829276
1140212118500679680 5424457.96923
1140165179516190720 4071874.723808
1139438958448914432 3404386.427966
1139113537991823360 4248976.946702
1138861036818247680 3256812.260152
1138832853007863810 3790763.232274
1138679819527311360 5356675.657718
1138668748829675521 4745180.487218
1138034162097577985 1615427.007358
1137604922629808128 5225650.422266
1136530378284359681 9056056.170278
1136275342979526657 9448889.482152
1135986582903648256 5903649.824282
1135942126225674240 3844486.66383
1135781225216454658 2762371.588596
1135520751811944449 2396444.064224
1135183755746824192 5613569.736914
1134504820293931008 7198388.931954
1134462644046315525 4033334.00117
1134331364549877762 2348648.279546
1133968957310824448 1400577.352858
1133758857606500353 3947019.529716
1133289609650163712 1377461.73362
1133244045684236289 1350600.017842
1132904835710275584 2694368.918464
1132891375089774592 2271214.260478
1132593958364811264 1577635.504028
1132533036505899008 3730583.293152
1132202151676063744 1733230.72561
1131795027573837824 2905119.902632
1131569359191707648 6409967.825456
1131558162904080384 11310280.781154
1131493658077814784 4145011.749786
1131234732707110912 2643752.54345
1131116493943578624 1650992.888626
1130824956391018497 4848749.038618
1130722429049888768 2116103.82786
1129694612921040896 3279641.413184
1129398081827381249 4405078.99311
1129310290657648640 1823886.261878
1128910548572094464 2762459.732044
1127856348173963264 3344272.59643
1126374421940203520 2034703.353632
1126011569580548096 2647542.711714
1124183966100017152 2379608.665656
1123955423156101124 2229654.624746
1123474913141116934 2146204.815352
1123114114824282112 2151206.956026
1122779335188828160 6908220.701138
1121744353456640000 5566082.454304
1121300549087817728 2690887.252268
1121003799383040000 1920998.305712
1120279893873438720 3772715.861296
1120276591081291779 1990741.808942
1120243524333645824 3793804.18123
1119476368683696128 2720261.056314
1119110949812588545 4783500.851236
1118748592594923520 4292123.164498
1118386321783914496 4810208.31598
1118023946857848834 4463253.66879
1117661347452522496 7003834.306356
1116364858767945734 3041037.099448
1114048029177339904 4021082.061898
1113800263503089664 3545019.29925
1113436690507546626 3715444.655958
1113053432036909056 4265151.26941
1112616775638749184 4668517.72332
1112345482418896896 4569973.348456
1110520796399599618 2722662.965272
1110204974888173569 1801630.041258
1109328217696014336 1925163.08363
1108671534799958017 2438863.098574
1108662305921871872 3969319.82206
1108586540492570624 2492388.207372
1107997281318588416 2861841.469664
1107876992530042880 5871168.963694
1107590106997764097 1727765.831834
1106617388198490112 2185472.721436
1106432398839812096 2768122.948578
1105778630133583874 1399938.31286
1105463285275639808 1773666.53238
1105138625241669632 2540690.816876
1104985391029936129 1495309.523596
1103975124485595136 6818292.348316
1103530166763077632 1488169.904308
1103192955869900801 4243313.730168
1102089604323307520 1759783.93932
1101738796259909633 1932963.778778
1100991923744063489 2272514.376336
1100306767664185344 9777289.933538
1099764769488289793 2611470.00562
1098904191018270720 1944841.108396
1098441653457768449 3097757.408236
1096084550520918017 7471391.226272
1096024522287996928 4814064.59183
1095933206845566976 2350190.789886
1094554414407471105 1835433.053566
1093374987044573184 2220641.957188
1092439764014432257 1520165.975932
1091687370775134208 2211959.82756
1089154039596572674 3265141.815988
1089032538402615296 5455969.25189
1088700811020881922 3424020.381008
1088670606130724864 3517893.153128
1088374616777781254 4320284.996134
1086257417468424194 5711519.143504
1085144685901955073 3610994.670078
1084478317338583045 5543363.480582
1083001707972386816 3662492.479572
1082540231453224960 2883877.331664
1081435478925037568 5097930.566114
1079658452186742784 3768418.868206
1079317165403041792 9708097.326858
1078877709810520065 4615345.188314
1078331463290970112 2664289.966834
1078269065318125570 1866635.834158
1078264292477087745 7150923.685206
1077904985273352192 4349526.585008
1077625717452505088 7380339.044488
1077437198000041984 2832886.346996
1072728409334108160 3144363.256366
1071998375812390912 2602214.94358
1071261116632875014 3154477.717024
1070234735186755584 2469228.51641
1069880264027852801 4117973.747112
1069549887002472449 2619116.449734
1068524492547211264 2899941.475062
1068014190437285888 1822872.612226
1067441008948895747 3483605.351856
1067041248194621440 2910518.688822
1060735123530936320 3337860.160588
1058244833708363776 2153454.61395
1056909179615612928 3214062.687872
1054592928033705986 2575375.263664
1052989586509586433 5190547.2941
1052970906568548352 4651373.822684
1052130830003232768 2754813.28793
1051841618255458307 2117249.692684
1050983841987473408 2573303.892636
1050276275456073728 1979018.730358
1049986817104072704 4201511.699954
1049674034017955840 2290760.070072
1049322876279685122 2921007.759134
1048566614344568832 2071745.637654
1048128859860656128 1934969.04222
1047905452468686848 2457042.684724
1047855780374990848 1802048.722636
1047029991815434241 2469514.982616
1046688253053526016 2721274.705966
1045563437001175041 1712054.262228
1045253878885883904 3770446.16751
1045169579624992773 1762163.812416
1044111884465647616 2175821.01388
1042077031343763456 2150479.77258
1042028011724259328 3030437.849826
1041565369758957568 1967670.261428
1041193593652822016 2877244.537202
1040589926062907393 7605523.518266
1039750869070348288 1858835.13901
1039431150282973184 3466990.311908
1039370472444424193 1384138.599806
1039155560753426432 5086317.66684
1038662129878949889 2874071.373074
1038388905521774592 2213568.445486
1038030649154723842 3715488.727682
1037645514605584384 2622906.617998
1037636684521730048 3255908.78981
1037234340500000768 2550717.134086
1036923993356468225 2330865.338912
1036667712917913600 2474340.836394
1035877635841114112 3189118.092088
1035761670092730368 1405315.063188
1035489845781643264 1990036.661358
1035208802969169920 2331239.948566
1035037418477506560 1703394.168462
1033587343293218816 1673116.894074
1033383755476598786 5671722.376732
1033374630587891712 899129.277186
1033348949778653185 5334617.759856
1033315553727967233 2045787.392218
1032938153118773249 1630301.214208
1032655912799023111 4957628.23276
1032581889960419331 1817892.507414
1032500498266574848 1239715.560258
1032277321150091265 3507183.724196
1032172664993931264 6418760.134394
1031966770884734976 2822485.420132
1031924081287786496 3843759.480384
1031521286982381569 3983004.092362
1031050627302875136 1707008.04983
1030830212240441344 1541518.72621
1029616176408739840 3852794.183804
1029607245640880128 3473512.92706
1029238702080487424 1545419.073784
1029057064008593408 3396784.055576
1028876538568208384 6071056.267896
1028544332301623298 8282002.445804
1028513913053179904 1796870.295066
1028242123399737346 1341741.601318
1028151542619287552 3132706.285368
1027947708894523392 3993735.557156
1027925459118350337 1089342.83797
1027789137582206976 1650111.454146
1026769180664713219 4935724.585932
1026452845019754497 1136786.048856
1026432104245092353 789522.899598
1026415089010630656 877269.702082
1026399875376660480 998444.90722
1026385149821218816 1152056.901222
1026324746638516224 1738805.798696
1025977197683765249 1499430.22979
1025705408223014912 1789752.71164
1023939369781153792 6265236.28384
1023531081612460033 1882391.475488
1023229192987537408 2329455.043744
1022096641401049090 1772829.169624
1016560842282864640 3407978.273472
1016313744484388866 3295198.731756
1015814325347368960 2462772.008844
1015614129346895873 1561637.468216
1015425202023550976 3504980.137996
1015113142156779522 1443437.104448
1014686061996466176 1737109.037322
1014543980346867717 1610270.61565
1013749299220447232 1977784.722086
1013612971321421829 4014250.944678
1013408827222511616 1853810.962474
1013347943540195333 1139474.42402
1013315350195261440 1086279.853152
1013308858092195840 1018894.187156
1013301373377695744 1146878.473652
1013296499327938561 1236322.03751
1013293815510323200 1073410.909744
1013290902025105408 890403.075834
1013287150769590272 1166754.821176
1013255677295423488 1063737.166326
1013253821496217600 1426800.028638
1013253198411390977 1496807.962212
1012957899834834950 2545009.845828
1011658739588521985 2088801.394842
1011579874706784257 1802445.368152
1011141294985375745 2242854.106084
1010545517892431873 1631711.509376
1010106316239527941 1414019.228678
1010040080780681216 3341848.65161
1008756290166906882 2400939.380072
1008393840418590720 1996933.886164
1008312892368834560 1848985.108696
1008276141126438913 1375632.757074
1007968240419688448 2892559.461292
1007880516392103936 1696056.226416
1007626560197873669 2357705.018828
1007621095766282241 2437937.59237
1007287250604789761 2048233.3729
1007208926356672513 1317303.83036
1007195768762093568 881632.802758
1007195592152506368 925153.630208
1007193448535986177 1073499.053192
1007103282974789632 1832568.391506
1006521559476064257 1826508.529456
1006461130280071168 1543810.455858
1006453620135550976 1917296.280896
1006409830079303680 2986211.874792
1005668840221564929 1680587.051292
1005464399467802624 1553462.163414
1005348519954112512 2169893.367002
1005092215109009409 2906640.37711
1004974080959737856 2903467.212982
1003645066219433984 3242775.416058
1003516703731433472 2455874.784038
1002937195731095554 2618080.76422
1002592552443314179 6136304.455278
1002527797049462784 2156936.280146
1002077262580240384 2830638.689072
1002054645425102848 2466385.890212
1001784020601012225 4958267.272758
1001712311000805377 3271664.43114
1001428850239328257 2649944.620672
1000799158691815426 3894155.496778
1000202360545624064 2531656.113456
999900373937602561 2487870.855662
999733496238125056 2681764.4054
999549361544617984 1616616.943906
999508218421436416 4822085.645598
997434462181961728 2839012.316632
997095340930199553 7639789.283676
997035437293174785 5123514.201896
996690656289574913 3088215.87999
996362961433198592 3401852.303836
996361976132452353 3343942.0585
996340731454349314 2889077.795096
996335657894187008 2121216.147844
996334455299235845 2389106.122178
996326812853534720 2631566.711764
996324295142920197 2010948.694396
996322198032998400 1507230.924938
996310993390186496 2830528.509762
995992728314904576 4626010.545522
994887341788553217 3697705.787048
994539987033964545 4958928.348618
994071967497113600 3046744.387706
993432887688155138 3933511.54631
992321614585978880 2774160.774766
990836139836747776 4098824.583034
989836564665634816 6120019.95326
986825401518428162 2868033.546886
986650582323625984 3319460.215818
986508876953669632 5048349.876614
985119640283070464 3369900.303936
1448181752455856130 3297710.90316
985033061002891264 2076375.577
983306041113939968 10570367.50064
978942080801263616 3274408.01156
978603028528984065 3419743.31002
978330750184493057 3399342.28794
977975909058863109 5580998.57048
977794711850180608 3600098.89746
977432323200139264 2831565.13572
977069935166935040 3111023.96404
976707547460640768 2972503.66218
976490423576420352 2815472.9502
976390459240173568 3001544.34124
976347030481076224 3256689.0204
975982771742101504 4244423.8502
975620460200321024 6234754.59916
975275613186478081 2870168.79388
975257996140793857 3504007.4454
974706870689570816 2939769.69464
974170833697550336 4521376.51848
972427451728097280 1696824.2341
972343854023217152 2870432.6002
972019154218713088 2476613.73216
971981447237021697 2803799.52054
970935778900692993 1678115.96924
970312675598090240 4089481.60492
969871168416120832 3297381.14526
967052882238496769 2498201.88268
967003561438666753 2859880.3474
965458431342727168 1952254.70344
964831807869927425 2495453.90018
964734258391715840 2220655.65018
964446775997186048 3535598.25222
964387745496891392 3742092.6492
963601205724291072 2925963.83056
963346801033203712 4467384.15832
961109683628068869 3638900.41036
960792939889905664 4488400.72848
960766714660220928 11870383.06174
956802716424069120 4344846.12268
956757223757119488 4283796.94346
955379929318703104 2003015.43618
954701042398179328 2229317.29102
954332017314992128 2061976.1487
954331977649410048 2362517.49876
953499212271861760 4970770.5846
952548060025970688 3959139.29898
952147344178294784 2391690.08098
951690214082166784 3225362.0199
948830659904266240 2372036.51014
948803752710082561 1592356.93138
947323943551098880 4197180.53506
945881940728594432 4284544.3947
945874402750611456 4649960.11562
944998865219944448 7070690.87566
