1516363784386138115 8188127.9046465
1516125031641718784 4381102.509084
1511760650980061186 10378126.5693195
1511347658618724363 13418518.5354705
1511326443548327941 2602443.241512
1509943111287734275 6645233.230029
1509404812265238532 3475088.9119455
1507672406995128320 8956759.158969
1507672383238606850 4616314.5121695
1506866126818799618 4388838.76725
1503997457302114304 3960836.660253
1503604476934242308 8535090.582009
1499700448005337089 2450736.069015
1499011302806605826 5619562.6727955
1499010940058345475 2307997.855161
1499010607403524104 1801081.6641795
1499010039322853376 1474522.305057
1499009660505911302 2985961.8640545
1499009443773616128 1695834.5475915
1499009111400144896 2097949.9445715
1499008466035167234 1497858.600294
1499008157615820803 1587654.4540065
1499007750915104770 1533500.6468445
1499007479727808514 3522909.1890705
1499007167877181444 1410570.6544485
1499006792914784259 1278692.956866
1499006465532514307 1145476.291524
1499005982654926852 1619449.6249305
1499005901516140544 1078676.6777445
1499005771089989632 2108321.6313435
1499004633548673025 1328128.496685
1499004383815630848 1428912.387408
1499003755521478657 4772676.19164
1498901170399879170 9566605.83978
1496122195252326404 6437820.7480455
1440803892271337474 6477968.527374
1439632448338358283 9269673.7990185
1438429429944893440 7847477.5038645
1436625254235791360 5350281.3789405
1436223240049889283 4790869.150404
1435885437122277377 3805920.2158245
1426912355191975945 3313796.430567
1426912341732429831 5158447.6805715
1425744848041041927 5303800.069575
1425742134146002944 5191475.5519725
1423484214452768769 9339151.348317
1423124431275102217 10135390.842633
1422120843816042502 11545005.091539
1415987592437264384 3179134.530183
1414549399376568326 4820007.6392655
1411341235906748419 4503586.1788935
1410909690578436099 2247234.2230275
1408312318069403649 3069147.8927955
1408311777842978818 1154402.743254
1408311531423498244 1202563.075683
1408311019265413120 1270446.615744
1408310574283321348 1511205.770976
1408310169662935040 1683996.372321
1408309943732641798 1412270.9309685
1408309678468071426 1263560.495838
1408309426985996291 981229.579692
1408309198748749827 985161.4691445
1408309039532953603 1006839.9947745
1408308590335512581 1377245.2346565
1408308325196787714 1267492.3852905
1408308182624002052 1416096.5531385
1408307827198742532 1028752.308426
1408307363967160321 920465.9475585
1408307126024359939 5905612.943829
1408306777855119364 857704.490514
1408305945248104448 1239034.007037
1408305432418865155 923462.684925
1408304689465069573 5828441.6432775
1408151629665234944 5139829.6526775
1406582017169321989 3303020.9281215
1405989125887430656 7648311.363003
1403352849463971844 7239756.1687035
1403346168873062400 3618167.1811035
1393198785984045071 11461797.8093415
1385839958435319812 2731557.9897495
1384935820956774400 7399199.5993665
1382028536949600259 10448454.256878
1381301821256261636 6037448.1344985
1380036194264772609 2279199.4216035
1377819439609966593 2725054.4320605
1377189688272773120 3425122.035714
1377188713206145024 1510121.8446945
1377188105887748100 1375587.4650495
1377187830938542093 1642764.666711
1377187190367612930 1501322.9137035
1377186920342581252 969752.713182
1377186387103940614 1191341.250651
1377185789222678533 1095849.4705965
1377185206885486592 1400581.5298935
1377184778940686346 1036042.2440055
1377184513172758531 1130258.81667
1377184103615799303 1244751.1868355
1377183900582092811 1162967.8862235
1377183551246934018 891561.2467185
1377183269620379650 841573.1170305
1377183140515487758 1441218.1387215
1377182882301546500 736177.226247
1377182448363085824 1101226.595091
1377182091629142017 954939.0540015
1377181960389292033 835558.388841
1377181617987276804 848246.7023715
1377181355704905732 1353165.068442
1377180894574768132 1021334.8521075
1377180629318529025 717941.76057
1377180396530528263 904377.080988
1377180177944305664 864314.3154855
1377179334146813952 1051429.7465115
1377179114042368004 2460810.207396
1377178804364275720 1002100.473975
1377178514672152578 1008242.7229035
1377178324754001920 875259.845583
1377177794401067013 619687.0311705
1377177121848631299 873049.486107
1377176903455416321 765230.7012825
1377176547170263041 1397754.820179
1377176172845395975 1063097.89413
1377175622875709442 705380.9677785
1377175277323743241 1034490.741681
1377174933998952449 977552.7317175
1377174348222500867 831945.301236
1377174109017100291 758153.300268
1377173852497698819 773519.5493175
1377173622335307781 796218.2408595
1377172602842607620 5398973.047782
1376575116931293187 2301090.4817985
1370297360224428032 2107237.705062
1366276260536586241 2468652.7328445
1364565527583023110 3235541.203734
1360164869127872512 6332573.6314575
1359638290408693762 8020183.0913835
1352565047554318337 11331747.909018
1351455658462179332 12335718.687165
1351088926652583947 2709730.689924
1345245637676208131 8503210.397259
1338404467704664064 7212190.435623
1337785848629116928 7566251.7674565
1337442955934617600 2004817.2981885
1337354294924726272 5653738.2308475
1336969653185249281 2317689.431325
1333734563130925062 2094400.617336
1331724606147682304 5232941.045604
1327624051381047297 8093273.728287
1323354348307443714 11943974.976957
1323260798269972480 14708497.077738
1321809909894164482 2141094.4612665
1321088537865949184 3558848.784012
1321070234782973952 2274927.476847
1321069675090829314 1635963.560631
1321069250467905538 1029729.967425
1321068583003197445 688782.018252
1321068094479978497 1221648.67962
1321067621811322881 1327639.6671855
1321066414225014784 2066494.8289515
1321065671464112136 792838.941276
1321065518523006977 1045159.976844
1321065339531087872 1141204.3467675
1321064027766730752 1320455.9988885
1321063464530395137 937830.021519
1321062791764013058 1206409.9513095
1321062138677399554 1540748.075511
1321061244384673792 789905.964279
1321060280466468864 4595018.5487565
1321059764214755328 1189130.891175
1321059343945461766 815622.646644
1321059230749659136 717091.62231
1321059004865392640 1404130.857129
1321058690229649408 837449.9464695
1321058136048893955 673415.7692025
1321057711358758912 715221.318138
1321057156167200771 859617.301599
1321056878500036611 746655.1803015
1321056329125916673 1333250.5797015
1321056095503183872 847587.84522
1321055780456468480 1074022.170771
1321055672058834944 1058889.709743
1321055289269911553 1256801.896671
1321054979977695233 1027710.8890575
1321054718865518592 736219.73316
1321054475478462465 754518.9592065
1321053965933375488 4984339.3649235
1321051982321205248 1014044.916528
1320349418621595648 3622247.8447515
1319620295372619776 3533280.8758425
1319380966066909184 2598298.8174945
1318528168353955841 1621362.4360155
1318516088078888961 1717810.6216125
1318409747343699968 7721444.5068195
1317912362532306944 2169510.332607
1317447756236038144 2056781.999331
1317051485461475330 1430187.594798
1316812211369566208 1726141.9765605
1316359927498039296 4426606.1594505
1315008035098693638 4572702.4194315
1313926077689937921 3710853.5049
1313917374064590848 5333661.1759575
1312022747514454016 4905255.253287
1311386543139905536 4309010.784636
1309913062921572353 5570849.7504975
1309456990909771777 7030452.1290915
1307258873032499200 2158777.3370745
1307257799169069056 7009666.2486345
1306593753910583296 5922169.3864425
1304114036506730500 2989511.19129
1304114023584030720 5583878.119332
1304111938712993792 4646281.8858345
1303970905547186176 3316346.845347
1301847292383653888 2524124.2543095
1301833365004324865 2774001.14238
1300443480976547840 2701059.279672
1299149331065307138 3091846.5843375
1299146875396784128 2008961.722206
1297595433200410629 2634748.495392
1297566385220943878 7197653.071377
1294629871486824455 7179672.647178
1291805216031928320 6922845.878832
1291613965353533441 2506611.4061535
1289482745966546944 9205127.051628
1289420991085416453 3335219.914719
1284073973093765122 6699365.7837345
1278978546141020166 8533921.6419015
1277128040389070853 4942980.1385745
1277127908893523968 12449020.8637665
1272127567944794113 28647810.3112845
1267412863154401281 4382930.306343
1266310587585265664 3794783.4046185
1265210277563256835 2720591.2061955
1264989519054397440 9483547.331778
1263788358343499782 6036087.9132825
1261364808911163392 7606484.560611
1261351909924810753 1677025.238589
1260878152752119808 1839699.19464
1260833209765507072 1781315.9496345
1259490347492749312 3058903.7267625
1259095690145411073 2484231.516459
1258710033438662656 1936848.7443015
1258640495305244676 1775088.68688
1257947832448761856 2473413.5071005
1257051099795787778 10054882.749411
1256799288077586432 2036995.0313295
1255898724489977856 11419099.615233
1255428809383391232 25314375.6869115
1252195507583123457 3758673.782025
1252194074712391683 1395076.88466
1252193827156185088 1466531.005413
1252193461689659392 1292125.141374
1252193150061305858 1188089.4718065
1252192767754694659 1720594.824414
1252191495722905600 2803522.1934585
1252191209885323264 1470569.162148
1252190846893477889 985969.1004915
1252190421691715584 1092597.691752
1252190019084709889 1136273.5448595
1252189701290618880 949306.888029
1252189367914737664 820085.872509
1252188940968157185 1196675.8682325
1252188617096626176 786569.1716085
1252188032645521408 2821566.378027
1252187652314460160 849543.163218
1252186178427555840 970517.837616
1252185760456863746 871264.195761
1252185332402933762 961612.6393425
1252184271801868288 932771.698872
1252183871132581889 844251.0525495
1252183576998580224 753222.49836
1252183446115348480 1631160.279462
1252182590099910662 1234039.4447595
1252182232325746689 1563680.5550745
1252181463048450051 914642.5004775
1252180040139157506 6511081.412601
1252170765656420353 1179269.287359
1251071681159786496 2933487.079956
1250139642780733440 3418065.888156
1249768169801039872 4085573.1964515
1246730600876134401 9732744.1092405
1246459466796523521 2577151.628277
1246414596534972416 2943539.9648805
1246088617895677953 6719110.244823
1246055180174389249 1611989.661699
1246040334921912320 1630352.648115
1246022824533168128 3288632.338071
1246021865497227264 2676213.9890235
1245719192352878592 2272483.3293495
1245718174726680579 7836723.2548755
1241717797912080385 10244123.526087
1241035848918790144 6253213.2248865
1241001625407221761 6200207.1043755
1240907248521474048 4076434.2101565
1238727324733857793 1564870.7486385
1238726308797886464 2691665.251899
1237319008493301760 7565677.924131
1237316768793628673 1747204.151952
1235805511527747587 3525310.829655
1234272754569867265 3754083.035421
1232729253365440512 4074606.4128975
1230060604058042368 5690315.429484
1229632760110710784 1688757.146577
1229435038795628547 1742358.36387
1228644554137460743 2407336.510842
1228269959911899136 4738755.675066
1227530927602954240 4478889.6624405
1226542898075688961 2581466.0799465
1226436641910190081 4179407.206899
1224825874802823169 3410223.3627075
1223719963275300864 2693089.2334845
1223210946513948673 1966221.0211845
1221289753288433664 5126886.297669
1221036013205643265 1847159.1578715
1221033148609220609 5319782.668863
1220648913176125441 1834152.0424935
1219947963964723205 3679780.951497
1219946775756165125 728355.954255
1219945237159612416 1146687.7385445
1219943862157766656 2797911.2809425
1219941641206648832 882549.7811625
1219940171694534657 725890.553301
1219939810913112064 454738.955274
1219939637377945600 559412.2285365
1219939263170535424 1579960.7027535
1219937191964467200 1294505.528502
1219936049004068871 1713198.621552
1219935259766059008 1288171.998465
1219935004496560128 1393397.8615965
1219934438391308288 802764.3054615
1219934307197669377 1320179.703954
1219933944457465856 684998.902995
1219933703519916032 760512.4339395
1219933416927268865 833348.029365
1219933041809739776 665913.299058
1219931186916495360 568041.1318755
1219930919307370497 769970.222082
1219930479144472577 1059314.778873
1219929845452304384 3308504.3198985
1219927601403183104 2077737.90744
1219924980051218432 1454331.521382
1218794931491237889 2962306.76697
1218059544040894464 5931903.4695195
1217853383840690176 3568519.1067195
1212159468806365184 7804758.0562995
1210536720250200065 2163899.420091
1210171181313081345 3970932.0520905
1205053726882324480 1962310.3851885
1204327353364570112 2524103.000853
1204001189412687872 5588256.331371
1203306039145185281 5660326.8023625
1202734032775196673 3986574.5960745
1198868365881688064 2125451.9172825
1198239609286610948 1792282.7331885
1197816030044667904 1713942.4925295
1197192844244471808 4093458.228813
1196791096132558851 1708204.0592745
1196371398899322881 1802335.618113
1196063963630297088 1944967.5646845
1195661467502010368 6326452.6359855
1194918476013391872 1289468.4593115
1194168553156464640 1778021.663877
1193746955265921024 4649767.4527005
1193534896662183937 1449953.309343
1193491705695064064 2281473.541449
1192056457484587008 1992639.067614
1191677381129322498 631312.671876
1191677124182081536 2498981.41527
1191302602849280000 5755393.513287
1191300820165226496 5626406.2857885
1191274863161270272 1189959.7759785
1191274260527845377 938318.8510185
1191273873527865344 1557644.5734285
1191273519281106945 1119440.8073115
1191272440581607424 849521.9097615
1191272305969618945 611015.6209185
1191272166613929984 672225.5756385
1191268170528542721 630462.533616
1191267930568192000 815070.056775
1191267202814492672 800957.761659
1191266680384569344 633034.2018525
1191266503217143809 1150045.7846715
1191266341631606784 700131.364023
1191266177357496320 619325.72241
1191266089767858176 706486.1475165
1191265631665917952 1079760.604026
1191265293764448257 750544.562841
1191264967225274368 1653582.6760695
1191263583834796032 704169.520758
1191263060612141056 672161.815269
1191262869754535936 739556.5258305
1191262727387279360 671906.773791
1191081895095783424 913792.3622175
1191081834777436160 726166.8482355
1191079941644771329 1293995.445546
1191069039793065984 1380879.575718
1191068961720324096 894260.435694
1191067376059478016 1413078.5623155
1191066376779128832 1131810.3189945
1191065287711281152 1155380.402253
1191062799931232256 1023481.451214
1191061116958339072 4315514.342325
1191060309361844224 1133383.0747755
1191057517456973824 892772.693739
1191057044498894850 1202541.8222265
1191056739744894976 835218.333537
1191051772946612224 1253188.809066
1191051165007372289 882762.3157275
1191050672063467521 1044479.866236
1191050332899463168 1028199.718557
1191049282909925378 1441430.6732865
1191048637763092481 751182.166536
1191047867458174976 1073193.2859675
1191047089729372160 1627419.671118
1191045196210814977 1169322.669717
1191045114904248321 818321.8356195
1191044921513267200 1040314.188762
1191044080999944193 939041.4685395
1191043971968987137 1019613.322131
1191043536851890178 812583.4023645
1191043425719578624 812392.121256
1191043405901512704 718324.322787
1191043184857473024 1360858.819695
1191043037926805504 741851.8991325
1191043003424464897 848374.2231105
1191042908939403264 697007.1059175
1191042824357040128 993577.8379185
1191042744078069760 852816.195519
1191042649064558593 1006691.220579
1191042472689860608 941485.616037
1191042338727981056 881933.430924
1191042186487316480 995596.916286
1191041997106057217 906311.1455295
1191041965699166208 912283.366806
1191040744049364998 1292847.758895
1191040436430725120 1697874.8794155
1191040133534928896 1022801.340606
1191039940164870146 1465192.0376535
1191039722237218816 2041351.989912
1191038997960609792 1859103.6004245
1191036590300127233 1910281.9236765
1191035775074226176 5064337.3751895
1191035503451074561 2506696.4199795
1191034943926718464 1846861.6094805
1191033393141600256 1258905.9888645
1190690106203492352 13431291.862827
1190643811103305730 10517719.2716115
1189845054694707200 1923756.6150975
1189635989024591873 4152117.768753
1189503473840058368 7977463.6438185
1188427434665791488 6847544.8824525
1188140951388262401 3259536.3561225
1188034290312826881 2497366.152576
1187709827042013185 1887838.2736125
1187669713729384448 3576701.687472
1187470603541893120 6944885.7132225
1186662234866384901 2557067.1118845
1185872091632951298 4537846.7507715
1185583317904547842 1730201.386752
1185582742349611013 8565695.559369
1184956505281318912 1443726.0465885
1183755399813447681 6002847.5073165
1183710215323021313 2865773.567547
1183400602467831809 6766144.1440575
1183023879171690498 8543294.416218
1182506960802865152 1814131.2864705
1182041908685594625 3066852.5194935
1181849747675463681 2806093.861695
1181471224989270016 2017696.8928275
1181470704778145792 4167292.736694
1181470593855582208 563832.9474885
1181469979142586368 646317.612165
1181469668948627458 524492.799507
1181469512744361990 490359.748368
1181469324319477761 573226.9752615
1181468849868161026 532526.606064
1181468593705218048 602216.6899275
1181467921689661442 492463.8405615
1181467278568673280 555267.804519
1181466859142443008 551272.154697
1181466766771286021 656519.271285
1181466222161874944 1222477.5644235
1181465977214472192 3448925.906994
1181465903629602816 469403.840259
1181465797111074816 447002.697108
1181465492256522240 549168.0625035
1181465263478202368 675923.6770695
1181464824217133057 455036.503665
1181464710475943936 500816.448966
1181464529634332672 587573.058399
1181464227795611653 458011.987575
1181463553921798144 452018.512842
1181463185745838080 417056.5768995
1181462935920447489 649569.3910095
1181462637449641984 2572688.402412
1181462265184190470 502686.753138
1181461936140996608 492060.024888
1181461817224130560 345092.3731905
1181461605495689216 632162.810136
1181461122148265984 2555154.3007995
1181460986126983169 388364.4106245
1181460721311174657 355145.258115
1181460561189429248 1902864.467358
1181460332620861440 393847.8024015
1181459975660376065 410616.77958
1181459889714917376 431912.742993
1181459792545452032 337143.5804595
1181459579403563009 430786.3097985
1181459446347620353 815240.084427
1181459162418405376 449021.7754755
1181459045770653701 336144.668004
1181458849963757568 551102.127045
1181458540143079424 416950.309617
1181458226526576640 347791.562166
1181457727874166785 353232.44703
1181457653353959425 540156.5969475
1181457466413862912 462560.227266
1181457350168678400 861253.8177495
1181457220812148736 333658.0135935
1181457109205995523 337186.0873725
1181456928158830593 423942.6968055
1181456626227630082 523940.209638
1181456228649590784 2751238.6904685
1180916658677764096 1604104.6293375
1180916153603936256 1224666.670443
1180170571478208512 1828158.5677605
1179002243665649664 1302433.0677765
1178623452271398913 2170679.2727145
1178490152370368512 5781450.250956
1172176731328802816 6899828.3854425
1172032080810663938 1879209.3702735
1170767772260847616 2181837.337377
1170751357181222914 3344316.394101
1170495714985512960 4565986.3271775
1170206910978506752 12290810.1335805
1165980762132418561 3298175.1400395
1165922060855496705 3241024.595511
1165623521231327232 4045085.361819
1165218731301036033 1876276.3932765
1164481705509396480 4896243.787731
1163750789929558016 2272610.8500885
1160865777966125057 6331149.649872
1159676587559796736 5697350.3235855
1158436682099638272 2110298.202798
1158389175227338753 4270457.014545
1155385569116954624 2160052.5444645
1155055787376386049 2173080.913299
1155055619587444738 1600342.767537
1153264724269654017 3657677.356737
1153247549219692544 6069158.2915965
1152896277941612546 3754083.035421
1152864767771459587 2089363.5481455
1152111928153530368 1730668.962795
1150162654981263360 1639916.70354
1149962313409024002 3703499.808951
1149273502345654273 2513518.779516
1149177593347751936 5312981.562783
1147401687973289985 2300389.117734
1144914606395219968 4585071.9311145
1144904179095179264 1339010.266413
1144655398957248512 5361014.374473
1144651259493810176 5469194.468058
1144500154126331905 2486420.6224785
1143540169464635394 8150169.2313375
1140569582303764480 4051673.933334
1140128728065822721 3427906.2385155
1140114135792775170 3970039.4069175
1136263323521916929 8360195.8884705
1135635134156165120 4800199.4178075
1135588173587738624 4379954.822433
1135315274708602880 3264849.7202475
1134537376724688896 1612691.0257635
1131934183394123777 2843436.1847655
1131932496386375680 7450101.627684
1130421379147358210 2451501.193449
1130420186421456896 1499452.6095315
1129247675562414082 4670617.093527
1128418780843921413 3683330.2787325
1125347817239629825 2214376.3792785
1124959285249634305 4371219.6518115
1124378740371288064 3332244.430809
1124265750816890880 1700977.8840645
1122833451806105600 5597437.824579
1122097683374559234 5562348.3678975
1122033743714082818 4221340.2765735
1121668796203196419 2861225.327856
1121038890863865856 4307034.2131815
1120623740948185089 2382788.7685845
1120274128852934656 1128409.7659545
1120250790508224512 4102448.4409125
1120246181664296961 3728302.5926865
1120239018342588416 1493799.1901025
1119357973606928386 2857527.226425
1118733742317756417 3002667.0808635
1118382050896175104 2534942.263668
1117723039108435968 2601083.020296
1117012328359301122 2099246.405418
1116766048957501441 3296071.047846
1116639303818457088 1166474.706546
1116636288675917824 2646607.924119
1115898740374671366 2922052.720359
1115699678182379520 2017824.4135665
1115698597817769984 3667794.002031
1115694596548202496 2662144.2008205
1115296554183737346 1728416.096406
1115160620016574464 2027345.9620785
1114945404729221121 2969554.1956365
1114239013169324034 5098852.9885455
1114232156090445825 4146443.0958675
1113867726811009024 4177834.451118
1112847262626013184 5669317.014462
1112258157181632512 1775088.68688
1111223752870768641 3538105.410468
1111016428063416321 2936058.7481925
1111007491079524354 1779913.2215055
1110869326716956672 3443825.077434
1109886755686285312 1680447.0450855
1109153148650823680 1711115.782815
1109034740512899072 4597165.147863
1109014516707311616 1376140.0549185
1108709732217438208 4520886.4924845
1108384843329466369 1845862.697025
1108291193190916096 1559387.3568615
1107550412549300224 1694644.3540275
1107545907464192001 1227429.619788
1107533093886398465 1825990.7151975
1106460243607912448 2157417.1158585
1106177821699960833 4040409.601389
1106116675978567680 1342134.5245185
1105088316230299654 7615559.7865365
1105087640301461504 994661.7642
1105087334192680961 1306790.026359
1104328797032271873 1774132.2813375
1104279585108180992 1232509.1958915
1104265467294875650 2694045.639027
1104050879567708160 1083246.170892
1104047668005953537 1258374.652452
1103967550583595008 1404768.460824
1103257966260768769 1576390.1220615
1102483940798009344 1631925.403896
1101432190024540160 7114339.521897
1100244951483465729 2463275.60835
1100048660036022272 1610034.343701
1099890247071092736 1611075.7630695
1099311324163657730 3092122.879272
1096344135961763840 5325946.171248
1095605214655205376 3186743.26761
1095226689335029761 1632159.1919175
1095121102165196800 1392845.2717275
1094858368869646336 2271739.458372
1094844351199567878 3488988.6724965
1089170541406240769 5391810.6329415
1088361151786897408 1834598.36508
1086155472040849409 4830273.058755
1084419094835851264 7913554.500123
1078572854017511424 2808771.797214
1078346085985382401 1746481.534431
1077490627695296512 1953575.214567
1077105624394186752 1891345.093935
1076890735289352192 1748351.838603
1076778765898928128 2265363.421422
1076778247877283841 1288129.491552
1076768091470737408 2683610.1918855
1076242716969893889 3208974.383109
1076061435829075968 966500.9343375
1076060972559855616 903803.2376625
1076060645295116288 780745.7245275
1076059542042144768 816557.79873
1076059247463542786 713287.2535965
1076059178366656512 639282.7180635
1076058803701977088 787738.111716
1076058487887663106 712352.1015105
1076058175818878976 614841.2430885
1076058020386361344 600813.9617985
1076057718019026944 593927.8418925
1076057297665830913 648400.450902
1076057128719302656 634458.183438
1076048727226355712 2843988.7746345
1075763456295329794 2753937.879444
1075746791465910273 2096270.921508
1075676254920155136 1598217.421887
1075096574110375938 1804907.2863495
1075003587141472256 1895383.25067
1074990695516114945 836961.11697
1074989267376574465 2827304.811282
1074441382100680714 903824.491119
1074429046044397573 724402.811346
1074423958194270214 1411208.2581435
1074207437400494080 1261838.9658615
1074190256390459392 1764844.520847
1073906846224801792 1135763.4619035
1073873971991506945 2870003.0053905
1073814009982451713 1665505.865166
1073716864310804480 3388608.597447
1073662875858857984 2622336.476796
1073515099485294593 1441451.926743
1073498558911909888 2013106.1462235
1073114401874444288 1817723.120619
1072916214173892608 2962370.5273395
1072894556159516672 1661701.4964525
1072764404452769793 1832749.3143645
1072431772879781889 2434434.6678795
1072407048351027202 2391800.2341405
1072017988537278465 2339537.984607
1071418548797534210 1553223.8544765
1071405146100387841 1357011.9440685
1071130053331828741 2655534.375849
1071049273477918723 2816316.7742715
1070987830749474816 984630.132732
1070971298862501888 2421788.861262
1070968652420313088 868501.246416
1070967657896271872 784868.8950885
1070963582312030208 1291551.2980485
1070757039167676416 2770876.8842745
1070753607572750337 1098612.4199415
1070752619197534214 2610328.2738735
1070330512408043526 1716365.3865705
1069881238733942784 2782948.8475665
1069852254180663296 2396539.75494
1069452703053619203 1449081.9176265
1068931870946222085 2537428.9180785
1068822493698375681 2240475.6238605
1068630547419856897 2568288.9369165
1068564210106474496 1216781.6380815
1068043045197754368 1485744.130089
1067479891845808129 2881267.3373355
1067318093335154688 1803270.770199
1066610720786300928 1437732.5718555
1066601989172330496 1628461.0904865
1066346142613549057 1178334.135273
1066300579977326593 1180523.2412925
1065857278459486210 1422600.1108275
1065854227925352449 2058949.851894
1065568326540156928 2880310.931793
1064926680958083072 1661063.8927575
1064825769950629888 1180013.1583365
1064815735715844097 1496987.2085775
1064292689603190784 1642063.3026465
1064083466797629440 3094885.828617
1063842595774873602 5667382.9499205
1062985912676704261 1616792.942868
1062798060345061376 2950872.407373
1062704531115556864 2353926.5746575
1062293799156756486 2254757.9466285
1062226542988800010 2165875.9915455
1062017604318101505 3769640.565579
1060930581373034496 3510794.7188655
1060410645642952707 2045347.639734
1059842018040520716 902485.5233595
1059841148435488774 745337.4659985
1059840833686564864 807865.1350215
1059840462096424962 624277.7777745
1059840042368229376 752882.443056
1059839793578807296 676667.548047
1059838865471668229 552143.5464135
1059838656444317697 587743.086051
1059838247965204481 572929.4268705
1059837336937226241 774858.517077
1059836059675254789 821361.079899
1059835595856453632 726506.9035395
1059835275218694147 602322.95721
1059834982875783168 617136.6163905
1059834481023049729 1054277.7096825
1059833679067930630 831116.4164325
1059833347210387456 960486.206148
1059832943789645824 776431.272858
1059832656878362624 978445.3768905
1059832227574505472 951177.192201
1059831987685462018 852794.9420625
1059831501825761281 667741.096317
1059831104604176384 1673497.16481
1059828342843682819 1183711.2597675
1059828020008157185 1294399.2612195
1059827277662470144 791159.9182125
1059826950531936257 1172361.9139965
1059826467285143552 1559876.186361
1059825842082189312 982100.9714085
1059825493556580352 1767692.484018
1059824730088394753 1234485.767346
1059543286493388806 1987644.5053365
1059542723185774593 1138972.733835
1059401699763388416 1589312.2236135
1059384906973757440 2130531.493386
1059125736630640641 3350373.6292035
1058889987683508226 3113546.363424
1058689021155704832 1987623.25188
1058688333184950273 879106.7212095
1058686555341144064 600431.3995815
1058686429113540608 574140.873891
