1507085038940262408 4040691.931809
1506730193712467970 7202395.564581
1506718741459091464 3280619.009202
1506662262123253771 2371212.025476
1506662260588089357 1525138.977042
1506662257891201034 10028968.07295
1504185850631970833 1911778.198197
1504178338423844872 3014143.447434
1504178336582586371 2198357.685483
1504178334476943362 3512142.648174
1503092299173089288 92689345.698048
1502061143963185202 4413468.642231
1502061142289616898 4637436.884358
1502061139877941250 5254285.762425
1502061138057605138 3026494.878798
1502061135725568003 17816808.344364
1499505056126808068 16294757.225163
1498342513186422796 3018348.190026
1497572176614109188 12026155.105047
1497243705165684744 3218139.162249
1497243703366275081 3037532.328102
1497243701483032576 15690916.76949
1496947181214916614 57022813.758717
1496617242406096898 2697473.770974
1496241395174150144 1020898.361517
1496241393018327044 984435.359352
1496241389104939008 447345.192327
1496241385120407553 460813.508442
1496241382146646028 3093310.866549
1495775428421824512 11963872.355403
1494394668506824712 1582165.798446
1494394666606903300 1717374.55242
1494394664358752260 696541.890006
1494394661326176264 6210404.808384
1493653951752900611 1766254.685052
1493284067898544131 38647563.038853
1491925070163365896 9193603.978305
1491774011000475648 2054870.844531
1491774008693608460 2732294.295564
1491774004411129863 18011737.582965
1489298145955700741 1617052.022139
1489298144626151432 22587351.6114
1488905269434363908 2358006.505773
1488165435744960514 5651765.335575
1487470802824011780 1592020.663896
1487470798185152518 9799349.707965
1487176180524531722 2820396.792687
1487131150321598469 2654572.256715
1486730904970006542 22137509.853159
1486452033926406151 4526011.20567
1484280257800773636 1997055.633891
1484280256404103169 1621125.366525
1484280253098995712 1056113.080725
1484280251257696265 1203213.372342
1484280247650557956 11230604.66682
1484222198600634380 2282386.83822
1483862020739014656 3157958.783901
1483560345218207754 1853568.792939
1483122103708798978 138685747.602069
1483080590631096322 12144479.18955
1482042628393041921 969653.061177
1482042626299805700 2908827.785325
1481710791481077764 13298221.137333
1481417826753728518 5852278.997931
1481417823104688131 4990306.766571
1481417820692955136 11402933.413989
1480592016685903888 1408654.467423
1480591880215793675 6444425.01327
1479945848071106570 5475626.040432
1479512077878366209 28465056.162192
1479090410211393543 35884718.660394
1477301228405198854 69009615.101067
1476946708022112259 6245619.527592
1476009363689123849 29378996.384025
1475527416231739393 9996184.220553
1475101314149494788 5795252.176527
1475101312127840264 31252603.403379
1474749380678803459 47705366.971257
1473745362112372744 12173386.79487
1473012930241302539 1799629.829376
1472258324695552005 2484674.376357
1471906370454753288 1519357.455978
1471865356557893639 13285212.714939
1471549865247260677 6868447.024032
1471168498768519169 2243230.172832
1471168495312420877 12217076.698365
1471148313835618309 3474497.062155
1470868859704029189 8064170.698632
1470868857221009414 31071668.073717
1470770564860162055 2470417.671006
1469020221931409411 2824141.641558
1468955080082690056 7564463.321214
1468249298710286342 13689196.499286
1467576072401309708 14499332.138379
1467245114338811905 11193616.071831
1466852810260164610 4789596.006906
1466808436939759616 4409723.79336
1466527628878389257 4194690.629241
1466150329309880325 8287153.454214
1465817526315716609 8518939.889598
1465689642146185219 2279693.174997
1465010274029785092 12241845.260196
1464644791816400899 2823353.252322
1463881629861097483 28391801.662347
1462118955930247174 47149092.666156
1461379395512381445 3092850.972828
1461016629119225867 4432521.382101
1460676660769001475 2817440.333052
1460650387107688450 1503721.069464
1459940709088350208 3622911.335832
1458800452393439239 1594780.026222
1458800450283659272 14584281.078558
1458601125960163332 3570089.25702
1458519999308500997 5542901.921904
1458457339535761414 1676378.312148
1458212068646133771 1494588.894147
1458212067899584515 1302090.522357
1458212066179887107 408385.624248
1458212064904744961 5159087.762178
1457713555361476611 4552553.643282
1456350991419326466 4679615.708484
1455535546395156483 1458979.980321
1455535543207530496 8380249.083165
1454115859534950406 4252702.93719
1453757017148043272 8365992.377814
1453413921822580747 3504127.357608
1452687910055002115 4383509.851263
1452435380238622721 4382787.16113
1452052888268808195 12114389.000376
1451896893743767555 3910410.61056
1451260787373350914 3110721.128844
1450861885889388546 10115296.694292
1450854359630295040 1213199.635998
1450148473295228929 19421706.032448
1449869175711838213 8774443.701165
1448371831698767877 5143976.968488
1447000963672428545 7297987.759446
1446868274671755271 11122595.341488
1446211368554795010 2126220.070389
1446211362103889924 4140028.975545
1445464097752035330 3643869.349689
1445464092555112448 2787218.745672
1445464090432868355 1984835.600733
1445464088335708160 6424846.680576
1445434311692505089 4791829.776408
1444739482050301953 77281986.257106
1444045206916063234 39553553.669223
1442983205502586882 23782089.799455
1442918092892299264 3535137.334224
1442912660522106882 6889536.436095
1442647737087012868 5556567.335328
1441417526890536967 5880332.514912
1441107723941081088 9744950.850681
1440069585865039874 1942853.873916
1440069580437671952 9688515.321204
1438541175607242766 31651528.356795
1437878127011696641 15190946.59566
1437808539016343558 3463131.117336
1436655211846721537 40648429.220718
1436111878045028353 2894505.380871
1435736097535954944 46229305.224156
1435657058536337418 6336284.289732
1435262267013181440 2616598.175181
1434894261112164352 2946407.672241
1434894258780114956 19057273.108107
1432822074117079040 5621872.24371
1431244052742213641 7933232.386353
1431244029749047296 6996888.770397
1431244020978753546 3583426.174929
1431244018248257537 29401399.778148
1430565712330952705 8402783.875494
1430187128017805316 10112208.836451
1427639234576490506 9504360.735495
1426589810131718148 8512567.076607
1425812142176018436 4818766.408638
1423690346416967685 5667401.722089
1423690344798035972 14456364.925017
1423361943100854272 6464134.74417
1420135139347034112 5130311.555064
1419758772445057031 8567097.332097
1419451561051189248 9769653.713409
1418715270961500163 13641761.74692
1418244880246075392 4624297.063758
1416802924424957955 4762133.781852
1416480269800939521 4652087.784327
1416480267024306184 11007424.813929
1416414493756727300 33415023.679521
1415692657003667457 5171767.689057
1413848757083545601 41314946.620653
1413576041482932225 19919376.737673
1413494731997392899 13270299.018558
1413287052666363909 3288568.600665
1412864203258540033 2422260.228507
1412075067903811588 5533835.44569
1412075066070810625 8253515.513478
1411671471366234114 76772029.81962
1409935053711458304 5442382.294314
1408833192543637506 3846945.277062
1408818108224131074 19835478.983142
1408485199189512196 2706343.149879
1407700032061689856 3847799.365401
1407444434157977601 6049310.607828
1406628503488024581 8419142.952141
1406265927444963349 14999302.312209
1405874188406210560 2453927.196153
1405578420155731976 3492695.713686
1405578419237163008 3932222.712756
1405578417865691139 3162492.022008
1405578416095731712 43619079.861966
1404885369146036230 9287882.19111
1403018040934027266 60890388.554121
1401226146973470722 21314562.888981
1400845069217828872 8470125.456069
1400484971760996354 4425228.781668
1400172449816317953 5378325.668889
1400140945975386113 5460449.547639
1399878518960529412 6826728.093627
1399787983209996289 5629493.339658
1399412024396894211 15754841.996709
1399350457001250819 27955099.724706
1398345940315086854 30337677.695001
1397637033942831104 1899229.669524
1397576193365401604 1744968.17568
1397576191981330442 4446778.087452
1397205852524777479 8936523.388266
1397205848699674630 7820492.725605
1397205846778654720 38761091.088837
1396920200663011329 2352619.179327
1396877914545786882 4572329.073285
1395835463248842761 3624093.919686
1394336949939445760 6354548.640366
1393290129788350468 10493395.032057
1392547819425345538 19237222.951224
1391786558748045312 5141808.898089
1391415644252512267 55321404.088326
1391106043900579842 63312714.481731
1391106033922318340 46107170.591679
1391106025269440516 186604111.065252
1390376149809864704 2848253.212359
1390325192585453568 23325021.139884
1388116011367424000 2243624.36745
1388115964202557441 6550791.861027
1387908687830949894 3112560.703728
1387897264711012357 19767151.916022
1386801123076489224 3283246.973322
1386757369540055040 17358885.596454
1385987279177531405 11851329.791964
1385250797949181955 4256382.086958
1384626851511951360 86916102.721026
1384532417353064450 5055414.577644
1384507401827725313 5458281.47724
1384328303239106568 14099224.601109
1383926520377270276 9074688.601875
1382405939697958912 17028222.011055
1382340372119105537 11055713.654634
1381978746157203456 4026566.624664
1381978744257122311 29079999.766272
1380555008593305606 55530327.235866
1379510006207381505 9470065.803729
1379177193453019142 7840071.058299
1379090503132663821 1489661.461422
1379090502058934272 6907603.68942
1378716884732936202 68103033.17877
1378331478380142593 73963130.369958
1376984440048660485 3352033.934163
1376913644873736199 13026752.443737
1376528504490196993 153233368.581153
1375462571436834818 6435687.032571
1374847649195700231 22902313.111182
1374421101694963726 2286328.7844
1374421099933397004 2184560.873853
1374421098696085511 535447.68945
1374421097655848960 513635.587254
1374421094749278215 554106.234702
1374421092236857359 7781467.458423
1374393037619523597 37566681.396297
1374046983736987655 2589070.251024
1374022255739551744 10407329.207127
1372995534240235520 4262623.501743
1372956311294513160 16292326.358352
1372533275709820936 9316527.000018
1372191748554952714 9148731.490956
1372191747464396802 12409509.371052
1372191746583629827 45825058.643397
1371568939042537473 4377005.640066
1371525378645266435 3560365.789776
1371491529127292930 6599343.498144
1370472369102422028 7550535.111378
1370011662275723267 20824381.881498
1368995096444735489 10203070.6959
1368592779446804481 12237903.314016
1368287782272196614 13630198.704792
1368287777100599309 12603124.627593
1368287775468949513 46527053.558952
1367882853451759616 15171302.563863
1367580795360133124 2113014.550686
1367580793648926726 4371881.110032
1366878648544993281 18745990.758093
1366781626244599809 11925175.583736
1366418315787329542 12601679.247327
1365727953036967939 2555169.513876
1365727951250206732 16499081.435493
1365417898408374274 5989458.724995
1365019501557858314 3731906.147709
1364659101658198024 3736899.279537
1364598346128781317 6242531.669751
1364391500864499715 47618709.8544
1363905910389805060 23230808.626182
1363665518453006336 36022095.484767
1362870605029212163 10516192.620798
1362535835682357254 17086300.018107
1362477653824004097 4168476.687144
1362148679772237825 15702742.60803
1361423349495328773 16034851.573695
1360952254627520512 202334644.393851
1360288086899515393 12710739.758307
1359177932699291650 16070066.292903
1357743471885484032 12455235.94674
1357064085754511361 36005605.009914
1356598745241161728 12318778.909809
1355908844615061508 60881913.369834
1355003969911857153 72808074.440115
1354554094673920002 9037305.812268
1354074402435059712 8634833.10729
1352692708448595968 49982037.987516
1352388858227384322 35445585.855942
1352092714599391233 97714341.591003
1351995663475728386 148925806.892958
1351903613237547010 669421563.084012
1351175958229880843 9169163.911989
1351175956992548870 108631298.740101
1350805241038561282 423573351.587613
1347608259822297088 20894351.426193
1347608258350116865 18257977.821009
1347608257049800707 48246136.28805
1346983894298595330 250129033.649673
1346883245447778306 47922568.205775
1346586029831106562 77299002.324783
1346581360010473472 17642837.11962
1346577729957855232 7903536.391797
1346472921166794752 2610750.955014
1346472919354937345 18104241.919989
1346147427426959362 4534420.690854
1346147425858289665 7153581.131052
1346147424839065604 65462914.724715
1345430228684791808 23300055.480744
1345073746441351169 6035710.893507
1345073745623453697 76503911.780277
1343998209157443585 12159852.779652
1343967560048521219 3403607.730018
1342259178711216128 39275449.366224
1341451483993260034 8232688.897827
1341149075492794374 54284475.145677
1340386687898312706 78555826.165173
1339933912928235522 33136787.978316
1339707405932896256 4370698.526178
1339631669104570370 24997391.806749
1339265635415633921 6835334.67612
1338612721600884736 7584961.44135
1338592362499616771 6680613.288555
1338213954250809345 8945064.271656
1337509978454810626 4981240.290357
1337140440169123846 30869380.53558
1336679633769680898 7308631.014132
1336370071917240321 6404217.162234
1335954913344565258 9930353.719347
1334935534809083904 4208093.246253
1334928550227550209 6892164.400215
1334614947335180289 3824541.882939
1334614943379968003 8890402.61796
1333833279775141888 6180051.822798
1331681995857022987 66108868.305411
1330953347558494213 19078822.413891
1329831998400114690 18815303.311758
1329447407105486849 14386198.283013
1328684558166986755 53285454.585459
1328458351869644806 84332354.097345
1326993403268259840 39290034.56709
1326555766866780161 83851962.256209
1325136780396437507 369289007.840142
1323781320678531077 17556311.400969
1323777143566934020 31819586.662269
1323770228191465472 17516103.549933
1323770226555703296 22737539.760858
1323726205993033728 52025937.081846
1323703138529009669 61252784.806269
1323687618526269442 62587527.782817
1323626668842459136 25781247.804642
1323455502874005505 54689444.416569
1323394517941321730 18535096.637463
1323384479533142018 12218916.273249
1323373267219001344 29495086.699026
1323341181292552194 9866428.492128
1323324599891877895 13134104.778039
1323309305232269313 12392690.400684
1322981436085993473 26244097.985277
1322679224692604928 283769668.048896
1322646949707812868 10057744.280064
1322621879857852416 50076513.29763
1322598253741920256 12466470.493353
1322561848567386113 33623355.535134
1322342828782084097 11785105.09614
1322282938432737286 2987206.815204
1322282936629137409 5566553.598984
1322267580028125184 55765201.529091
1321912311985197058 32302277.97201
1321844387727421440 7563740.631081
1321512358913679366 6392128.527282
1321504536780017665 25890702.51024
1321497617721888768 11760270.835206
1321119885443977217 19968585.36582
1321107610272227329 19401733.505136
1320841468530012160 29585817.160269
1320698630014193664 30511517.521539
1320477828626948096 27209743.401171
1320474054206345217 14969672.016756
1320470492889911298 45250191.492147
1320440566723825665 47427985.358391
1320364787952504833 21673936.982391
1320083491904696326 20631883.509708
1319781191420203010 26805102.625794
1319703107232780293 10986072.605454
1319663574562803714 32278363.498518
1319247226015809537 8182757.579547
1319247155828228096 54862627.252077
1319079038992994304 105100628.944881
1319032761269784579 21966363.689844
1318933183040282626 74156220.033675
1318741571588788224 7990127.809551
1318741515649372166 39886451.024124
1318265822310240256 6255277.295733
1318222954300383233 11399254.264221
1317194069848752131 14731709.86569
1317143964772859910 9707568.061074
1316846446197563393 81546317.935527
1316755813436923907 2642680.719072
1316755811918643200 3183055.841247
1316755810500915201 1839509.184897
1316755809490087936 2541569.799555
1316755808047296512 18386748.062889
1316539711956152323 17049837.015942
1316477752174874624 10854411.603042
1316431645050908675 2385862.925445
1316431644035895296 16657153.477311
1316038685951954950 15457027.96281
1315735779554013185 13726907.784408
1315735710918422531 93670758.898662
1315474535433502720 78183575.047575
1314686895192969217 3908308.239264
1314586348330811392 7019949.15555
1314317282718494721 4059547.57437
1314317281560756227 18164882.192058
1314271994054152192 10139473.964196
1314234272312635393 4960347.975603
1314234271217979392 9064111.046292
1314234187164143624 42259305.527175
1313901931903942656 37840712.35491
1313856721497083905 75157671.460704
1313528659270041603 54765852.473358
1313211169394614276 14771852.017623
1313101777533898753 18428992.586118
1312166609616687105 86270543.334948
1312166607821529089 118499106.913392
1311780749109010447 20101626.049395
1311742965308633088 9239987.545023
1311518463538716673 24398281.686492
1311400185793216514 66542613.783417
1309479802978676739 39683900.689575
1309185985796886528 35589269.794203
1308769164190941187 71003845.673529
1308390673939410944 34393743.216912
1307165496484208640 114177617.015361
1307031800909385733 12552996.212004
1306535933475532803 81208558.847004
1306246499882369026 48687437.162901
1304442086289297408 27984664.321056
1303859640980172800 165003494.281809
1303302067847663617 39544027.299288
1303015313320050688 79129839.228084
1302275331592785923 192272695.371195
1301622917965459462 21062606.828976
1301528019702632448 2988783.593676
1301528018687528960 7862802.947937
1301188208554844161 7342663.149486
1301188137855655938 27329578.565043
1300826832078594048 14044431.549207
1299718379440398337 209563713.79425
1299384486241730568 11534003.124474
1299384266678304769 66532956.015276
1298786988833857537 81949644.728844
1297893025901944835 9748301.504934
1297893024563900416 9645022.515018
1297893023276249093 14642556.182919
1296824463816888320 24253546.562583
1296650388100255745 30862679.227074
1296494925719248897 24784723.810338
1296288887011246080 54463833.696867
1295917438249381889 120741877.192503
1295843193435676685 7770955.601943
1295782636019949577 44697136.443093
1295561597272961024 57489868.681944
1295484711566024705 62846645.045049
1294284826502103047 59762006.460096
1294284825625604100 22378625.561169
1294284824325300225 187977419.415261
1293295296819220481 134510832.402831
1291440263404167177 19984944.442467
1291374997332795393 10781879.79333
1291374652762329093 9237950.87283
1291374426592870402 6447907.065729
1291374288109527040 7210936.447971
1291374155355561984 53925166.75137
1290301921673134082 24301835.403288
1290007021446737920 39438908.734488
1289606838850396160 16644342.152226
1288939275334057984 68055926.921919
1288836772718432258 35687884.147806
1288448067616813056 57946805.943309
1288149277861195787 55532166.81075
1287417455447552002 65306879.35509
1287372117370183687 14496047.183229
1286729522956689410 20347143.597306
1286300267642851329 34633347.845553
1285937660536782848 79259397.8592
1285594646698172418 23020702.894788
1284358592083169280 130937326.792455
1284140415965429766 17682453.678729
1283410552853757954 7821741.008562
1283410551532597254 21451217.023221
1282745078163939330 7554608.455764
1282745076909735937 32732738.494866
1281290986522644483 7447256.121462
1281290985012682752 6888945.144168
1281290983519518720 1519094.659566
1281290982198255620 1920253.382484
1281290980264751111 13996996.796841
1280909148855635969 12377513.907891
1279423478542852098 55239543.005988
1279082492193050625 71746048.44012
1277602792715300864 61038802.827798
1276529890867793920 18444366.17622
1276240519182647297 23809552.024509
1275103999474229249 35187125.58474
1274021940760641536 99691424.697582
1273637698012614664 47184898.677291
1273637590013480961 145437513.019173
1272914550917038081 7975082.714964
1272914549415477248 21423229.205343
1272696969899708417 184156162.487472
1271147934608953345 10932659.234715
1271147933178748933 10165885.003602
1271147930460831751 3020187.76491
1271147928841785344 42292286.476881
1270735032815095815 44484337.048476
1269772382509596677 50161133.742294
1269065755179524096 32112341.865237
1268940899616243715 72199175.153511
1268682939799425024 8460533.387031
1268682938251710464 10679323.493547
1268682936968241157 7630096.725111
1268682936221609994 63619923.487359
1268529169702543360 23473369.714458
1268196828140503042 15664242.933672
1268196826374647808 15324907.066677
1268196824575291393 43082252.491353
1267606608953192449 187741953.830109
1267534342869442561 49326163.842267
1267534341678170112 60509005.261206
1267534340503846912 49290883.423956
1267534339455287296 27143255.908935
1267534338469568512 39880472.405751
1267534337442033668 28745065.739178
1267534336410124296 29642186.990643
1267534335340666895 35684730.590862
1267534334136856577 28232941.231293
1267534333067382784 227135661.581733
1267459874788646912 289739154.246579
1266400635429310466 558258877.905321
1265659084524728321 35851015.020555
1264926971890409472 40668861.641751
1264314146717384712 6132091.477608
1264314145899503616 7895324.003922
1264314143869460484 21160761.288858
1264255694729084930 20475059.750847
1263221534094774272 13419501.681471
1261823767044476928 163027659.458187
1261775362960363521 45657197.435232
1261687858601103367 41609015.805681
1261004586359422979 494244497.00355
1260955716644470784 48505187.851179
1260707691900612615 61053585.125973
1259952980503248896 29247860.974437
1259499248598626305 157101600.367587
1258036483090505729 19390236.162111
1257687918388424707 59377272.512928
1256288574313553922 18068698.705266
1254823167937445890 28276893.9312
1254150519964217347 64782140.619429
1253836363507609606 24338232.70635
1253789288745091077 69259140.294261
1253046061091950593 51196288.809162
1252983624850341888 25485601.841142
1252281285923479553 71383914.984384
1251237051518902279 12110972.64702
1251159923955609608 8311790.617839
1250464854114213889 37896753.689769
1250091976487317507 27045889.838289
1250088269502709762 189313804.869384
1249759749102546946 30162589.585506
1249722411781668865 49365649.00317
1249346924102275072 124101072.328893
1248719432563732482 16252118.507316
1248719429904429056 15134576.765286
1248719426352005120 52413627.488649
1248609184767078405 55732746.172209
1248355116773769216 38301000.270528
1247997223360704512 59850240.355425
1247890918440448003 57527317.170654
1247595056875425794 20210949.356787
1247555328365023238 155262485.377308
1247296532623261697 19549687.885092
1247233987304660993 52970361.687471
1245362232931880960 38706823.629759
1245007713387544576 109069183.261596
1244671710198104064 43852574.474028
1243990301175353345 6283922.104641
1243990300009402368 8218432.192476
1243990296385466368 31527488.450331
1243594515677622274 77233566.018195
1242964623504158720 12604438.609653
1242964620870070272 69812720.936139
1242816471572545536 42612832.400418
1242493913337913345 60303301.369713
1242114805588267008 40995320.484558
1242099236231053314 96151294.23153
1241354902875619329 24647412.685068
1241354900677832709 10445434.686867
1241354898299633664 8181706.393899
1241354895829106688 59262496.179987
1240660590600892417 5999050.794033
1240660587677450244 10740752.154852
1240660584800161793 2740375.285233
1240660582090657799 1976754.611064
1240660579200700419 21145978.990683
1240291304573227009 13017554.569317
1240291302811500549 31557250.14399
1239957076211834881 135218543.140347
1239267459028353024 53790483.59022
1239267360739074048 123686051.095242
1238830014432522240 79437245.331021
1238238576141352966 177442896.744726
1237480895466127361 26258420.389731
1236310244508254208 58066312.611666
1235246706817630208 169999516.870341
1234955335305175041 73026064.063869
1233418854686216192 6637383.278781
1233418687308234754 18686467.370775
1232061971148746754 92381282.604081
1230878481543725056 76177847.132088
1229931522758774787 4997533.667901
1229931441624145920 23071356.903201
1229432034650722304 213783698.578146
1228373460616962048 165359649.119172
1227978620926296064 28265987.880102
1227337897692495873 64155371.176809
1227293592860987392 64752378.92577
1226696870292008960 44511470.778015
1223706755693187078 81593095.696863
1221552460768202756 1000636495.355388
1219267208250941440 70739275.385748
1218174463046553600 686115573.758106
1216725015695183872 29653750.032771
1216428587328458754 38584229.103561
1215378018790707205 9869779.146381
1215377738858663937 56218722.4371
1212883749727158273 19356006.929448
1212422416716247040 255467479.963041
1211694118767738886 121859747.430048
1211445110694645760 54021875.830986
1211331851358494720 60162442.492881
1211033245812441091 73744680.852483
1209624889717596161 225389773.618611
1209214676376141824 49559067.162402
1207751083298344961 28309809.181803
1205880457545560066 17162051.083866
1205551025966456832 10315284.763824
1205328819185307648 7586341.122513
1204448901291487233 31670252.60115
1204357605394702336 14257230.943824
1204103826338394118 11665532.72868
1200024984355250176 92589811.557003
1199754566130114567 40745532.494952
1198664487089430529 8823849.426621
1198663630117572609 24945423.816276
1197909838061359104 10214370.941616
1196498074660724736 12726967.436748
1193899910116052997 10627881.095898
1193899774182858752 34050005.510016
1192844105631649792 20917280.41314
1192147846214160384 73654344.585858
1190630834736443393 18276439.268952
1190281354321317889 26232337.84584
1189903829589999618 41120805.771288
1188924481458331648 12291710.879373
1185207212085567488 14594135.944008
1184852494922453001 13511283.328362
1184528998669389824 87576707.201691
1184111029787222021 14464314.51648
1183492717017554944 69085628.963238
1182655118057103360 13767641.228268
1182018186146979840 16310130.815265
1181568448004050951 21797057.101413
1179760725973184513 441313160.583261
1176527551684141056 19733185.479771
1175147135303585798 62926797.950709
1174056583610949632 89295132.939759
1172210852415643650 4527522.285039
1172210761583812616 5817786.968856
1172210649654616067 14258282.129472
1171760194898059266 48154486.039365
1171090934257397760 10714669.610961
1169326512706936833 32153732.300127
1166808878807470086 17765037.4512
1166068183289253889 6357767.896413
1165286625208950784 186055852.050717
1164192919047299072 34892333.709579
1158764847800213507 87902311.956159
1158453251337007106 45569029.239006
1158453079035002881 314629259.418129
1157016227681918981 38245221.732081
1156618530814603266 9121137.867696
1155543273005600768 16963574.093703
1155176452112994306 50562489.562521
1153772529271615488 6355402.728705
1153772394332512256 17729428.537374
1152589017583685632 30163640.771154
1151920811093237760 39420184.490133
1151621137979383808 35108352.360243
1149008015716233216 15064147.32687
1148940273411661824 124622788.905816
1147918213952360448 112032672.700617
1146756584246263808 130758296.73678
1146460662832541697 19841391.902412
1146180070467391489 41155691.994981
1146140164122697735 8338267.356348
1145724532700983296 15584418.523527
1144650730256683009 44908950.351165
1144336622814674951 15615756.995658
1142133432698454018 20219555.93928
1141390520956194816 39423075.250665
1141390367352401920 72898673.503152
1141047405560942592 12755086.652832
1140320216041316352 56336126.734161
1140254463183249409 20161872.126846
1138479890389458945 24727696.988934
1138111627063169025 48313280.771316
1137003102576488450 46437045.787842
1135961119066079234 136833886.985808
1135652276515823617 17704265.780925
1134190885036535809 23519359.086558
1134116519066165249 9990534.097695
1133031835880099840 69728034.792372
1131562241478864896 28934739.049539
1130546280286117890 29888427.228687
1127597365978959872 159238266.595353
1126521793211248640 8244580.43547
1123691238803288066 28637647.705773
1123324075387052032 49329448.797417
1123238896882651137 13059404.897928
1122580319109091328 17163167.968617
1120795062668075009 12492290.240832
1120412132036706305 12706863.51123
1120411993905799171 10727349.53784
1120411854420041729 3806343.231408
1120411734316023809 6624374.856387
1120411621304750088 74535500.955294
1119993208149282818 118787985.869283
1119964696810070017 139178622.272775
1117886698568830976 153063733.497207
1117498965417656321 110776440.152154
1116840506506514433 22781492.460765
1116130925396602880 43084354.862649
1114517185483898880 9663943.856682
1114202323767701504 36343758.293055
1113884881807990789 21252542.935749
1113518349483421696 21999673.135065
1113065751748009984 15688682.999988
1110610860513349633 28932373.881831
1108756096733331456 15800568.572397
1108372768796626945 10231058.513778
1108372617562648576 23493605.038182
1107279541741998081 54986995.654056
1106544510555824128 159820426.347036
1106293084168601600 32961699.868821
1105541040575008768 54725316.126807
